Observation,Prediction
778.0,672.0
791.0,626.0
828.0,633.0
769.0,652.0
778.0,626.0
726.0,626.0
875.0,616.0
847.0,672.0
1013.0,652.0
1138.0,719.0
1245.0,769.0
1169.0,769.0
1318.0,769.0
1280.0,769.0
1355.0,769.0
1495.0,769.0
1328.0,769.0
1206.0,769.0
1216.0,769.0
1170.0,769.0
1186.0,769.0
1087.0,769.0
899.0,735.0
876.0,684.0
778.0,672.0
792.0,626.0
831.0,633.0
785.0,652.0
781.0,633.0
728.0,633.0
883.0,616.0
849.0,672.0
1021.0,652.0
1146.0,719.0
1252.0,769.0
1174.0,769.0
1336.0,769.0
1288.0,769.0
1362.0,769.0
1504.0,769.0
1331.0,769.0
1213.0,769.0
1232.0,769.0
1178.0,769.0
1192.0,769.0
1106.0,769.0
901.0,740.0
879.0,684.0
783.0,672.0
864.0,633.0
832.0,672.0
788.0,652.0
781.0,633.0
730.0,633.0
889.0,616.0
851.0,684.0
1023.0,652.0
1149.0,719.0
1258.0,769.0
1182.0,769.0
1347.0,769.0
1295.0,769.0
1368.0,769.0
1514.0,769.0
1332.0,769.0
1220.0,769.0
1232.0,769.0
1178.0,769.0
1195.0,769.0
1108.0,769.0
903.0,740.0
879.0,684.0
788.0,672.0
869.0,633.0
833.0,672.0
788.0,652.0
783.0,633.0
738.0,633.0
940.0,613.0
852.0,684.0
1031.0,652.0
1151.0,719.0
1261.0,769.0
1197.0,769.0
1355.0,769.0
1299.0,769.0
1374.0,769.0
1516.0,769.0
1333.0,769.0
1227.0,769.0
1232.0,769.0
1179.0,769.0
1197.0,769.0
1109.0,769.0
913.0,740.0
880.0,684.0
789.0,672.0
876.0,633.0
844.0,672.0
789.0,652.0
789.0,633.0
741.0,633.0
954.0,613.0
873.0,684.0
1039.0,672.0
1154.0,735.0
1266.0,769.0
1201.0,769.0
1364.0,769.0
1306.0,769.0
1381.0,769.0
1522.0,769.0
1345.0,769.0
1233.0,769.0
1237.0,769.0
1183.0,769.0
1202.0,769.0
1111.0,769.0
916.0,740.0
882.0,684.0
794.0,672.0
885.0,642.0
845.0,684.0
802.0,652.0
789.0,652.0
745.0,633.0
960.0,613.0
882.0,699.0
1051.0,672.0
1158.0,735.0
1274.0,769.0
1222.0,769.0
1372.0,769.0
1310.0,769.0
1390.0,769.0
1526.0,769.0
1349.0,769.0
1239.0,769.0
1240.0,769.0
1194.0,769.0
1205.0,769.0
1112.0,769.0
921.0,769.0
888.0,684.0
800.0,684.0
899.0,652.0
852.0,684.0
805.0,672.0
798.0,652.0
748.0,652.0
965.0,613.0
890.0,699.0
1056.0,684.0
1166.0,735.0
1283.0,769.0
1238.0,769.0
1397.0,769.0
1317.0,769.0
1399.0,769.0
1531.0,769.0
1366.0,769.0
1262.0,769.0
1249.0,769.0
1199.0,769.0
1216.0,769.0
1120.0,769.0
933.0,769.0
891.0,684.0
807.0,684.0
903.0,652.0
854.0,684.0
810.0,672.0
803.0,652.0
752.0,652.0
970.0,613.0
891.0,699.0
1060.0,684.0
1196.0,735.0
1289.0,769.0
1257.0,769.0
1403.0,769.0
1321.0,769.0
1401.0,769.0
1540.0,769.0
1379.0,769.0
1266.0,769.0
1259.0,769.0
1207.0,769.0
1230.0,769.0
1130.0,769.0
935.0,769.0
893.0,684.0
810.0,684.0
911.0,652.0
858.0,684.0
825.0,672.0
806.0,652.0
755.0,652.0
975.0,613.0
898.0,699.0
1068.0,684.0
1208.0,735.0
1293.0,769.0
1267.0,769.0
1419.0,769.0
1330.0,769.0
1408.0,769.0
1548.0,769.0
1391.0,769.0
1283.0,769.0
1265.0,769.0
1210.0,769.0
1233.0,769.0
1135.0,769.0
949.0,769.0
896.0,684.0
814.0,684.0
917.0,652.0
864.0,684.0
826.0,672.0
810.0,652.0
758.0,652.0
977.0,626.0
903.0,699.0
1072.0,684.0
1212.0,735.0
1295.0,769.0
1276.0,769.0
1453.0,769.0
1332.0,769.0
1415.0,769.0
1554.0,769.0
1400.0,769.0
1284.0,769.0
1266.0,769.0
1215.0,769.0
1234.0,769.0
1146.0,769.0
953.0,769.0
896.0,684.0
