Observation,Prediction
778.0,882.0
791.0,778.0
828.0,791.0
769.0,828.0
778.0,770.0
726.0,778.0
875.0,729.0
847.0,877.0
1013.0,848.0
1138.0,1017.0
1245.0,1140.0
1169.0,1248.0
1318.0,1172.0
1280.0,1320.0
1355.0,1284.0
1495.0,1358.0
1328.0,1498.0
1206.0,1330.0
1216.0,1207.0
1170.0,1218.0
1186.0,1170.0
1087.0,1186.0
899.0,1088.0
876.0,900.0
778.0,877.0
792.0,780.0
831.0,792.0
785.0,832.0
781.0,786.0
728.0,782.0
883.0,728.0
849.0,883.0
1021.0,850.0
1146.0,1022.0
1252.0,1146.0
1174.0,1253.0
1336.0,1176.0
1288.0,1337.0
1362.0,1289.0
1504.0,1363.0
1331.0,1505.0
1213.0,1332.0
1232.0,1213.0
1178.0,1232.0
1192.0,1178.0
1106.0,1192.0
901.0,1106.0
879.0,901.0
783.0,879.0
864.0,783.0
832.0,864.0
788.0,833.0
781.0,788.0
730.0,781.0
889.0,730.0
851.0,889.0
1023.0,851.0
1149.0,1023.0
1258.0,1149.0
1182.0,1258.0
1347.0,1182.0
1295.0,1347.0
1368.0,1295.0
1514.0,1368.0
1332.0,1514.0
1220.0,1332.0
1232.0,1220.0
1178.0,1232.0
1195.0,1178.0
1108.0,1195.0
903.0,1108.0
879.0,903.0
788.0,879.0
869.0,788.0
833.0,869.0
788.0,833.0
783.0,788.0
738.0,783.0
940.0,738.0
852.0,940.0
1031.0,852.0
1151.0,1031.0
1261.0,1151.0
1197.0,1261.0
1355.0,1197.0
1299.0,1355.0
1374.0,1299.0
1516.0,1374.0
1333.0,1516.0
1227.0,1333.0
1232.0,1227.0
1179.0,1232.0
1197.0,1179.0
1109.0,1197.0
913.0,1109.0
880.0,913.0
789.0,880.0
876.0,789.0
844.0,876.0
789.0,844.0
789.0,789.0
741.0,789.0
954.0,741.0
873.0,954.0
1039.0,873.0
1154.0,1039.0
1266.0,1154.0
1201.0,1266.0
1364.0,1201.0
1306.0,1364.0
1381.0,1306.0
1522.0,1381.0
1345.0,1523.0
1233.0,1345.0
1237.0,1233.0
1183.0,1237.0
1202.0,1184.0
1111.0,1203.0
916.0,1111.0
882.0,916.0
794.0,882.0
885.0,794.0
845.0,886.0
802.0,845.0
789.0,802.0
745.0,789.0
960.0,745.0
882.0,960.0
1051.0,882.0
1158.0,1051.0
1274.0,1158.0
1222.0,1275.0
1372.0,1223.0
1310.0,1373.0
1390.0,1311.0
1526.0,1390.0
1349.0,1526.0
1239.0,1349.0
1240.0,1240.0
1194.0,1241.0
1205.0,1194.0
1112.0,1205.0
921.0,1112.0
888.0,921.0
800.0,889.0
899.0,801.0
852.0,900.0
805.0,851.0
798.0,804.0
748.0,798.0
965.0,749.0
890.0,966.0
1056.0,890.0
1166.0,1057.0
1283.0,1166.0
1238.0,1290.0
1397.0,1238.0
1317.0,1398.0
1399.0,1317.0
1531.0,1399.0
1366.0,1531.0
1262.0,1368.0
1249.0,1258.0
1199.0,1244.0
1216.0,1198.0
1120.0,1216.0
933.0,1120.0
891.0,928.0
807.0,884.0
903.0,801.0
854.0,903.0
810.0,853.0
803.0,809.0
752.0,803.0
970.0,750.0
891.0,970.0
1060.0,891.0
1196.0,1060.0
1289.0,1204.0
1257.0,1289.0
1403.0,1257.0
1321.0,1403.0
1401.0,1321.0
1540.0,1401.0
1379.0,1543.0
1266.0,1379.0
1259.0,1265.0
1207.0,1259.0
1230.0,1207.0
1130.0,1230.0
935.0,1130.0
893.0,930.0
810.0,893.0
911.0,805.0
858.0,911.0
825.0,858.0
806.0,824.0
755.0,805.0
975.0,755.0
898.0,975.0
1068.0,898.0
1208.0,1068.0
1293.0,1214.0
1267.0,1300.0
1419.0,1272.0
1330.0,1430.0
1408.0,1330.0
1548.0,1409.0
1391.0,1554.0
1283.0,1393.0
1265.0,1278.0
1210.0,1261.0
1233.0,1210.0
1135.0,1233.0
949.0,1132.0
896.0,940.0
814.0,878.0
917.0,803.0
864.0,911.0
826.0,864.0
810.0,825.0
758.0,805.0
977.0,756.0
903.0,979.0
1072.0,906.0
1212.0,1079.0
1295.0,1217.0
1276.0,1302.0
1453.0,1281.0
1332.0,1461.0
1415.0,1343.0
1554.0,1417.0
1400.0,1562.0
1284.0,1408.0
1266.0,1280.0
1215.0,1258.0
1234.0,1212.0
1146.0,1230.0
953.0,1143.0
896.0,945.0
