Observation,Prediction
778.0,852.0
791.0,781.0
828.0,783.0
769.0,826.0
778.0,777.0
726.0,777.0
875.0,735.0
847.0,872.0
1013.0,872.0
1138.0,1006.0
1245.0,1142.0
1169.0,1258.0
1318.0,1181.0
1280.0,1292.0
1355.0,1281.0
1495.0,1341.0
1328.0,1475.0
1206.0,1338.0
1216.0,1191.0
1170.0,1190.0
1186.0,1154.0
1087.0,1174.0
899.0,1076.0
876.0,890.0
778.0,858.0
792.0,774.0
831.0,785.0
785.0,829.0
781.0,793.0
728.0,783.0
883.0,735.0
849.0,880.0
1021.0,875.0
1146.0,1009.0
1252.0,1152.0
1174.0,1265.0
1336.0,1183.0
1288.0,1319.0
1362.0,1291.0
1504.0,1347.0
1331.0,1484.0
1213.0,1342.0
1232.0,1197.0
1178.0,1206.0
1192.0,1163.0
1106.0,1174.0
901.0,1095.0
879.0,899.0
783.0,855.0
864.0,784.0
832.0,855.0
788.0,841.0
781.0,796.0
730.0,780.0
889.0,741.0
851.0,885.0
1023.0,867.0
1149.0,1012.0
1258.0,1157.0
1182.0,1272.0
1347.0,1191.0
1295.0,1330.0
1368.0,1298.0
1514.0,1353.0
1332.0,1494.0
1220.0,1344.0
1232.0,1210.0
1178.0,1207.0
1195.0,1163.0
1108.0,1179.0
903.0,1097.0
879.0,896.0
788.0,859.0
869.0,783.0
833.0,861.0
788.0,842.0
783.0,796.0
738.0,782.0
940.0,749.0
852.0,936.0
1031.0,884.0
1151.0,1012.0
1261.0,1158.0
1197.0,1276.0
1355.0,1206.0
1299.0,1340.0
1374.0,1294.0
1516.0,1359.0
1333.0,1497.0
1227.0,1344.0
1232.0,1217.0
1179.0,1213.0
1197.0,1174.0
1109.0,1182.0
913.0,1100.0
880.0,906.0
789.0,861.0
876.0,789.0
844.0,868.0
789.0,855.0
789.0,798.0
741.0,787.0
954.0,753.0
873.0,947.0
1039.0,894.0
1154.0,1030.0
1266.0,1162.0
1201.0,1279.0
1364.0,1210.0
1306.0,1352.0
1381.0,1302.0
1522.0,1366.0
1345.0,1504.0
1233.0,1355.0
1237.0,1224.0
1183.0,1218.0
1202.0,1168.0
1111.0,1187.0
916.0,1103.0
882.0,909.0
794.0,860.0
885.0,794.0
845.0,877.0
802.0,857.0
789.0,810.0
745.0,790.0
960.0,755.0
882.0,952.0
1051.0,903.0
1158.0,1043.0
1274.0,1156.0
1222.0,1285.0
1372.0,1231.0
1310.0,1361.0
1390.0,1306.0
1526.0,1374.0
1349.0,1509.0
1239.0,1358.0
1240.0,1230.0
1194.0,1222.0
1205.0,1179.0
1112.0,1190.0
921.0,1104.0
888.0,915.0
800.0,868.0
899.0,800.0
852.0,891.0
805.0,864.0
798.0,810.0
748.0,799.0
965.0,759.0
890.0,957.0
1056.0,919.0
1166.0,1049.0
1283.0,1162.0
1238.0,1293.0
1397.0,1247.0
1317.0,1386.0
1399.0,1314.0
1531.0,1381.0
1366.0,1515.0
1262.0,1373.0
1249.0,1252.0
1199.0,1232.0
1216.0,1184.0
1120.0,1201.0
933.0,1113.0
891.0,926.0
807.0,872.0
903.0,806.0
854.0,890.0
810.0,861.0
803.0,815.0
752.0,802.0
970.0,763.0
891.0,962.0
1060.0,919.0
1196.0,1054.0
1289.0,1203.0
1257.0,1301.0
1403.0,1263.0
1321.0,1386.0
1401.0,1318.0
1540.0,1383.0
1379.0,1523.0
1266.0,1386.0
1259.0,1257.0
1207.0,1242.0
1230.0,1192.0
1130.0,1215.0
935.0,1124.0
893.0,929.0
810.0,877.0
911.0,809.0
858.0,897.0
825.0,865.0
806.0,830.0
755.0,810.0
975.0,765.0
898.0,969.0
1068.0,924.0
1208.0,1068.0
1293.0,1213.0
1267.0,1308.0
1419.0,1271.0
1330.0,1408.0
1408.0,1326.0
1548.0,1390.0
1391.0,1532.0
1283.0,1396.0
1265.0,1262.0
1210.0,1250.0
1233.0,1197.0
1135.0,1219.0
949.0,1129.0
896.0,934.0
814.0,882.0
917.0,807.0
864.0,906.0
826.0,871.0
810.0,830.0
758.0,812.0
977.0,766.0
903.0,971.0
1072.0,923.0
1212.0,1073.0
1295.0,1218.0
1276.0,1304.0
1453.0,1285.0
1332.0,1443.0
1415.0,1347.0
1554.0,1399.0
1400.0,1537.0
1284.0,1402.0
1266.0,1275.0
1215.0,1251.0
1234.0,1202.0
1146.0,1220.0
953.0,1127.0
896.0,949.0
