Observation,Prediction
778.0,659.0
791.0,652.0
828.0,652.0
769.0,668.0
778.0,657.0
726.0,641.0
875.0,627.0
847.0,692.0
1013.0,691.0
1138.0,733.0
1245.0,801.0
1169.0,847.0
1318.0,801.0
1280.0,844.0
1355.0,858.0
1495.0,858.0
1328.0,858.0
1206.0,858.0
1216.0,817.0
1170.0,817.0
1186.0,796.0
1087.0,801.0
899.0,760.0
876.0,692.0
778.0,670.0
792.0,652.0
831.0,652.0
785.0,668.0
781.0,657.0
728.0,656.0
883.0,627.0
849.0,692.0
1021.0,691.0
1146.0,736.0
1252.0,801.0
1174.0,852.0
1336.0,801.0
1288.0,858.0
1362.0,858.0
1504.0,858.0
1331.0,858.0
1213.0,858.0
1232.0,817.0
1178.0,831.0
1192.0,796.0
1106.0,801.0
901.0,789.0
879.0,692.0
783.0,659.0
864.0,652.0
832.0,690.0
788.0,689.0
781.0,657.0
730.0,651.0
889.0,636.0
851.0,692.0
1023.0,691.0
1149.0,736.0
1258.0,801.0
1182.0,852.0
1347.0,801.0
1295.0,858.0
1368.0,858.0
1514.0,858.0
1332.0,858.0
1220.0,858.0
1232.0,817.0
1178.0,831.0
1195.0,796.0
1108.0,801.0
903.0,789.0
879.0,692.0
788.0,659.0
869.0,652.0
833.0,690.0
788.0,689.0
783.0,657.0
738.0,651.0
940.0,647.0
852.0,692.0
1031.0,691.0
1151.0,736.0
1261.0,801.0
1197.0,855.0
1355.0,801.0
1299.0,858.0
1374.0,852.0
1516.0,858.0
1333.0,858.0
1227.0,858.0
1232.0,817.0
1179.0,831.0
1197.0,796.0
1109.0,801.0
913.0,789.0
880.0,692.0
789.0,670.0
876.0,652.0
844.0,690.0
789.0,691.0
789.0,657.0
741.0,651.0
954.0,647.0
873.0,711.0
1039.0,692.0
1154.0,733.0
1266.0,801.0
1201.0,858.0
1364.0,817.0
1306.0,858.0
1381.0,852.0
1522.0,858.0
1345.0,858.0
1233.0,858.0
1237.0,831.0
1183.0,831.0
1202.0,801.0
1111.0,817.0
916.0,789.0
882.0,692.0
794.0,659.0
885.0,652.0
845.0,692.0
802.0,691.0
789.0,657.0
745.0,656.0
960.0,653.0
882.0,711.0
1051.0,704.0
1158.0,733.0
1274.0,801.0
1222.0,858.0
1372.0,819.0
1310.0,858.0
1390.0,852.0
1526.0,858.0
1349.0,858.0
1239.0,858.0
1240.0,831.0
1194.0,831.0
1205.0,801.0
1112.0,817.0
921.0,789.0
888.0,692.0
800.0,672.0
899.0,652.0
852.0,692.0
805.0,691.0
798.0,657.0
748.0,656.0
965.0,653.0
890.0,711.0
1056.0,711.0
1166.0,738.0
1283.0,801.0
1238.0,858.0
1397.0,833.0
1317.0,858.0
1399.0,858.0
1531.0,858.0
1366.0,858.0
1262.0,858.0
1249.0,844.0
1199.0,839.0
1216.0,817.0
1120.0,817.0
933.0,793.0
891.0,711.0
807.0,672.0
903.0,652.0
854.0,692.0
810.0,691.0
803.0,657.0
752.0,656.0
970.0,653.0
891.0,711.0
1060.0,711.0
1196.0,738.0
1289.0,817.0
1257.0,858.0
1403.0,842.0
1321.0,858.0
1401.0,858.0
1540.0,858.0
1379.0,858.0
1266.0,858.0
1259.0,844.0
1207.0,842.0
1230.0,817.0
1130.0,831.0
935.0,796.0
893.0,711.0
810.0,675.0
911.0,652.0
858.0,692.0
825.0,692.0
806.0,655.0
755.0,657.0
975.0,653.0
898.0,711.0
1068.0,711.0
1208.0,760.0
1293.0,817.0
1267.0,858.0
1419.0,844.0
1330.0,858.0
1408.0,858.0
1548.0,858.0
1391.0,858.0
1283.0,858.0
1265.0,840.0
1210.0,844.0
1233.0,817.0
1135.0,831.0
949.0,796.0
896.0,711.0
814.0,692.0
917.0,652.0
864.0,692.0
826.0,692.0
810.0,655.0
758.0,657.0
977.0,653.0
903.0,711.0
1072.0,711.0
1212.0,760.0
1295.0,819.0
1276.0,858.0
1453.0,858.0
1332.0,858.0
1415.0,858.0
1554.0,858.0
1400.0,858.0
1284.0,858.0
1266.0,844.0
1215.0,844.0
1234.0,817.0
1146.0,831.0
953.0,792.0
896.0,711.0
