Observation,Prediction
778.0,919.0
791.0,782.0
828.0,795.0
769.0,831.0
778.0,772.0
726.0,782.0
875.0,729.0
847.0,877.0
1013.0,850.0
1138.0,1015.0
1245.0,1141.0
1169.0,1246.0
1318.0,1174.0
1280.0,1322.0
1355.0,1283.0
1495.0,1357.0
1328.0,1497.0
1206.0,1333.0
1216.0,1210.0
1170.0,1216.0
1186.0,1172.0
1087.0,1189.0
899.0,1092.0
876.0,901.0
778.0,880.0
792.0,778.0
831.0,794.0
785.0,834.0
781.0,789.0
728.0,784.0
883.0,732.0
849.0,884.0
1021.0,850.0
1146.0,1025.0
1252.0,1148.0
1174.0,1254.0
1336.0,1175.0
1288.0,1337.0
1362.0,1289.0
1504.0,1363.0
1331.0,1504.0
1213.0,1332.0
1232.0,1214.0
1178.0,1233.0
1192.0,1179.0
1106.0,1192.0
901.0,1108.0
879.0,901.0
783.0,880.0
864.0,783.0
832.0,865.0
788.0,832.0
781.0,789.0
730.0,782.0
889.0,730.0
851.0,890.0
1023.0,852.0
1149.0,1024.0
1258.0,1150.0
1182.0,1259.0
1347.0,1184.0
1295.0,1348.0
1368.0,1295.0
1514.0,1369.0
1332.0,1516.0
1220.0,1332.0
1232.0,1220.0
1178.0,1232.0
1195.0,1180.0
1108.0,1196.0
903.0,1109.0
879.0,903.0
788.0,880.0
869.0,789.0
833.0,870.0
788.0,834.0
783.0,789.0
738.0,783.0
940.0,739.0
852.0,942.0
1031.0,852.0
1151.0,1032.0
1261.0,1152.0
1197.0,1261.0
1355.0,1198.0
1299.0,1355.0
1374.0,1299.0
1516.0,1376.0
1333.0,1517.0
1227.0,1334.0
1232.0,1228.0
1179.0,1233.0
1197.0,1180.0
1109.0,1198.0
913.0,1110.0
880.0,914.0
789.0,881.0
876.0,790.0
844.0,877.0
789.0,844.0
789.0,789.0
741.0,790.0
954.0,742.0
873.0,955.0
1039.0,873.0
1154.0,1040.0
1266.0,1155.0
1201.0,1267.0
1364.0,1202.0
1306.0,1366.0
1381.0,1306.0
1522.0,1381.0
1345.0,1522.0
1233.0,1345.0
1237.0,1234.0
1183.0,1237.0
1202.0,1183.0
1111.0,1202.0
916.0,1111.0
882.0,916.0
794.0,882.0
885.0,794.0
845.0,885.0
802.0,845.0
789.0,803.0
745.0,790.0
960.0,746.0
882.0,961.0
1051.0,883.0
1158.0,1052.0
1274.0,1160.0
1222.0,1275.0
1372.0,1222.0
1310.0,1373.0
1390.0,1310.0
1526.0,1391.0
1349.0,1528.0
1239.0,1349.0
1240.0,1239.0
1194.0,1240.0
1205.0,1194.0
1112.0,1205.0
921.0,1112.0
888.0,921.0
800.0,889.0
899.0,801.0
852.0,900.0
805.0,853.0
798.0,806.0
748.0,798.0
965.0,748.0
890.0,965.0
1056.0,890.0
1166.0,1056.0
1283.0,1167.0
1238.0,1283.0
1397.0,1240.0
1317.0,1397.0
1399.0,1318.0
1531.0,1400.0
1366.0,1531.0
1262.0,1366.0
1249.0,1262.0
1199.0,1249.0
1216.0,1199.0
1120.0,1216.0
933.0,1120.0
891.0,933.0
807.0,891.0
903.0,807.0
854.0,903.0
810.0,854.0
803.0,810.0
752.0,803.0
970.0,752.0
891.0,970.0
1060.0,891.0
1196.0,1060.0
1289.0,1196.0
1257.0,1289.0
1403.0,1257.0
1321.0,1403.0
1401.0,1321.0
1540.0,1401.0
1379.0,1540.0
1266.0,1379.0
1259.0,1266.0
1207.0,1259.0
1230.0,1207.0
1130.0,1230.0
935.0,1130.0
893.0,935.0
810.0,893.0
911.0,810.0
858.0,911.0
825.0,858.0
806.0,825.0
755.0,806.0
975.0,755.0
898.0,975.0
1068.0,898.0
1208.0,1068.0
1293.0,1208.0
1267.0,1293.0
1419.0,1267.0
1330.0,1422.0
1408.0,1330.0
1548.0,1408.0
1391.0,1548.0
1283.0,1391.0
1265.0,1283.0
1210.0,1265.0
1233.0,1210.0
1135.0,1233.0
949.0,1135.0
896.0,949.0
814.0,896.0
917.0,814.0
864.0,917.0
826.0,864.0
810.0,826.0
758.0,810.0
977.0,758.0
903.0,977.0
1072.0,903.0
1212.0,1072.0
1295.0,1212.0
1276.0,1295.0
1453.0,1276.0
1332.0,1453.0
1415.0,1332.0
1554.0,1415.0
1400.0,1556.0
1284.0,1400.0
1266.0,1284.0
1215.0,1266.0
1234.0,1215.0
1146.0,1234.0
953.0,1146.0
896.0,953.0
