Observation,Prediction
1168.0,1161.0
1125.0,1142.0
1127.0,1123.0
1048.0,1109.0
851.0,1032.0
853.0,854.0
760.0,800.0
763.0,742.0
797.0,734.0
746.0,773.0
760.0,758.0
681.0,750.0
843.0,688.0
796.0,812.0
984.0,845.0
1096.0,964.0
1211.0,1115.0
1109.0,1262.0
1238.0,1160.0
1240.0,1233.0
1299.0,1260.0
1439.0,1298.0
1272.0,1425.0
1164.0,1326.0
1173.0,1157.0
1125.0,1147.0
1135.0,1130.0
1053.0,1119.0
854.0,1036.0
859.0,854.0
765.0,801.0
768.0,748.0
809.0,739.0
752.0,784.0
764.0,766.0
692.0,755.0
850.0,694.0
807.0,828.0
991.0,861.0
1104.0,971.0
1220.0,1126.0
1129.0,1276.0
1251.0,1178.0
1250.0,1238.0
1317.0,1271.0
1457.0,1329.0
1302.0,1432.0
1175.0,1354.0
1182.0,1173.0
1143.0,1148.0
1148.0,1153.0
1061.0,1128.0
882.0,1038.0
867.0,858.0
771.0,815.0
776.0,764.0
816.0,743.0
754.0,796.0
764.0,773.0
711.0,749.0
859.0,710.0
809.0,845.0
997.0,859.0
1120.0,974.0
1227.0,1138.0
1137.0,1260.0
1273.0,1187.0
1262.0,1264.0
1324.0,1309.0
1486.0,1328.0
1314.0,1479.0
1188.0,1390.0
1201.0,1182.0
1150.0,1164.0
1161.0,1134.0
1073.0,1158.0
888.0,1052.0
871.0,864.0
776.0,818.0
781.0,767.0
822.0,745.0
765.0,800.0
773.0,766.0
717.0,759.0
867.0,713.0
820.0,849.0
1003.0,846.0
1131.0,982.0
1236.0,1152.0
1166.0,1305.0
1299.0,1204.0
1266.0,1298.0
1340.0,1302.0
1488.0,1347.0
1326.0,1490.0
1201.0,1396.0
1209.0,1192.0
1166.0,1174.0
1175.0,1179.0
1083.0,1154.0
892.0,1066.0
875.0,866.0
778.0,810.0
791.0,768.0
828.0,755.0
769.0,812.0
778.0,770.0
726.0,758.0
875.0,724.0
847.0,859.0
1013.0,898.0
1138.0,1003.0
1245.0,1169.0
1169.0,1309.0
1318.0,1223.0
1280.0,1292.0
1355.0,1318.0
1495.0,1362.0
1328.0,1499.0
1206.0,1394.0
1216.0,1194.0
1170.0,1180.0
1186.0,1152.0
1087.0,1181.0
899.0,1074.0
876.0,872.0
778.0,824.0
792.0,750.0
831.0,756.0
785.0,814.0
781.0,786.0
728.0,768.0
883.0,722.0
849.0,866.0
1021.0,902.0
1146.0,998.0
1252.0,1180.0
1174.0,1316.0
1336.0,1220.0
1288.0,1332.0
1362.0,1330.0
1504.0,1366.0
1331.0,1508.0
1213.0,1397.0
1232.0,1198.0
1178.0,1195.0
1192.0,1164.0
1106.0,1171.0
901.0,1093.0
879.0,890.0
783.0,809.0
864.0,767.0
832.0,829.0
788.0,841.0
781.0,788.0
730.0,760.0
889.0,732.0
851.0,870.0
1023.0,878.0
1149.0,1001.0
1258.0,1187.0
1182.0,1322.0
1347.0,1228.0
1295.0,1344.0
1368.0,1338.0
1514.0,1372.0
1332.0,1518.0
1220.0,1399.0
1232.0,1222.0
1178.0,1196.0
1195.0,1162.0
1108.0,1177.0
903.0,1096.0
879.0,880.0
788.0,818.0
869.0,756.0
833.0,836.0
788.0,840.0
783.0,788.0
738.0,758.0
940.0,740.0
852.0,924.0
1031.0,918.0
1151.0,988.0
1261.0,1185.0
1197.0,1328.0
1355.0,1242.0
1299.0,1355.0
1374.0,1322.0
1516.0,1376.0
1333.0,1522.0
1227.0,1397.0
1232.0,1228.0
1179.0,1210.0
1197.0,1186.0
1109.0,1180.0
913.0,1099.0
880.0,890.0
789.0,822.0
876.0,770.0
844.0,842.0
789.0,856.0
789.0,790.0
741.0,763.0
954.0,744.0
873.0,930.0
1039.0,912.0
1154.0,1020.0
1266.0,1192.0
1201.0,1326.0
1364.0,1248.0
1306.0,1373.0
1381.0,1328.0
1522.0,1383.0
1345.0,1529.0
1233.0,1408.0
1237.0,1236.0
1183.0,1216.0
1202.0,1166.0
1111.0,1185.0
916.0,1103.0
882.0,893.0
794.0,816.0
885.0,774.0
845.0,852.0
802.0,858.0
789.0,802.0
745.0,768.0
960.0,744.0
882.0,934.0
1051.0,922.0
1158.0,1034.0
1274.0,1170.0
1222.0,1328.0
1372.0,1268.0
1310.0,1383.0
1390.0,1332.0
1526.0,1388.0
1349.0,1536.0
1239.0,1408.0
1240.0,1241.0
1194.0,1219.0
1205.0,1177.0
1112.0,1190.0
921.0,1104.0
888.0,898.0
800.0,826.0
899.0,779.0
852.0,866.0
805.0,867.0
798.0,796.0
748.0,778.0
965.0,748.0
890.0,938.0
1056.0,950.0
1166.0,1043.0
1283.0,1170.0
1238.0,1335.0
1397.0,1285.0
1317.0,1408.0
1399.0,1342.0
1531.0,1393.0
1366.0,1542.0
1262.0,1422.0
1249.0,1264.0
1199.0,1230.0
1216.0,1182.0
1120.0,1199.0
933.0,1114.0
891.0,910.0
807.0,832.0
903.0,784.0
854.0,856.0
810.0,854.0
803.0,801.0
752.0,778.0
970.0,752.0
891.0,942.0
1060.0,948.0
1196.0,1046.0
1289.0,1230.0
1257.0,1347.0
1403.0,1298.0
1321.0,1399.0
1401.0,1346.0
1540.0,1394.0
1379.0,1548.0
1266.0,1435.0
1259.0,1270.0
1207.0,1240.0
1230.0,1190.0
1130.0,1213.0
935.0,1127.0
893.0,914.0
810.0,840.0
911.0,786.0
858.0,863.0
825.0,860.0
806.0,816.0
755.0,792.0
975.0,752.0
898.0,952.0
1068.0,950.0
1208.0,1071.0
1293.0,1239.0
1267.0,1356.0
1419.0,1302.0
1330.0,1431.0
1408.0,1352.0
1548.0,1400.0
1391.0,1558.0
1283.0,1443.0
1265.0,1258.0
1210.0,1251.0
1233.0,1197.0
1135.0,1218.0
949.0,1132.0
896.0,905.0
814.0,848.0
917.0,776.0
864.0,874.0
826.0,864.0
810.0,813.0
758.0,790.0
977.0,750.0
903.0,954.0
1072.0,939.0
1212.0,1076.0
1295.0,1243.0
1276.0,1343.0
1453.0,1323.0
1332.0,1468.0
1415.0,1401.0
1554.0,1414.0
1400.0,1562.0
1284.0,1444.0
1266.0,1288.0
1215.0,1252.0
1234.0,1201.0
1146.0,1219.0
953.0,1110.0
896.0,936.0
