Observation,Prediction
1168.0,1163.0
1125.0,1132.0
1127.0,1093.0
1048.0,1095.0
851.0,1036.0
853.0,857.0
760.0,818.0
763.0,738.0
797.0,736.0
746.0,776.0
760.0,754.0
681.0,762.0
843.0,697.0
796.0,821.0
984.0,816.0
1096.0,974.0
1211.0,1107.0
1109.0,1232.0
1238.0,1159.0
1240.0,1234.0
1299.0,1248.0
1439.0,1291.0
1272.0,1422.0
1164.0,1300.0
1173.0,1168.0
1125.0,1137.0
1135.0,1094.0
1053.0,1102.0
854.0,1042.0
859.0,859.0
765.0,824.0
768.0,744.0
809.0,742.0
752.0,789.0
764.0,760.0
692.0,767.0
850.0,706.0
807.0,830.0
991.0,825.0
1104.0,984.0
1220.0,1118.0
1129.0,1242.0
1251.0,1176.0
1250.0,1249.0
1317.0,1257.0
1457.0,1308.0
1302.0,1442.0
1175.0,1329.0
1182.0,1180.0
1143.0,1146.0
1148.0,1111.0
1061.0,1119.0
882.0,1051.0
867.0,882.0
771.0,833.0
776.0,750.0
816.0,749.0
754.0,797.0
764.0,763.0
711.0,766.0
859.0,721.0
809.0,844.0
997.0,830.0
1120.0,990.0
1227.0,1134.0
1137.0,1252.0
1273.0,1182.0
1262.0,1269.0
1324.0,1270.0
1486.0,1317.0
1314.0,1470.0
1188.0,1347.0
1201.0,1188.0
1150.0,1164.0
1161.0,1122.0
1073.0,1131.0
888.0,1063.0
871.0,886.0
776.0,835.0
781.0,756.0
822.0,754.0
765.0,804.0
773.0,773.0
717.0,774.0
867.0,726.0
820.0,851.0
1003.0,842.0
1131.0,997.0
1236.0,1148.0
1166.0,1267.0
1299.0,1209.0
1266.0,1297.0
1340.0,1282.0
1488.0,1332.0
1326.0,1474.0
1201.0,1358.0
1209.0,1200.0
1166.0,1172.0
1175.0,1138.0
1083.0,1148.0
892.0,1074.0
875.0,889.0
778.0,838.0
791.0,755.0
828.0,762.0
769.0,813.0
778.0,776.0
726.0,778.0
875.0,734.0
847.0,860.0
1013.0,868.0
1138.0,1012.0
1245.0,1156.0
1169.0,1276.0
1318.0,1211.0
1280.0,1315.0
1355.0,1297.0
1495.0,1349.0
1328.0,1484.0
1206.0,1360.0
1216.0,1202.0
1170.0,1178.0
1186.0,1142.0
1087.0,1158.0
899.0,1080.0
876.0,893.0
778.0,836.0
792.0,753.0
831.0,761.0
785.0,814.0
781.0,791.0
728.0,784.0
883.0,735.0
849.0,868.0
1021.0,872.0
1146.0,1021.0
1252.0,1166.0
1174.0,1284.0
1336.0,1217.0
1288.0,1332.0
1362.0,1308.0
1504.0,1356.0
1331.0,1498.0
1213.0,1363.0
1232.0,1206.0
1178.0,1193.0
1192.0,1155.0
1106.0,1165.0
901.0,1097.0
879.0,897.0
783.0,840.0
864.0,758.0
832.0,827.0
788.0,832.0
781.0,793.0
730.0,779.0
889.0,733.0
851.0,871.0
1023.0,880.0
1149.0,1019.0
1258.0,1178.0
1182.0,1310.0
1347.0,1225.0
1295.0,1342.0
1368.0,1338.0
1514.0,1367.0
1332.0,1526.0
1220.0,1382.0
1232.0,1219.0
1178.0,1196.0
1195.0,1162.0
1108.0,1172.0
903.0,1108.0
879.0,891.0
788.0,824.0
869.0,756.0
833.0,840.0
788.0,827.0
783.0,788.0
738.0,778.0
940.0,734.0
852.0,926.0
1031.0,898.0
1151.0,1020.0
1261.0,1183.0
1197.0,1289.0
1355.0,1248.0
1299.0,1355.0
1374.0,1322.0
1516.0,1372.0
1333.0,1528.0
1227.0,1392.0
1232.0,1229.0
1179.0,1211.0
1197.0,1164.0
1109.0,1181.0
913.0,1108.0
880.0,903.0
789.0,851.0
876.0,764.0
844.0,846.0
789.0,838.0
789.0,790.0
741.0,784.0
954.0,738.0
873.0,939.0
1039.0,892.0
1154.0,1032.0
1266.0,1172.0
1201.0,1292.0
1364.0,1236.0
1306.0,1374.0
1381.0,1329.0
1522.0,1380.0
1345.0,1532.0
1233.0,1398.0
1237.0,1236.0
1183.0,1216.0
1202.0,1166.0
1111.0,1186.0
916.0,1108.0
882.0,911.0
794.0,853.0
885.0,768.0
845.0,856.0
802.0,840.0
789.0,802.0
745.0,784.0
960.0,741.0
882.0,944.0
1051.0,902.0
1158.0,1056.0
1274.0,1176.0
1222.0,1300.0
1372.0,1256.0
1310.0,1384.0
1390.0,1333.0
1526.0,1394.0
1349.0,1531.0
1239.0,1377.0
1240.0,1242.0
1194.0,1220.0
1205.0,1178.0
1112.0,1190.0
921.0,1108.0
888.0,916.0
800.0,860.0
899.0,775.0
852.0,870.0
805.0,848.0
798.0,805.0
748.0,793.0
965.0,744.0
890.0,949.0
1056.0,909.0
1166.0,1061.0
1283.0,1184.0
1238.0,1308.0
1397.0,1272.0
1317.0,1409.0
1399.0,1342.0
1531.0,1404.0
1366.0,1535.0
1262.0,1392.0
1249.0,1265.0
1199.0,1231.0
1216.0,1182.0
1120.0,1200.0
933.0,1116.0
891.0,927.0
807.0,863.0
903.0,782.0
854.0,874.0
810.0,850.0
803.0,810.0
752.0,798.0
970.0,748.0
891.0,954.0
1060.0,910.0
1196.0,1064.0
1289.0,1212.0
1257.0,1338.0
1403.0,1291.0
1321.0,1416.0
1401.0,1346.0
1540.0,1405.0
1379.0,1542.0
1266.0,1406.0
1259.0,1270.0
1207.0,1241.0
1230.0,1191.0
1130.0,1214.0
935.0,1126.0
893.0,930.0
810.0,864.0
911.0,781.0
858.0,874.0
825.0,858.0
806.0,828.0
755.0,807.0
975.0,751.0
898.0,954.0
1068.0,918.0
1208.0,1071.0
1293.0,1223.0
1267.0,1335.0
1419.0,1299.0
1330.0,1426.0
1408.0,1354.0
1548.0,1411.0
1391.0,1553.0
1283.0,1416.0
1265.0,1283.0
1210.0,1247.0
1233.0,1194.0
1135.0,1210.0
949.0,1127.0
896.0,941.0
814.0,866.0
917.0,787.0
864.0,885.0
826.0,863.0
810.0,826.0
758.0,807.0
977.0,757.0
903.0,957.0
1072.0,925.0
1212.0,1076.0
1295.0,1229.0
1276.0,1333.0
1453.0,1309.0
1332.0,1461.0
1415.0,1363.0
1554.0,1414.0
1400.0,1552.0
1284.0,1423.0
1266.0,1285.0
1215.0,1243.0
1234.0,1193.0
1146.0,1211.0
953.0,1137.0
896.0,947.0
