Observation,Prediction
778.0,863.0
791.0,783.0
828.0,804.0
769.0,836.0
778.0,778.0
726.0,793.0
875.0,743.0
847.0,887.0
1013.0,844.0
1138.0,1003.0
1245.0,1101.0
1169.0,1190.0
1318.0,1109.0
1280.0,1258.0
1355.0,1206.0
1495.0,1283.0
1328.0,1408.0
1206.0,1237.0
1216.0,1142.0
1170.0,1163.0
1186.0,1118.0
1087.0,1138.0
899.0,1043.0
876.0,878.0
778.0,876.0
792.0,784.0
831.0,808.0
785.0,842.0
781.0,795.0
728.0,797.0
883.0,747.0
849.0,898.0
1021.0,849.0
1146.0,1014.0
1252.0,1112.0
1174.0,1200.0
1336.0,1118.0
1288.0,1279.0
1362.0,1216.0
1504.0,1294.0
1331.0,1421.0
1213.0,1244.0
1232.0,1153.0
1178.0,1181.0
1192.0,1128.0
1106.0,1147.0
901.0,1064.0
879.0,881.0
783.0,881.0
864.0,791.0
832.0,878.0
788.0,838.0
781.0,801.0
730.0,799.0
889.0,752.0
851.0,906.0
1023.0,853.0
1149.0,1020.0
1258.0,1119.0
1182.0,1210.0
1347.0,1128.0
1295.0,1293.0
1368.0,1226.0
1514.0,1304.0
1332.0,1435.0
1220.0,1247.0
1232.0,1163.0
1178.0,1184.0
1195.0,1131.0
1108.0,1153.0
903.0,1068.0
879.0,885.0
788.0,884.0
869.0,798.0
833.0,885.0
788.0,841.0
783.0,804.0
738.0,804.0
940.0,761.0
852.0,957.0
1031.0,850.0
1151.0,1031.0
1261.0,1123.0
1197.0,1216.0
1355.0,1145.0
1299.0,1303.0
1374.0,1232.0
1516.0,1312.0
1333.0,1439.0
1227.0,1251.0
1232.0,1172.0
1179.0,1187.0
1197.0,1135.0
1109.0,1158.0
913.0,1072.0
880.0,897.0
789.0,886.0
876.0,801.0
844.0,894.0
789.0,853.0
789.0,806.0
741.0,812.0
954.0,765.0
873.0,972.0
1039.0,872.0
1154.0,1039.0
1266.0,1128.0
1201.0,1224.0
1364.0,1152.0
1306.0,1314.0
1381.0,1241.0
1522.0,1321.0
1345.0,1448.0
1233.0,1265.0
1237.0,1180.0
1183.0,1194.0
1202.0,1141.0
1111.0,1165.0
916.0,1076.0
882.0,902.0
794.0,891.0
885.0,809.0
845.0,904.0
802.0,855.0
789.0,820.0
745.0,812.0
960.0,771.0
882.0,980.0
1051.0,882.0
1158.0,1052.0
1274.0,1134.0
1222.0,1234.0
1372.0,1174.0
1310.0,1323.0
1390.0,1247.0
1526.0,1332.0
1349.0,1454.0
1239.0,1271.0
1240.0,1188.0
1194.0,1199.0
1205.0,1154.0
1112.0,1170.0
921.0,1080.0
888.0,909.0
800.0,898.0
899.0,816.0
852.0,919.0
805.0,863.0
798.0,825.0
748.0,823.0
965.0,776.0
890.0,987.0
1056.0,892.0
1166.0,1059.0
1283.0,1144.0
1238.0,1245.0
1397.0,1190.0
1317.0,1347.0
1399.0,1254.0
1531.0,1343.0
1366.0,1460.0
1262.0,1290.0
1249.0,1211.0
1199.0,1208.0
1216.0,1161.0
1120.0,1182.0
933.0,1089.0
891.0,923.0
807.0,902.0
903.0,825.0
854.0,925.0
810.0,867.0
803.0,832.0
752.0,830.0
970.0,782.0
891.0,994.0
1060.0,894.0
1196.0,1065.0
1289.0,1174.0
1257.0,1250.0
1403.0,1211.0
1321.0,1354.0
1401.0,1260.0
1540.0,1348.0
1379.0,1471.0
1266.0,1304.0
1259.0,1215.0
1207.0,1219.0
1230.0,1170.0
1130.0,1197.0
935.0,1099.0
893.0,926.0
810.0,906.0
911.0,829.0
858.0,934.0
825.0,872.0
806.0,848.0
755.0,833.0
975.0,786.0
898.0,1000.0
1068.0,902.0
1208.0,1074.0
1293.0,1187.0
1267.0,1255.0
1419.0,1222.0
1330.0,1372.0
1408.0,1270.0
1548.0,1356.0
1391.0,1481.0
1283.0,1317.0
1265.0,1233.0
1210.0,1226.0
1233.0,1174.0
1135.0,1202.0
949.0,1106.0
896.0,940.0
814.0,909.0
917.0,835.0
864.0,942.0
826.0,879.0
810.0,850.0
758.0,838.0
977.0,790.0
903.0,1003.0
1072.0,909.0
1212.0,1080.0
1295.0,1193.0
1276.0,1259.0
1453.0,1234.0
1332.0,1406.0
1415.0,1271.0
1554.0,1366.0
1400.0,1489.0
1284.0,1328.0
1266.0,1236.0
1215.0,1229.0
1234.0,1182.0
1146.0,1205.0
953.0,1119.0
896.0,945.0
