Observation,Prediction
778.0,871.0
791.0,797.0
828.0,810.0
769.0,876.0
778.0,859.0
726.0,894.0
875.0,887.0
847.0,1000.0
1013.0,987.0
1138.0,1100.0
1245.0,1216.0
1169.0,1271.0
1318.0,1194.0
1280.0,1250.0
1355.0,1203.0
1495.0,1222.0
1328.0,1310.0
1206.0,1203.0
1216.0,1059.0
1170.0,1070.0
1186.0,1031.0
1087.0,1076.0
899.0,1008.0
876.0,883.0
778.0,862.0
792.0,810.0
831.0,843.0
785.0,912.0
781.0,913.0
728.0,916.0
883.0,880.0
849.0,999.0
1021.0,994.0
1146.0,1115.0
1252.0,1209.0
1174.0,1286.0
1336.0,1207.0
1288.0,1294.0
1362.0,1253.0
1504.0,1259.0
1331.0,1380.0
1213.0,1210.0
1232.0,1090.0
1178.0,1104.0
1192.0,1062.0
1106.0,1080.0
901.0,1034.0
879.0,867.0
783.0,862.0
864.0,802.0
832.0,897.0
788.0,884.0
781.0,876.0
730.0,903.0
889.0,856.0
851.0,991.0
1023.0,985.0
1149.0,1118.0
1258.0,1234.0
1182.0,1293.0
1347.0,1228.0
1295.0,1323.0
1368.0,1272.0
1514.0,1286.0
1332.0,1386.0
1220.0,1235.0
1232.0,1126.0
1178.0,1104.0
1195.0,1055.0
1108.0,1100.0
903.0,1033.0
879.0,881.0
788.0,872.0
869.0,813.0
833.0,891.0
788.0,895.0
783.0,886.0
738.0,891.0
940.0,873.0
852.0,1041.0
1031.0,993.0
1151.0,1130.0
1261.0,1221.0
1197.0,1313.0
1355.0,1249.0
1299.0,1340.0
1374.0,1287.0
1516.0,1298.0
1333.0,1406.0
1227.0,1254.0
1232.0,1117.0
1179.0,1121.0
1197.0,1069.0
1109.0,1108.0
913.0,1026.0
880.0,882.0
789.0,857.0
876.0,806.0
844.0,903.0
789.0,905.0
789.0,878.0
741.0,880.0
954.0,882.0
873.0,1074.0
1039.0,1038.0
1154.0,1116.0
1266.0,1238.0
1201.0,1311.0
1364.0,1247.0
1306.0,1352.0
1381.0,1308.0
1522.0,1320.0
1345.0,1422.0
1233.0,1264.0
1237.0,1142.0
1183.0,1127.0
1202.0,1067.0
1111.0,1111.0
916.0,1028.0
882.0,877.0
794.0,857.0
885.0,812.0
845.0,894.0
802.0,914.0
789.0,896.0
745.0,891.0
960.0,865.0
882.0,1082.0
1051.0,1021.0
1158.0,1131.0
1274.0,1250.0
1222.0,1329.0
1372.0,1283.0
1310.0,1372.0
1390.0,1314.0
1526.0,1333.0
1349.0,1414.0
1239.0,1275.0
1240.0,1154.0
1194.0,1144.0
1205.0,1092.0
1112.0,1098.0
921.0,1055.0
888.0,887.0
800.0,858.0
899.0,805.0
852.0,905.0
805.0,903.0
798.0,888.0
748.0,891.0
965.0,883.0
890.0,1048.0
1056.0,1036.0
1166.0,1167.0
1283.0,1254.0
1238.0,1350.0
1397.0,1294.0
1317.0,1381.0
1399.0,1332.0
1531.0,1352.0
1366.0,1436.0
1262.0,1276.0
1249.0,1172.0
1199.0,1132.0
1216.0,1106.0
1120.0,1133.0
933.0,1049.0
891.0,884.0
807.0,851.0
903.0,808.0
854.0,910.0
810.0,901.0
803.0,879.0
752.0,900.0
970.0,853.0
891.0,1060.0
1060.0,1034.0
1196.0,1136.0
1289.0,1294.0
1257.0,1350.0
1403.0,1323.0
1321.0,1400.0
1401.0,1329.0
1540.0,1350.0
1379.0,1476.0
1266.0,1328.0
1259.0,1188.0
1207.0,1145.0
1230.0,1114.0
1130.0,1117.0
935.0,1055.0
893.0,892.0
810.0,862.0
911.0,809.0
858.0,909.0
825.0,892.0
806.0,889.0
755.0,893.0
975.0,877.0
898.0,1052.0
1068.0,1019.0
1208.0,1134.0
1293.0,1276.0
1267.0,1366.0
1419.0,1314.0
1330.0,1416.0
1408.0,1345.0
1548.0,1365.0
1391.0,1468.0
1283.0,1336.0
1265.0,1208.0
1210.0,1172.0
1233.0,1143.0
1135.0,1177.0
949.0,1089.0
896.0,915.0
814.0,871.0
917.0,821.0
864.0,911.0
826.0,897.0
810.0,872.0
758.0,878.0
977.0,854.0
903.0,1052.0
1072.0,988.0
1212.0,1150.0
1295.0,1273.0
1276.0,1362.0
1453.0,1331.0
1332.0,1448.0
1415.0,1346.0
1554.0,1378.0
1400.0,1498.0
1284.0,1353.0
1266.0,1229.0
1215.0,1198.0
1234.0,1148.0
1146.0,1147.0
953.0,1088.0
896.0,918.0
