Observation,Prediction
778.0,915.0
791.0,776.0
828.0,806.0
769.0,837.0
778.0,779.0
726.0,794.0
875.0,744.0
847.0,888.0
1013.0,845.0
1138.0,1003.0
1245.0,1101.0
1169.0,1190.0
1318.0,1109.0
1280.0,1258.0
1355.0,1206.0
1495.0,1283.0
1328.0,1407.0
1206.0,1236.0
1216.0,1142.0
1170.0,1162.0
1186.0,1117.0
1087.0,1138.0
899.0,1043.0
876.0,879.0
778.0,876.0
792.0,785.0
831.0,809.0
785.0,842.0
781.0,796.0
728.0,798.0
883.0,748.0
849.0,898.0
1021.0,849.0
1146.0,1015.0
1252.0,1112.0
1174.0,1200.0
1336.0,1117.0
1288.0,1279.0
1362.0,1216.0
1504.0,1293.0
1331.0,1420.0
1213.0,1243.0
1232.0,1152.0
1178.0,1181.0
1192.0,1127.0
1106.0,1147.0
901.0,1064.0
879.0,882.0
783.0,882.0
864.0,793.0
832.0,879.0
788.0,839.0
781.0,802.0
730.0,800.0
889.0,752.0
851.0,906.0
1023.0,853.0
1149.0,1020.0
1258.0,1118.0
1182.0,1209.0
1347.0,1127.0
1295.0,1292.0
1368.0,1225.0
1514.0,1302.0
1332.0,1432.0
1220.0,1246.0
1232.0,1162.0
1178.0,1183.0
1195.0,1131.0
1108.0,1153.0
903.0,1069.0
879.0,886.0
788.0,885.0
869.0,800.0
833.0,886.0
788.0,842.0
783.0,805.0
738.0,805.0
940.0,763.0
852.0,957.0
1031.0,852.0
1151.0,1031.0
1261.0,1122.0
1197.0,1215.0
1355.0,1145.0
1299.0,1302.0
1374.0,1232.0
1516.0,1311.0
1333.0,1437.0
1227.0,1250.0
1232.0,1172.0
1179.0,1186.0
1197.0,1135.0
1109.0,1157.0
913.0,1072.0
880.0,898.0
789.0,888.0
876.0,803.0
844.0,895.0
789.0,854.0
789.0,807.0
741.0,812.0
954.0,766.0
873.0,972.0
1039.0,872.0
1154.0,1039.0
1266.0,1128.0
1201.0,1224.0
1364.0,1151.0
1306.0,1313.0
1381.0,1241.0
1522.0,1321.0
1345.0,1446.0
1233.0,1265.0
1237.0,1180.0
1183.0,1193.0
1202.0,1141.0
1111.0,1165.0
916.0,1077.0
882.0,903.0
794.0,892.0
885.0,810.0
845.0,905.0
802.0,856.0
789.0,822.0
745.0,813.0
960.0,772.0
882.0,980.0
1051.0,882.0
1158.0,1052.0
1274.0,1134.0
1222.0,1234.0
1372.0,1173.0
1310.0,1322.0
1390.0,1247.0
1526.0,1332.0
1349.0,1452.0
1239.0,1271.0
1240.0,1188.0
1194.0,1198.0
1205.0,1154.0
1112.0,1170.0
921.0,1080.0
888.0,910.0
800.0,899.0
899.0,817.0
852.0,920.0
805.0,864.0
798.0,826.0
748.0,824.0
965.0,777.0
890.0,987.0
1056.0,892.0
1166.0,1058.0
1283.0,1143.0
1238.0,1244.0
1397.0,1190.0
1317.0,1346.0
1399.0,1254.0
1531.0,1342.0
1366.0,1458.0
1262.0,1289.0
1249.0,1210.0
1199.0,1207.0
1216.0,1160.0
1120.0,1182.0
933.0,1089.0
891.0,923.0
807.0,902.0
903.0,825.0
854.0,925.0
810.0,867.0
803.0,833.0
752.0,830.0
970.0,782.0
891.0,994.0
1060.0,895.0
1196.0,1065.0
1289.0,1174.0
1257.0,1249.0
1403.0,1210.0
1321.0,1353.0
1401.0,1260.0
1540.0,1347.0
1379.0,1470.0
1266.0,1303.0
1259.0,1216.0
1207.0,1219.0
1230.0,1169.0
1130.0,1197.0
935.0,1100.0
893.0,926.0
810.0,907.0
911.0,830.0
858.0,935.0
825.0,872.0
806.0,848.0
755.0,833.0
975.0,786.0
898.0,1000.0
1068.0,903.0
1208.0,1074.0
1293.0,1187.0
1267.0,1254.0
1419.0,1222.0
1330.0,1371.0
1408.0,1269.0
1548.0,1356.0
1391.0,1480.0
1283.0,1317.0
1265.0,1233.0
1210.0,1226.0
1233.0,1175.0
1135.0,1202.0
949.0,1106.0
896.0,942.0
814.0,910.0
917.0,836.0
864.0,942.0
826.0,879.0
810.0,850.0
758.0,839.0
977.0,790.0
903.0,1003.0
1072.0,910.0
1212.0,1079.0
1295.0,1192.0
1276.0,1259.0
1453.0,1234.0
1332.0,1404.0
1415.0,1272.0
1554.0,1365.0
1400.0,1488.0
1284.0,1329.0
1266.0,1236.0
1215.0,1229.0
1234.0,1182.0
1146.0,1205.0
953.0,1120.0
896.0,947.0
