Observation,Prediction
778.0,897.0
791.0,791.0
828.0,802.0
769.0,833.0
778.0,783.0
726.0,791.0
875.0,747.0
847.0,873.0
1013.0,849.0
1138.0,989.0
1245.0,1094.0
1169.0,1185.0
1318.0,1121.0
1280.0,1248.0
1355.0,1216.0
1495.0,1281.0
1328.0,1402.0
1206.0,1259.0
1216.0,1155.0
1170.0,1164.0
1186.0,1125.0
1087.0,1139.0
899.0,1055.0
876.0,896.0
778.0,877.0
792.0,794.0
831.0,806.0
785.0,838.0
781.0,800.0
728.0,796.0
883.0,752.0
849.0,882.0
1021.0,854.0
1146.0,999.0
1252.0,1105.0
1174.0,1195.0
1336.0,1129.0
1288.0,1267.0
1362.0,1227.0
1504.0,1291.0
1331.0,1414.0
1213.0,1266.0
1232.0,1165.0
1178.0,1182.0
1192.0,1136.0
1106.0,1148.0
901.0,1075.0
879.0,900.0
783.0,882.0
864.0,800.0
832.0,869.0
788.0,842.0
781.0,805.0
730.0,799.0
889.0,756.0
851.0,890.0
1023.0,858.0
1149.0,1004.0
1258.0,1111.0
1182.0,1204.0
1347.0,1139.0
1295.0,1280.0
1368.0,1236.0
1514.0,1299.0
1332.0,1426.0
1220.0,1270.0
1232.0,1174.0
1178.0,1185.0
1195.0,1139.0
1108.0,1153.0
903.0,1079.0
879.0,905.0
788.0,885.0
869.0,808.0
833.0,876.0
788.0,846.0
783.0,807.0
738.0,803.0
940.0,765.0
852.0,937.0
1031.0,862.0
1151.0,1014.0
1261.0,1116.0
1197.0,1209.0
1355.0,1155.0
1299.0,1290.0
1374.0,1243.0
1516.0,1308.0
1333.0,1431.0
1227.0,1274.0
1232.0,1183.0
1179.0,1188.0
1197.0,1142.0
1109.0,1158.0
913.0,1083.0
880.0,916.0
789.0,888.0
876.0,810.0
844.0,885.0
789.0,857.0
789.0,811.0
741.0,811.0
954.0,770.0
873.0,951.0
1039.0,882.0
1154.0,1023.0
1266.0,1121.0
1201.0,1217.0
1364.0,1162.0
1306.0,1301.0
1381.0,1252.0
1522.0,1317.0
1345.0,1439.0
1233.0,1287.0
1237.0,1191.0
1183.0,1194.0
1202.0,1149.0
1111.0,1165.0
916.0,1087.0
882.0,921.0
794.0,892.0
885.0,817.0
845.0,895.0
802.0,861.0
789.0,824.0
745.0,813.0
960.0,775.0
882.0,959.0
1051.0,892.0
1158.0,1036.0
1274.0,1127.0
1222.0,1226.0
1372.0,1182.0
1310.0,1311.0
1390.0,1258.0
1526.0,1327.0
1349.0,1446.0
1239.0,1293.0
1240.0,1199.0
1194.0,1200.0
1205.0,1160.0
1112.0,1170.0
921.0,1091.0
888.0,928.0
800.0,899.0
899.0,824.0
852.0,909.0
805.0,869.0
798.0,829.0
748.0,822.0
965.0,780.0
890.0,965.0
1056.0,901.0
1166.0,1043.0
1283.0,1137.0
1238.0,1237.0
1397.0,1199.0
1317.0,1335.0
1399.0,1267.0
1531.0,1338.0
1366.0,1452.0
1262.0,1310.0
1249.0,1221.0
1199.0,1210.0
1216.0,1168.0
1120.0,1182.0
933.0,1100.0
891.0,940.0
807.0,904.0
903.0,832.0
854.0,914.0
810.0,872.0
803.0,835.0
752.0,829.0
970.0,785.0
891.0,972.0
1060.0,904.0
1196.0,1049.0
1289.0,1165.0
1257.0,1245.0
1403.0,1218.0
1321.0,1343.0
1401.0,1273.0
1540.0,1342.0
1379.0,1463.0
1266.0,1324.0
1259.0,1227.0
1207.0,1221.0
1230.0,1177.0
1130.0,1197.0
935.0,1111.0
893.0,944.0
810.0,908.0
911.0,837.0
858.0,923.0
825.0,878.0
806.0,850.0
755.0,833.0
975.0,789.0
898.0,978.0
1068.0,912.0
1208.0,1058.0
1293.0,1178.0
1267.0,1251.0
1419.0,1229.0
1330.0,1360.0
1408.0,1283.0
1548.0,1351.0
1391.0,1473.0
1283.0,1337.0
1265.0,1244.0
1210.0,1229.0
1233.0,1182.0
1135.0,1202.0
949.0,1117.0
896.0,958.0
814.0,912.0
917.0,842.0
864.0,930.0
826.0,885.0
810.0,852.0
758.0,838.0
977.0,793.0
903.0,982.0
1072.0,918.0
1212.0,1063.0
1295.0,1183.0
1276.0,1255.0
1453.0,1238.0
1332.0,1392.0
1415.0,1287.0
1554.0,1359.0
1400.0,1480.0
1284.0,1347.0
1266.0,1247.0
1215.0,1232.0
1234.0,1188.0
1146.0,1205.0
953.0,1129.0
896.0,963.0
