Observation,Prediction
778.0,621.0
791.0,594.0
828.0,604.0
769.0,621.0
778.0,604.0
726.0,604.0
875.0,594.0
847.0,647.0
1013.0,648.0
1138.0,702.0
1245.0,747.0
1169.0,762.0
1318.0,762.0
1280.0,762.0
1355.0,762.0
1495.0,762.0
1328.0,762.0
1206.0,762.0
1216.0,762.0
1170.0,747.0
1186.0,738.0
1087.0,738.0
899.0,720.0
876.0,648.0
778.0,621.0
792.0,594.0
831.0,604.0
785.0,621.0
781.0,621.0
728.0,608.0
883.0,594.0
849.0,647.0
1021.0,648.0
1146.0,702.0
1252.0,762.0
1174.0,762.0
1336.0,762.0
1288.0,762.0
1362.0,762.0
1504.0,762.0
1331.0,762.0
1213.0,762.0
1232.0,762.0
1178.0,762.0
1192.0,738.0
1106.0,738.0
901.0,732.0
879.0,648.0
783.0,621.0
864.0,594.0
832.0,621.0
788.0,621.0
781.0,621.0
730.0,608.0
889.0,594.0
851.0,647.0
1023.0,648.0
1149.0,702.0
1258.0,762.0
1182.0,762.0
1347.0,762.0
1295.0,762.0
1368.0,762.0
1514.0,762.0
1332.0,762.0
1220.0,762.0
1232.0,762.0
1178.0,762.0
1195.0,738.0
1108.0,738.0
903.0,732.0
879.0,648.0
788.0,621.0
869.0,604.0
833.0,621.0
788.0,621.0
783.0,621.0
738.0,608.0
940.0,594.0
852.0,665.0
1031.0,648.0
1151.0,702.0
1261.0,762.0
1197.0,762.0
1355.0,762.0
1299.0,762.0
1374.0,762.0
1516.0,762.0
1333.0,762.0
1227.0,762.0
1232.0,762.0
1179.0,762.0
1197.0,738.0
1109.0,738.0
913.0,732.0
880.0,648.0
789.0,621.0
876.0,604.0
844.0,621.0
789.0,647.0
789.0,621.0
741.0,608.0
954.0,594.0
873.0,665.0
1039.0,665.0
1154.0,702.0
1266.0,762.0
1201.0,762.0
1364.0,762.0
1306.0,762.0
1381.0,762.0
1522.0,762.0
1345.0,762.0
1233.0,762.0
1237.0,762.0
1183.0,762.0
1202.0,738.0
1111.0,747.0
916.0,732.0
882.0,648.0
794.0,621.0
885.0,604.0
845.0,647.0
802.0,647.0
789.0,621.0
745.0,608.0
960.0,604.0
882.0,665.0
1051.0,665.0
1158.0,706.0
1274.0,762.0
1222.0,762.0
1372.0,762.0
1310.0,762.0
1390.0,762.0
1526.0,762.0
1349.0,762.0
1239.0,762.0
1240.0,762.0
1194.0,762.0
1205.0,738.0
1112.0,747.0
921.0,732.0
888.0,665.0
800.0,647.0
899.0,604.0
852.0,647.0
805.0,647.0
798.0,621.0
748.0,621.0
965.0,604.0
890.0,665.0
1056.0,665.0
1166.0,720.0
1283.0,762.0
1238.0,762.0
1397.0,762.0
1317.0,762.0
1399.0,762.0
1531.0,762.0
1366.0,762.0
1262.0,762.0
1249.0,762.0
1199.0,762.0
1216.0,747.0
1120.0,762.0
933.0,738.0
891.0,665.0
807.0,647.0
903.0,604.0
854.0,647.0
810.0,647.0
803.0,621.0
752.0,621.0
970.0,604.0
891.0,665.0
1060.0,665.0
1196.0,720.0
1289.0,762.0
1257.0,762.0
1403.0,762.0
1321.0,762.0
1401.0,762.0
1540.0,762.0
1379.0,762.0
1266.0,762.0
1259.0,762.0
1207.0,762.0
1230.0,747.0
1130.0,762.0
935.0,738.0
893.0,665.0
810.0,647.0
911.0,604.0
858.0,647.0
825.0,647.0
806.0,621.0
755.0,621.0
975.0,604.0
898.0,665.0
1068.0,665.0
1208.0,720.0
1293.0,762.0
1267.0,762.0
1419.0,762.0
1330.0,762.0
1408.0,762.0
1548.0,762.0
1391.0,762.0
1283.0,762.0
1265.0,762.0
1210.0,762.0
1233.0,762.0
1135.0,762.0
949.0,738.0
896.0,665.0
814.0,647.0
917.0,604.0
864.0,648.0
826.0,647.0
810.0,621.0
758.0,621.0
977.0,604.0
903.0,665.0
1072.0,665.0
1212.0,720.0
1295.0,762.0
1276.0,762.0
1453.0,762.0
1332.0,762.0
1415.0,762.0
1554.0,762.0
1400.0,762.0
1284.0,762.0
1266.0,762.0
1215.0,762.0
1234.0,762.0
1146.0,762.0
953.0,738.0
896.0,665.0
