Observation,Prediction
778.0,845.0
791.0,786.0
828.0,824.0
769.0,894.0
778.0,908.0
726.0,919.0
875.0,872.0
847.0,1019.0
1013.0,1005.0
1138.0,1098.0
1245.0,1200.0
1169.0,1272.0
1318.0,1195.0
1280.0,1240.0
1355.0,1208.0
1495.0,1200.0
1328.0,1278.0
1206.0,1175.0
1216.0,1058.0
1170.0,1036.0
1186.0,1012.0
1087.0,1041.0
899.0,1010.0
876.0,880.0
778.0,848.0
792.0,820.0
831.0,841.0
785.0,924.0
781.0,924.0
728.0,916.0
883.0,889.0
849.0,1005.0
1021.0,979.0
1146.0,1097.0
1252.0,1208.0
1174.0,1295.0
1336.0,1222.0
1288.0,1283.0
1362.0,1230.0
1504.0,1241.0
1331.0,1328.0
1213.0,1196.0
1232.0,1086.0
1178.0,1059.0
1192.0,1034.0
1106.0,1058.0
901.0,1015.0
879.0,867.0
783.0,851.0
864.0,812.0
832.0,900.0
788.0,919.0
781.0,899.0
730.0,914.0
889.0,873.0
851.0,993.0
1023.0,994.0
1149.0,1105.0
1258.0,1226.0
1182.0,1311.0
1347.0,1222.0
1295.0,1299.0
1368.0,1243.0
1514.0,1281.0
1332.0,1355.0
1220.0,1238.0
1232.0,1094.0
1178.0,1093.0
1195.0,1045.0
1108.0,1094.0
903.0,1028.0
879.0,883.0
788.0,860.0
869.0,804.0
833.0,888.0
788.0,891.0
783.0,885.0
738.0,908.0
940.0,880.0
852.0,1038.0
1031.0,1006.0
1151.0,1107.0
1261.0,1236.0
1197.0,1307.0
1355.0,1238.0
1299.0,1328.0
1374.0,1279.0
1516.0,1298.0
1333.0,1393.0
1227.0,1240.0
1232.0,1152.0
1179.0,1110.0
1197.0,1060.0
1109.0,1084.0
913.0,1046.0
880.0,885.0
789.0,850.0
876.0,799.0
844.0,895.0
789.0,912.0
789.0,879.0
741.0,880.0
954.0,878.0
873.0,1040.0
1039.0,1008.0
1154.0,1133.0
1266.0,1231.0
1201.0,1328.0
1364.0,1252.0
1306.0,1344.0
1381.0,1287.0
1522.0,1308.0
1345.0,1412.0
1233.0,1266.0
1237.0,1130.0
1183.0,1108.0
1202.0,1078.0
1111.0,1082.0
916.0,1064.0
882.0,875.0
794.0,852.0
885.0,803.0
845.0,896.0
802.0,912.0
789.0,894.0
745.0,884.0
960.0,870.0
882.0,1035.0
1051.0,1010.0
1158.0,1144.0
1274.0,1240.0
1222.0,1331.0
1372.0,1268.0
1310.0,1362.0
1390.0,1308.0
1526.0,1338.0
1349.0,1441.0
1239.0,1294.0
1240.0,1149.0
1194.0,1139.0
1205.0,1099.0
1112.0,1104.0
921.0,1035.0
888.0,884.0
800.0,858.0
899.0,813.0
852.0,902.0
805.0,905.0
798.0,869.0
748.0,883.0
965.0,829.0
890.0,1023.0
1056.0,986.0
1166.0,1130.0
1283.0,1246.0
1238.0,1341.0
1397.0,1296.0
1317.0,1394.0
1399.0,1330.0
1531.0,1356.0
1366.0,1452.0
1262.0,1340.0
1249.0,1176.0
1199.0,1150.0
1216.0,1112.0
1120.0,1133.0
933.0,1068.0
891.0,890.0
807.0,852.0
903.0,803.0
854.0,900.0
810.0,903.0
803.0,861.0
752.0,837.0
970.0,815.0
891.0,1039.0
1060.0,1010.0
1196.0,1113.0
1289.0,1271.0
1257.0,1350.0
1403.0,1301.0
1321.0,1392.0
1401.0,1333.0
1540.0,1368.0
1379.0,1462.0
1266.0,1338.0
1259.0,1200.0
1207.0,1178.0
1230.0,1134.0
1130.0,1158.0
935.0,1108.0
893.0,903.0
810.0,851.0
911.0,802.0
858.0,912.0
825.0,887.0
806.0,858.0
755.0,858.0
975.0,830.0
898.0,1014.0
1068.0,1009.0
1208.0,1120.0
1293.0,1259.0
1267.0,1342.0
1419.0,1319.0
1330.0,1412.0
1408.0,1349.0
1548.0,1374.0
1391.0,1486.0
1283.0,1354.0
1265.0,1220.0
1210.0,1185.0
1233.0,1133.0
1135.0,1150.0
949.0,1082.0
896.0,914.0
814.0,866.0
917.0,804.0
864.0,907.0
826.0,904.0
810.0,857.0
758.0,853.0
977.0,836.0
903.0,1020.0
1072.0,962.0
1212.0,1111.0
1295.0,1272.0
1276.0,1358.0
1453.0,1318.0
1332.0,1448.0
1415.0,1355.0
1554.0,1390.0
1400.0,1488.0
1284.0,1358.0
1266.0,1227.0
1215.0,1206.0
1234.0,1186.0
1146.0,1167.0
953.0,1096.0
896.0,919.0
