Observation,Prediction
778.0,659.0
791.0,611.0
828.0,611.0
769.0,639.0
778.0,611.0
726.0,611.0
875.0,586.0
847.0,659.0
1013.0,639.0
1138.0,686.0
1245.0,750.0
1169.0,765.0
1318.0,765.0
1280.0,765.0
1355.0,765.0
1495.0,765.0
1328.0,765.0
1206.0,765.0
1216.0,765.0
1170.0,765.0
1186.0,765.0
1087.0,765.0
899.0,732.0
876.0,659.0
778.0,659.0
792.0,611.0
831.0,611.0
785.0,639.0
781.0,611.0
728.0,611.0
883.0,586.0
849.0,659.0
1021.0,639.0
1146.0,700.0
1252.0,765.0
1174.0,765.0
1336.0,765.0
1288.0,765.0
1362.0,765.0
1504.0,765.0
1331.0,765.0
1213.0,765.0
1232.0,765.0
1178.0,765.0
1192.0,765.0
1106.0,765.0
901.0,732.0
879.0,685.0
783.0,659.0
864.0,611.0
832.0,659.0
788.0,639.0
781.0,611.0
730.0,611.0
889.0,586.0
851.0,659.0
1023.0,639.0
1149.0,700.0
1258.0,765.0
1182.0,765.0
1347.0,765.0
1295.0,765.0
1368.0,765.0
1514.0,765.0
1332.0,765.0
1220.0,765.0
1232.0,765.0
1178.0,765.0
1195.0,765.0
1108.0,765.0
903.0,732.0
879.0,685.0
788.0,659.0
869.0,611.0
833.0,659.0
788.0,639.0
783.0,611.0
738.0,611.0
940.0,608.0
852.0,667.0
1031.0,639.0
1151.0,700.0
1261.0,765.0
1197.0,765.0
1355.0,765.0
1299.0,765.0
1374.0,765.0
1516.0,765.0
1333.0,765.0
1227.0,765.0
1232.0,765.0
1179.0,765.0
1197.0,765.0
1109.0,765.0
913.0,732.0
880.0,685.0
789.0,659.0
876.0,611.0
844.0,659.0
789.0,639.0
789.0,611.0
741.0,611.0
954.0,608.0
873.0,667.0
1039.0,659.0
1154.0,700.0
1266.0,765.0
1201.0,765.0
1364.0,765.0
1306.0,765.0
1381.0,765.0
1522.0,765.0
1345.0,765.0
1233.0,765.0
1237.0,765.0
1183.0,765.0
1202.0,765.0
1111.0,765.0
916.0,732.0
882.0,685.0
794.0,659.0
885.0,611.0
845.0,659.0
802.0,639.0
789.0,611.0
745.0,611.0
960.0,608.0
882.0,674.0
1051.0,659.0
1158.0,725.0
1274.0,765.0
1222.0,765.0
1372.0,765.0
1310.0,765.0
1390.0,765.0
1526.0,765.0
1349.0,765.0
1239.0,765.0
1240.0,765.0
1194.0,765.0
1205.0,765.0
1112.0,765.0
921.0,732.0
888.0,685.0
800.0,659.0
899.0,611.0
852.0,659.0
805.0,639.0
798.0,611.0
748.0,611.0
965.0,608.0
890.0,688.0
1056.0,659.0
1166.0,725.0
1283.0,765.0
1238.0,765.0
1397.0,765.0
1317.0,765.0
1399.0,765.0
1531.0,765.0
1366.0,765.0
1262.0,765.0
1249.0,765.0
1199.0,765.0
1216.0,765.0
1120.0,765.0
933.0,735.0
891.0,667.0
807.0,659.0
903.0,611.0
854.0,685.0
810.0,639.0
803.0,611.0
752.0,611.0
970.0,608.0
891.0,688.0
1060.0,659.0
1196.0,725.0
1289.0,765.0
1257.0,765.0
1403.0,765.0
1321.0,765.0
1401.0,765.0
1540.0,765.0
1379.0,765.0
1266.0,765.0
1259.0,765.0
1207.0,765.0
1230.0,765.0
1130.0,765.0
935.0,735.0
893.0,667.0
810.0,659.0
911.0,611.0
858.0,685.0
825.0,639.0
806.0,639.0
755.0,611.0
975.0,608.0
898.0,692.0
1068.0,659.0
1208.0,732.0
1293.0,765.0
1267.0,765.0
1419.0,765.0
1330.0,765.0
1408.0,765.0
1548.0,765.0
1391.0,765.0
1283.0,765.0
1265.0,765.0
1210.0,765.0
1233.0,765.0
1135.0,765.0
949.0,735.0
896.0,667.0
814.0,659.0
917.0,639.0
864.0,685.0
826.0,659.0
810.0,639.0
758.0,611.0
977.0,608.0
903.0,692.0
1072.0,685.0
1212.0,732.0
1295.0,765.0
1276.0,765.0
1453.0,765.0
1332.0,765.0
1415.0,765.0
1554.0,765.0
1400.0,765.0
1284.0,765.0
1266.0,765.0
1215.0,765.0
1234.0,765.0
1146.0,765.0
953.0,765.0
896.0,667.0
