Observation,Prediction
778.0,886.0
791.0,790.0
828.0,801.0
769.0,832.0
778.0,782.0
726.0,790.0
875.0,746.0
847.0,873.0
1013.0,849.0
1138.0,989.0
1245.0,1095.0
1169.0,1186.0
1318.0,1122.0
1280.0,1250.0
1355.0,1218.0
1495.0,1283.0
1328.0,1405.0
1206.0,1261.0
1216.0,1156.0
1170.0,1166.0
1186.0,1127.0
1087.0,1140.0
899.0,1056.0
876.0,895.0
778.0,876.0
792.0,792.0
831.0,805.0
785.0,838.0
781.0,799.0
728.0,795.0
883.0,750.0
849.0,882.0
1021.0,853.0
1146.0,1000.0
1252.0,1106.0
1174.0,1197.0
1336.0,1130.0
1288.0,1269.0
1362.0,1229.0
1504.0,1293.0
1331.0,1417.0
1213.0,1268.0
1232.0,1166.0
1178.0,1183.0
1192.0,1137.0
1106.0,1149.0
901.0,1075.0
879.0,900.0
783.0,881.0
864.0,799.0
832.0,868.0
788.0,841.0
781.0,804.0
730.0,798.0
889.0,754.0
851.0,890.0
1023.0,858.0
1149.0,1004.0
1258.0,1112.0
1182.0,1205.0
1347.0,1140.0
1295.0,1282.0
1368.0,1238.0
1514.0,1301.0
1332.0,1429.0
1220.0,1272.0
1232.0,1175.0
1178.0,1186.0
1195.0,1140.0
1108.0,1155.0
903.0,1080.0
879.0,904.0
788.0,884.0
869.0,806.0
833.0,875.0
788.0,845.0
783.0,806.0
738.0,802.0
940.0,764.0
852.0,936.0
1031.0,861.0
1151.0,1014.0
1261.0,1117.0
1197.0,1211.0
1355.0,1157.0
1299.0,1292.0
1374.0,1245.0
1516.0,1310.0
1333.0,1434.0
1227.0,1275.0
1232.0,1184.0
1179.0,1189.0
1197.0,1143.0
1109.0,1159.0
913.0,1083.0
880.0,915.0
789.0,887.0
876.0,809.0
844.0,884.0
789.0,856.0
789.0,809.0
741.0,809.0
954.0,768.0
873.0,950.0
1039.0,881.0
1154.0,1023.0
1266.0,1122.0
1201.0,1218.0
1364.0,1162.0
1306.0,1303.0
1381.0,1253.0
1522.0,1319.0
1345.0,1442.0
1233.0,1288.0
1237.0,1192.0
1183.0,1196.0
1202.0,1149.0
1111.0,1166.0
916.0,1088.0
882.0,920.0
794.0,891.0
885.0,815.0
845.0,894.0
802.0,859.0
789.0,822.0
745.0,811.0
960.0,774.0
882.0,958.0
1051.0,891.0
1158.0,1036.0
1274.0,1128.0
1222.0,1228.0
1372.0,1183.0
1310.0,1313.0
1390.0,1260.0
1526.0,1329.0
1349.0,1448.0
1239.0,1295.0
1240.0,1200.0
1194.0,1201.0
1205.0,1161.0
1112.0,1171.0
921.0,1091.0
888.0,926.0
800.0,898.0
899.0,823.0
852.0,908.0
805.0,868.0
798.0,827.0
748.0,821.0
965.0,778.0
890.0,964.0
1056.0,900.0
1166.0,1043.0
1283.0,1137.0
1238.0,1238.0
1397.0,1200.0
1317.0,1337.0
1399.0,1268.0
1531.0,1339.0
1366.0,1455.0
1262.0,1312.0
1249.0,1222.0
1199.0,1211.0
1216.0,1168.0
1120.0,1183.0
933.0,1100.0
891.0,939.0
807.0,903.0
903.0,830.0
854.0,914.0
810.0,871.0
803.0,833.0
752.0,828.0
970.0,783.0
891.0,971.0
1060.0,903.0
1196.0,1048.0
1289.0,1165.0
1257.0,1246.0
1403.0,1218.0
1321.0,1345.0
1401.0,1274.0
1540.0,1344.0
1379.0,1465.0
1266.0,1326.0
1259.0,1228.0
1207.0,1222.0
1230.0,1177.0
1130.0,1197.0
935.0,1111.0
893.0,943.0
810.0,906.0
911.0,835.0
858.0,922.0
825.0,876.0
806.0,848.0
755.0,832.0
975.0,788.0
898.0,978.0
1068.0,911.0
1208.0,1058.0
1293.0,1178.0
1267.0,1252.0
1419.0,1229.0
1330.0,1361.0
1408.0,1285.0
1548.0,1353.0
1391.0,1476.0
1283.0,1339.0
1265.0,1245.0
1210.0,1230.0
1233.0,1182.0
1135.0,1202.0
949.0,1117.0
896.0,957.0
814.0,911.0
917.0,840.0
864.0,929.0
826.0,883.0
810.0,850.0
758.0,836.0
977.0,791.0
903.0,981.0
1072.0,917.0
1212.0,1063.0
1295.0,1184.0
1276.0,1256.0
1453.0,1240.0
1332.0,1394.0
1415.0,1289.0
1554.0,1361.0
1400.0,1484.0
1284.0,1349.0
1266.0,1248.0
1215.0,1233.0
1234.0,1189.0
1146.0,1205.0
953.0,1129.0
896.0,962.0
