Observation,Prediction
778.0,629.0
791.0,629.0
828.0,618.0
769.0,627.0
778.0,618.0
726.0,604.0
875.0,594.0
847.0,658.0
1013.0,658.0
1138.0,704.0
1245.0,765.0
1169.0,765.0
1318.0,765.0
1280.0,765.0
1355.0,765.0
1495.0,765.0
1328.0,765.0
1206.0,765.0
1216.0,765.0
1170.0,765.0
1186.0,765.0
1087.0,765.0
899.0,724.0
876.0,658.0
778.0,627.0
792.0,618.0
831.0,618.0
785.0,627.0
781.0,619.0
728.0,614.0
883.0,594.0
849.0,658.0
1021.0,673.0
1146.0,704.0
1252.0,765.0
1174.0,765.0
1336.0,765.0
1288.0,765.0
1362.0,765.0
1504.0,765.0
1331.0,765.0
1213.0,765.0
1232.0,765.0
1178.0,765.0
1192.0,765.0
1106.0,765.0
901.0,724.0
879.0,658.0
783.0,629.0
864.0,629.0
832.0,658.0
788.0,658.0
781.0,619.0
730.0,614.0
889.0,593.0
851.0,658.0
1023.0,658.0
1149.0,704.0
1258.0,765.0
1182.0,765.0
1347.0,765.0
1295.0,765.0
1368.0,765.0
1514.0,765.0
1332.0,765.0
1220.0,765.0
1232.0,765.0
1178.0,765.0
1195.0,765.0
1108.0,765.0
903.0,724.0
879.0,658.0
788.0,624.0
869.0,618.0
833.0,658.0
788.0,658.0
783.0,619.0
738.0,604.0
940.0,614.0
852.0,673.0
1031.0,673.0
1151.0,673.0
1261.0,765.0
1197.0,765.0
1355.0,765.0
1299.0,765.0
1374.0,765.0
1516.0,765.0
1333.0,765.0
1227.0,765.0
1232.0,765.0
1179.0,765.0
1197.0,765.0
1109.0,765.0
913.0,724.0
880.0,658.0
789.0,624.0
876.0,629.0
844.0,658.0
789.0,658.0
789.0,619.0
741.0,614.0
954.0,614.0
873.0,673.0
1039.0,658.0
1154.0,704.0
1266.0,765.0
1201.0,765.0
1364.0,765.0
1306.0,765.0
1381.0,765.0
1522.0,765.0
1345.0,765.0
1233.0,765.0
1237.0,765.0
1183.0,765.0
1202.0,765.0
1111.0,765.0
916.0,724.0
882.0,658.0
794.0,629.0
885.0,629.0
845.0,658.0
802.0,658.0
789.0,629.0
745.0,614.0
960.0,614.0
882.0,673.0
1051.0,658.0
1158.0,704.0
1274.0,754.0
1222.0,765.0
1372.0,765.0
1310.0,765.0
1390.0,765.0
1526.0,765.0
1349.0,765.0
1239.0,765.0
1240.0,765.0
1194.0,765.0
1205.0,765.0
1112.0,765.0
921.0,724.0
888.0,658.0
800.0,624.0
899.0,629.0
852.0,658.0
805.0,658.0
798.0,619.0
748.0,618.0
965.0,614.0
890.0,673.0
1056.0,704.0
1166.0,704.0
1283.0,754.0
1238.0,765.0
1397.0,765.0
1317.0,765.0
1399.0,765.0
1531.0,765.0
1366.0,765.0
1262.0,765.0
1249.0,765.0
1199.0,765.0
1216.0,765.0
1120.0,765.0
933.0,724.0
891.0,658.0
807.0,627.0
903.0,624.0
854.0,658.0
810.0,658.0
803.0,629.0
752.0,614.0
970.0,614.0
891.0,673.0
1060.0,673.0
1196.0,704.0
1289.0,765.0
1257.0,765.0
1403.0,765.0
1321.0,765.0
1401.0,765.0
1540.0,765.0
1379.0,765.0
1266.0,765.0
1259.0,765.0
1207.0,765.0
1230.0,765.0
1130.0,765.0
935.0,746.0
893.0,658.0
810.0,627.0
911.0,624.0
858.0,658.0
825.0,658.0
806.0,629.0
755.0,619.0
975.0,614.0
898.0,673.0
1068.0,704.0
1208.0,724.0
1293.0,765.0
1267.0,765.0
1419.0,765.0
1330.0,765.0
1408.0,765.0
1548.0,765.0
1391.0,765.0
1283.0,765.0
1265.0,765.0
1210.0,765.0
1233.0,765.0
1135.0,765.0
949.0,754.0
896.0,658.0
814.0,658.0
917.0,619.0
864.0,658.0
826.0,658.0
810.0,629.0
758.0,618.0
977.0,614.0
903.0,673.0
1072.0,673.0
1212.0,724.0
1295.0,765.0
1276.0,765.0
1453.0,765.0
1332.0,765.0
1415.0,765.0
1554.0,765.0
1400.0,765.0
1284.0,765.0
1266.0,765.0
1215.0,765.0
1234.0,765.0
1146.0,765.0
953.0,724.0
896.0,658.0
