Observation,Prediction
778.0,850.0
791.0,776.0
828.0,792.0
769.0,859.0
778.0,879.0
726.0,915.0
875.0,901.0
847.0,1012.0
1013.0,990.0
1138.0,1119.0
1245.0,1206.0
1169.0,1272.0
1318.0,1194.0
1280.0,1243.0
1355.0,1181.0
1495.0,1217.0
1328.0,1284.0
1206.0,1177.0
1216.0,1051.0
1170.0,1035.0
1186.0,1014.0
1087.0,1046.0
899.0,1000.0
876.0,890.0
778.0,860.0
792.0,826.0
831.0,837.0
785.0,918.0
781.0,927.0
728.0,940.0
883.0,906.0
849.0,1004.0
1021.0,993.0
1146.0,1121.0
1252.0,1205.0
1174.0,1285.0
1336.0,1210.0
1288.0,1276.0
1362.0,1236.0
1504.0,1238.0
1331.0,1331.0
1213.0,1210.0
1232.0,1089.0
1178.0,1066.0
1192.0,1032.0
1106.0,1066.0
901.0,1023.0
879.0,892.0
783.0,875.0
864.0,809.0
832.0,898.0
788.0,916.0
781.0,913.0
730.0,900.0
889.0,884.0
851.0,1007.0
1023.0,997.0
1149.0,1126.0
1258.0,1225.0
1182.0,1297.0
1347.0,1220.0
1295.0,1293.0
1368.0,1239.0
1514.0,1279.0
1332.0,1346.0
1220.0,1235.0
1232.0,1108.0
1178.0,1079.0
1195.0,1047.0
1108.0,1070.0
903.0,1029.0
879.0,894.0
788.0,866.0
869.0,814.0
833.0,899.0
788.0,914.0
783.0,890.0
738.0,881.0
940.0,886.0
852.0,1038.0
1031.0,1000.0
1151.0,1114.0
1261.0,1232.0
1197.0,1308.0
1355.0,1243.0
1299.0,1314.0
1374.0,1265.0
1516.0,1293.0
1333.0,1381.0
1227.0,1244.0
1232.0,1134.0
1179.0,1094.0
1197.0,1062.0
1109.0,1091.0
913.0,1034.0
880.0,898.0
789.0,860.0
876.0,808.0
844.0,898.0
789.0,916.0
789.0,887.0
741.0,913.0
954.0,883.0
873.0,1046.0
1039.0,1017.0
1154.0,1139.0
1266.0,1236.0
1201.0,1320.0
1364.0,1249.0
1306.0,1344.0
1381.0,1286.0
1522.0,1318.0
1345.0,1403.0
1233.0,1272.0
1237.0,1136.0
1183.0,1102.0
1202.0,1065.0
1111.0,1096.0
916.0,1053.0
882.0,887.0
794.0,850.0
885.0,808.0
845.0,897.0
802.0,896.0
789.0,881.0
745.0,894.0
960.0,860.0
882.0,1057.0
1051.0,994.0
1158.0,1137.0
1274.0,1235.0
1222.0,1334.0
1372.0,1266.0
1310.0,1355.0
1390.0,1294.0
1526.0,1336.0
1349.0,1413.0
1239.0,1276.0
1240.0,1156.0
1194.0,1115.0
1205.0,1097.0
1112.0,1097.0
921.0,1027.0
888.0,895.0
800.0,854.0
899.0,804.0
852.0,908.0
805.0,894.0
798.0,877.0
748.0,876.0
965.0,839.0
890.0,1060.0
1056.0,990.0
1166.0,1144.0
1283.0,1240.0
1238.0,1346.0
1397.0,1302.0
1317.0,1376.0
1399.0,1317.0
1531.0,1342.0
1366.0,1447.0
1262.0,1312.0
1249.0,1188.0
1199.0,1125.0
1216.0,1113.0
1120.0,1104.0
933.0,1055.0
891.0,890.0
807.0,847.0
903.0,806.0
854.0,907.0
810.0,896.0
803.0,873.0
752.0,891.0
970.0,866.0
891.0,1029.0
1060.0,998.0
1196.0,1136.0
1289.0,1240.0
1257.0,1342.0
1403.0,1312.0
1321.0,1398.0
1401.0,1324.0
1540.0,1358.0
1379.0,1458.0
1266.0,1352.0
1259.0,1193.0
1207.0,1150.0
1230.0,1118.0
1130.0,1136.0
935.0,1060.0
893.0,901.0
810.0,865.0
911.0,797.0
858.0,907.0
825.0,895.0
806.0,878.0
755.0,865.0
975.0,854.0
898.0,1044.0
1068.0,1030.0
1208.0,1154.0
1293.0,1262.0
1267.0,1334.0
1419.0,1310.0
1330.0,1419.0
1408.0,1336.0
1548.0,1377.0
1391.0,1470.0
1283.0,1340.0
1265.0,1201.0
1210.0,1187.0
1233.0,1137.0
1135.0,1188.0
949.0,1110.0
896.0,917.0
814.0,856.0
917.0,807.0
864.0,911.0
826.0,888.0
810.0,871.0
758.0,865.0
977.0,860.0
903.0,1022.0
1072.0,975.0
1212.0,1136.0
1295.0,1263.0
1276.0,1359.0
1453.0,1328.0
1332.0,1460.0
1415.0,1345.0
1554.0,1388.0
1400.0,1494.0
1284.0,1373.0
1266.0,1235.0
1215.0,1199.0
1234.0,1145.0
1146.0,1164.0
953.0,1104.0
896.0,936.0
