Observation,Prediction
778.0,844.0
791.0,772.0
828.0,803.0
769.0,868.0
778.0,876.0
726.0,862.0
875.0,897.0
847.0,1007.0
1013.0,1017.0
1138.0,1118.0
1245.0,1221.0
1169.0,1279.0
1318.0,1192.0
1280.0,1274.0
1355.0,1208.0
1495.0,1233.0
1328.0,1338.0
1206.0,1197.0
1216.0,1094.0
1170.0,1047.0
1186.0,1027.0
1087.0,1069.0
899.0,1014.0
876.0,879.0
778.0,847.0
792.0,818.0
831.0,851.0
785.0,925.0
781.0,910.0
728.0,920.0
883.0,883.0
849.0,1001.0
1021.0,996.0
1146.0,1110.0
1252.0,1214.0
1174.0,1303.0
1336.0,1216.0
1288.0,1282.0
1362.0,1254.0
1504.0,1262.0
1331.0,1357.0
1213.0,1222.0
1232.0,1084.0
1178.0,1057.0
1192.0,1048.0
1106.0,1067.0
901.0,1022.0
879.0,886.0
783.0,866.0
864.0,803.0
832.0,892.0
788.0,902.0
781.0,892.0
730.0,883.0
889.0,880.0
851.0,1013.0
1023.0,985.0
1149.0,1119.0
1258.0,1232.0
1182.0,1306.0
1347.0,1222.0
1295.0,1310.0
1368.0,1256.0
1514.0,1285.0
1332.0,1379.0
1220.0,1268.0
1232.0,1137.0
1178.0,1100.0
1195.0,1063.0
1108.0,1074.0
903.0,1045.0
879.0,875.0
788.0,851.0
869.0,811.0
833.0,889.0
788.0,895.0
783.0,876.0
738.0,897.0
940.0,889.0
852.0,1035.0
1031.0,1002.0
1151.0,1114.0
1261.0,1238.0
1197.0,1316.0
1355.0,1239.0
1299.0,1329.0
1374.0,1282.0
1516.0,1303.0
1333.0,1426.0
1227.0,1248.0
1232.0,1134.0
1179.0,1134.0
1197.0,1091.0
1109.0,1136.0
913.0,1043.0
880.0,884.0
789.0,852.0
876.0,800.0
844.0,887.0
789.0,902.0
789.0,830.0
741.0,865.0
954.0,846.0
873.0,1019.0
1039.0,988.0
1154.0,1108.0
1266.0,1231.0
1201.0,1318.0
1364.0,1244.0
1306.0,1358.0
1381.0,1303.0
1522.0,1332.0
1345.0,1458.0
1233.0,1295.0
1237.0,1165.0
1183.0,1139.0
1202.0,1114.0
1111.0,1118.0
916.0,1050.0
882.0,890.0
794.0,852.0
885.0,810.0
845.0,892.0
802.0,890.0
789.0,863.0
745.0,866.0
960.0,879.0
882.0,1028.0
1051.0,988.0
1158.0,1105.0
1274.0,1217.0
1222.0,1333.0
1372.0,1271.0
1310.0,1370.0
1390.0,1318.0
1526.0,1352.0
1349.0,1466.0
1239.0,1310.0
1240.0,1167.0
1194.0,1149.0
1205.0,1122.0
1112.0,1123.0
921.0,1062.0
888.0,894.0
800.0,857.0
899.0,808.0
852.0,908.0
805.0,900.0
798.0,860.0
748.0,864.0
965.0,816.0
890.0,1013.0
1056.0,1001.0
1166.0,1099.0
1283.0,1229.0
1238.0,1322.0
1397.0,1296.0
1317.0,1398.0
1399.0,1331.0
1531.0,1359.0
1366.0,1451.0
1262.0,1316.0
1249.0,1196.0
1199.0,1166.0
1216.0,1132.0
1120.0,1161.0
933.0,1077.0
891.0,895.0
807.0,855.0
903.0,806.0
854.0,901.0
810.0,892.0
803.0,848.0
752.0,838.0
970.0,822.0
891.0,1028.0
1060.0,1026.0
1196.0,1116.0
1289.0,1263.0
1257.0,1345.0
1403.0,1305.0
1321.0,1401.0
1401.0,1327.0
1540.0,1380.0
1379.0,1486.0
1266.0,1350.0
1259.0,1212.0
1207.0,1193.0
1230.0,1158.0
1130.0,1146.0
935.0,1060.0
893.0,908.0
810.0,849.0
911.0,804.0
858.0,906.0
825.0,886.0
806.0,873.0
755.0,857.0
975.0,846.0
898.0,1013.0
1068.0,974.0
1208.0,1108.0
1293.0,1266.0
1267.0,1350.0
1419.0,1301.0
1330.0,1420.0
1408.0,1341.0
1548.0,1383.0
1391.0,1506.0
1283.0,1372.0
1265.0,1227.0
1210.0,1200.0
1233.0,1162.0
1135.0,1151.0
949.0,1106.0
896.0,909.0
814.0,857.0
917.0,805.0
864.0,911.0
826.0,896.0
810.0,859.0
758.0,840.0
977.0,822.0
903.0,1037.0
1072.0,980.0
1212.0,1102.0
1295.0,1268.0
1276.0,1357.0
1453.0,1307.0
1332.0,1457.0
1415.0,1354.0
1554.0,1382.0
1400.0,1526.0
1284.0,1378.0
1266.0,1235.0
1215.0,1199.0
1234.0,1134.0
1146.0,1191.0
953.0,1114.0
896.0,925.0
