Observation,Prediction
778.0,651.0
791.0,619.0
828.0,621.0
769.0,640.0
778.0,616.0
726.0,616.0
875.0,602.0
847.0,662.0
1013.0,651.0
1138.0,706.0
1245.0,759.0
1169.0,765.0
1318.0,765.0
1280.0,765.0
1355.0,765.0
1495.0,765.0
1328.0,765.0
1206.0,765.0
1216.0,765.0
1170.0,762.0
1186.0,760.0
1087.0,760.0
899.0,730.0
876.0,665.0
778.0,651.0
792.0,617.0
831.0,621.0
785.0,640.0
781.0,624.0
728.0,621.0
883.0,602.0
849.0,662.0
1021.0,654.0
1146.0,709.0
1252.0,765.0
1174.0,765.0
1336.0,765.0
1288.0,765.0
1362.0,765.0
1504.0,765.0
1331.0,765.0
1213.0,765.0
1232.0,765.0
1178.0,765.0
1192.0,760.0
1106.0,760.0
901.0,733.0
879.0,671.0
783.0,651.0
864.0,621.0
832.0,657.0
788.0,646.0
781.0,624.0
730.0,621.0
889.0,600.0
851.0,665.0
1023.0,651.0
1149.0,709.0
1258.0,765.0
1182.0,765.0
1347.0,765.0
1295.0,765.0
1368.0,765.0
1514.0,765.0
1332.0,765.0
1220.0,765.0
1232.0,765.0
1178.0,765.0
1195.0,760.0
1108.0,760.0
903.0,738.0
879.0,671.0
788.0,650.0
869.0,621.0
833.0,657.0
788.0,646.0
783.0,624.0
738.0,619.0
940.0,608.0
852.0,675.0
1031.0,654.0
1151.0,704.0
1261.0,765.0
1197.0,765.0
1355.0,765.0
1299.0,765.0
1374.0,765.0
1516.0,765.0
1333.0,765.0
1227.0,765.0
1232.0,765.0
1179.0,765.0
1197.0,760.0
1109.0,760.0
913.0,738.0
880.0,672.0
789.0,650.0
876.0,623.0
844.0,657.0
789.0,651.0
789.0,624.0
741.0,621.0
954.0,608.0
873.0,675.0
1039.0,666.0
1154.0,716.0
1266.0,765.0
1201.0,765.0
1364.0,765.0
1306.0,765.0
1381.0,765.0
1522.0,765.0
1345.0,765.0
1233.0,765.0
1237.0,765.0
1183.0,765.0
1202.0,760.0
1111.0,762.0
916.0,738.0
882.0,672.0
794.0,651.0
885.0,625.0
845.0,665.0
802.0,651.0
789.0,634.0
745.0,621.0
960.0,610.0
882.0,680.0
1051.0,666.0
1158.0,722.0
1274.0,763.0
1222.0,765.0
1372.0,765.0
1310.0,765.0
1390.0,765.0
1526.0,765.0
1349.0,765.0
1239.0,765.0
1240.0,765.0
1194.0,765.0
1205.0,760.0
1112.0,762.0
921.0,744.0
888.0,676.0
800.0,658.0
899.0,627.0
852.0,665.0
805.0,655.0
798.0,632.0
748.0,628.0
965.0,610.0
890.0,682.0
1056.0,678.0
1166.0,724.0
1283.0,763.0
1238.0,765.0
1397.0,765.0
1317.0,765.0
1399.0,765.0
1531.0,765.0
1366.0,765.0
1262.0,765.0
1249.0,765.0
1199.0,765.0
1216.0,762.0
1120.0,765.0
933.0,746.0
891.0,672.0
807.0,659.0
903.0,630.0
854.0,670.0
810.0,655.0
803.0,634.0
752.0,631.0
970.0,610.0
891.0,685.0
1060.0,672.0
1196.0,724.0
1289.0,765.0
1257.0,765.0
1403.0,765.0
1321.0,765.0
1401.0,765.0
1540.0,765.0
1379.0,765.0
1266.0,765.0
1259.0,765.0
1207.0,765.0
1230.0,762.0
1130.0,765.0
935.0,750.0
893.0,672.0
810.0,659.0
911.0,630.0
858.0,672.0
825.0,658.0
806.0,640.0
755.0,632.0
975.0,612.0
898.0,686.0
1068.0,678.0
1208.0,730.0
1293.0,765.0
1267.0,765.0
1419.0,765.0
1330.0,765.0
1408.0,765.0
1548.0,765.0
1391.0,765.0
1283.0,765.0
1265.0,765.0
1210.0,765.0
1233.0,765.0
1135.0,765.0
949.0,752.0
896.0,672.0
814.0,665.0
917.0,635.0
864.0,672.0
826.0,662.0
810.0,640.0
758.0,632.0
977.0,614.0
903.0,686.0
1072.0,677.0
1212.0,730.0
1295.0,765.0
1276.0,765.0
1453.0,765.0
1332.0,765.0
1415.0,765.0
1554.0,765.0
1400.0,765.0
1284.0,765.0
1266.0,765.0
1215.0,765.0
1234.0,765.0
1146.0,765.0
953.0,752.0
896.0,672.0
