Observation,Prediction
778.0,900.0
791.0,775.0
828.0,806.0
769.0,836.0
778.0,777.0
726.0,793.0
875.0,742.0
847.0,888.0
1013.0,844.0
1138.0,1004.0
1245.0,1101.0
1169.0,1190.0
1318.0,1107.0
1280.0,1258.0
1355.0,1204.0
1495.0,1283.0
1328.0,1408.0
1206.0,1235.0
1216.0,1141.0
1170.0,1162.0
1186.0,1116.0
1087.0,1138.0
899.0,1042.0
876.0,877.0
778.0,876.0
792.0,783.0
831.0,808.0
785.0,842.0
781.0,794.0
728.0,797.0
883.0,746.0
849.0,899.0
1021.0,848.0
1146.0,1016.0
1252.0,1112.0
1174.0,1200.0
1336.0,1115.0
1288.0,1280.0
1362.0,1214.0
1504.0,1294.0
1331.0,1421.0
1213.0,1240.0
1232.0,1151.0
1178.0,1181.0
1192.0,1126.0
1106.0,1146.0
901.0,1062.0
879.0,879.0
783.0,882.0
864.0,790.0
832.0,879.0
788.0,837.0
781.0,801.0
730.0,799.0
889.0,751.0
851.0,908.0
1023.0,852.0
1149.0,1021.0
1258.0,1118.0
1182.0,1210.0
1347.0,1126.0
1295.0,1294.0
1368.0,1224.0
1514.0,1303.0
1332.0,1434.0
1220.0,1244.0
1232.0,1162.0
1178.0,1183.0
1195.0,1130.0
1108.0,1153.0
903.0,1067.0
879.0,884.0
788.0,884.0
869.0,798.0
833.0,886.0
788.0,840.0
783.0,804.0
738.0,804.0
940.0,761.0
852.0,958.0
1031.0,850.0
1151.0,1032.0
1261.0,1122.0
1197.0,1216.0
1355.0,1144.0
1299.0,1303.0
1374.0,1231.0
1516.0,1312.0
1333.0,1438.0
1227.0,1249.0
1232.0,1172.0
1179.0,1186.0
1197.0,1134.0
1109.0,1158.0
913.0,1071.0
880.0,896.0
789.0,887.0
876.0,801.0
844.0,895.0
789.0,852.0
789.0,806.0
741.0,812.0
954.0,765.0
873.0,974.0
1039.0,870.0
1154.0,1040.0
1266.0,1128.0
1201.0,1224.0
1364.0,1150.0
1306.0,1315.0
1381.0,1239.0
1522.0,1321.0
1345.0,1447.0
1233.0,1263.0
1237.0,1179.0
1183.0,1193.0
1202.0,1140.0
1111.0,1165.0
916.0,1075.0
882.0,901.0
794.0,891.0
885.0,808.0
845.0,905.0
802.0,855.0
789.0,820.0
745.0,812.0
960.0,771.0
882.0,981.0
1051.0,881.0
1158.0,1053.0
1274.0,1134.0
1222.0,1234.0
1372.0,1173.0
1310.0,1324.0
1390.0,1246.0
1526.0,1333.0
1349.0,1453.0
1239.0,1269.0
1240.0,1187.0
1194.0,1198.0
1205.0,1153.0
1112.0,1170.0
921.0,1079.0
888.0,907.0
800.0,898.0
899.0,815.0
852.0,920.0
805.0,862.0
798.0,825.0
748.0,823.0
965.0,775.0
890.0,989.0
1056.0,890.0
1166.0,1060.0
1283.0,1144.0
1238.0,1245.0
1397.0,1189.0
1317.0,1349.0
1399.0,1253.0
1531.0,1344.0
1366.0,1460.0
1262.0,1288.0
1249.0,1210.0
1199.0,1207.0
1216.0,1160.0
1120.0,1182.0
933.0,1088.0
891.0,921.0
807.0,902.0
903.0,824.0
854.0,925.0
810.0,866.0
803.0,832.0
752.0,829.0
970.0,781.0
891.0,995.0
1060.0,893.0
1196.0,1066.0
1289.0,1174.0
1257.0,1250.0
1403.0,1210.0
1321.0,1355.0
1401.0,1259.0
1540.0,1348.0
1379.0,1471.0
1266.0,1302.0
1259.0,1215.0
1207.0,1219.0
1230.0,1169.0
1130.0,1197.0
935.0,1098.0
893.0,924.0
810.0,906.0
911.0,829.0
858.0,935.0
825.0,871.0
806.0,848.0
755.0,832.0
975.0,785.0
898.0,1001.0
1068.0,901.0
1208.0,1075.0
1293.0,1187.0
1267.0,1255.0
1419.0,1223.0
1330.0,1372.0
1408.0,1269.0
1548.0,1357.0
1391.0,1482.0
1283.0,1317.0
1265.0,1233.0
1210.0,1226.0
1233.0,1174.0
1135.0,1203.0
949.0,1106.0
896.0,939.0
814.0,909.0
917.0,834.0
864.0,942.0
826.0,878.0
810.0,849.0
758.0,838.0
977.0,789.0
903.0,1004.0
1072.0,908.0
1212.0,1080.0
1295.0,1193.0
1276.0,1259.0
1453.0,1233.0
1332.0,1406.0
1415.0,1270.0
1554.0,1366.0
1400.0,1489.0
1284.0,1327.0
1266.0,1235.0
1215.0,1229.0
1234.0,1181.0
1146.0,1205.0
953.0,1119.0
896.0,944.0
