Observation,Prediction
778.0,809.0
791.0,753.0
828.0,790.0
769.0,865.0
778.0,875.0
726.0,912.0
875.0,907.0
847.0,1011.0
1013.0,1020.0
1138.0,1120.0
1245.0,1207.0
1169.0,1278.0
1318.0,1201.0
1280.0,1248.0
1355.0,1193.0
1495.0,1212.0
1328.0,1300.0
1206.0,1195.0
1216.0,1048.0
1170.0,1031.0
1186.0,1004.0
1087.0,1055.0
899.0,1014.0
876.0,893.0
778.0,854.0
792.0,816.0
831.0,843.0
785.0,919.0
781.0,922.0
728.0,935.0
883.0,904.0
849.0,1002.0
1021.0,995.0
1146.0,1101.0
1252.0,1214.0
1174.0,1289.0
1336.0,1207.0
1288.0,1275.0
1362.0,1230.0
1504.0,1260.0
1331.0,1322.0
1213.0,1208.0
1232.0,1080.0
1178.0,1065.0
1192.0,1034.0
1106.0,1069.0
901.0,1022.0
879.0,887.0
783.0,868.0
864.0,814.0
832.0,889.0
788.0,912.0
781.0,898.0
730.0,909.0
889.0,879.0
851.0,989.0
1023.0,976.0
1149.0,1112.0
1258.0,1227.0
1182.0,1299.0
1347.0,1228.0
1295.0,1287.0
1368.0,1234.0
1514.0,1263.0
1332.0,1368.0
1220.0,1226.0
1232.0,1099.0
1178.0,1108.0
1195.0,1048.0
1108.0,1092.0
903.0,1033.0
879.0,898.0
788.0,854.0
869.0,814.0
833.0,891.0
788.0,901.0
783.0,898.0
738.0,912.0
940.0,880.0
852.0,1030.0
1031.0,1003.0
1151.0,1120.0
1261.0,1231.0
1197.0,1303.0
1355.0,1242.0
1299.0,1321.0
1374.0,1259.0
1516.0,1303.0
1333.0,1381.0
1227.0,1244.0
1232.0,1120.0
1179.0,1112.0
1197.0,1077.0
1109.0,1081.0
913.0,1034.0
880.0,909.0
789.0,862.0
876.0,806.0
844.0,897.0
789.0,906.0
789.0,898.0
741.0,897.0
954.0,880.0
873.0,1044.0
1039.0,1018.0
1154.0,1133.0
1266.0,1235.0
1201.0,1305.0
1364.0,1254.0
1306.0,1332.0
1381.0,1270.0
1522.0,1317.0
1345.0,1393.0
1233.0,1262.0
1237.0,1133.0
1183.0,1138.0
1202.0,1078.0
1111.0,1090.0
916.0,1038.0
882.0,892.0
794.0,859.0
885.0,802.0
845.0,902.0
802.0,897.0
789.0,890.0
745.0,879.0
960.0,872.0
882.0,1033.0
1051.0,1046.0
1158.0,1131.0
1274.0,1244.0
1222.0,1324.0
1372.0,1279.0
1310.0,1354.0
1390.0,1299.0
1526.0,1337.0
1349.0,1454.0
1239.0,1288.0
1240.0,1138.0
1194.0,1138.0
1205.0,1085.0
1112.0,1108.0
921.0,1053.0
888.0,899.0
800.0,858.0
899.0,809.0
852.0,901.0
805.0,901.0
798.0,896.0
748.0,891.0
965.0,881.0
890.0,1050.0
1056.0,1000.0
1166.0,1139.0
1283.0,1257.0
1238.0,1331.0
1397.0,1293.0
1317.0,1383.0
1399.0,1321.0
1531.0,1352.0
1366.0,1445.0
1262.0,1302.0
1249.0,1168.0
1199.0,1122.0
1216.0,1089.0
1120.0,1113.0
933.0,1051.0
891.0,899.0
807.0,850.0
903.0,807.0
854.0,905.0
810.0,903.0
803.0,882.0
752.0,889.0
970.0,874.0
891.0,1051.0
1060.0,1012.0
1196.0,1142.0
1289.0,1274.0
1257.0,1350.0
1403.0,1327.0
1321.0,1402.0
1401.0,1334.0
1540.0,1369.0
1379.0,1455.0
1266.0,1321.0
1259.0,1186.0
1207.0,1181.0
1230.0,1137.0
1130.0,1148.0
935.0,1066.0
893.0,904.0
810.0,852.0
911.0,805.0
858.0,903.0
825.0,907.0
806.0,885.0
755.0,898.0
975.0,837.0
898.0,1030.0
1068.0,1020.0
1208.0,1158.0
1293.0,1273.0
1267.0,1345.0
1419.0,1327.0
1330.0,1424.0
1408.0,1345.0
1548.0,1377.0
1391.0,1463.0
1283.0,1343.0
1265.0,1218.0
1210.0,1169.0
1233.0,1111.0
1135.0,1132.0
949.0,1081.0
896.0,908.0
814.0,866.0
917.0,809.0
864.0,901.0
826.0,899.0
810.0,865.0
758.0,878.0
977.0,853.0
903.0,1043.0
1072.0,1004.0
1212.0,1116.0
1295.0,1290.0
1276.0,1351.0
1453.0,1325.0
1332.0,1454.0
1415.0,1353.0
1554.0,1376.0
1400.0,1495.0
1284.0,1367.0
1266.0,1223.0
1215.0,1190.0
1234.0,1137.0
1146.0,1162.0
953.0,1065.0
896.0,923.0
