1293.0
1242.0
1199.0
1199.0
1121.0
902.0
839.0
771.0
769.0
785.0
781.0
782.0
734.0
818.0
829.0
964.0
1115.0
1299.0
1253.0
1330.0
1361.0
1433.0
1574.0
1475.0
1307.0
1251.0
1201.0
1207.0
1133.0
909.0
846.0
773.0
772.0
800.0
789.0
787.0
743.0
825.0
839.0
972.0
1130.0
1310.0
1280.0
1353.0
1381.0
1458.0
1608.0
1513.0
1327.0
1271.0
1226.0
1228.0
1143.0
937.0
861.0
779.0
783.0
800.0
793.0
787.0
756.0
832.0
844.0
976.0
1146.0
1323.0
1285.0
1377.0
1398.0
1468.0
1635.0
1540.0
1351.0
1295.0
1237.0
1243.0
1164.0
951.0
869.0
788.0
783.0
810.0
803.0
796.0
762.0
838.0
855.0
987.0
1161.0
1347.0
1323.0
1412.0
1418.0
1492.0
1650.0
1555.0
1363.0
1306.0
1259.0
1266.0
1185.0
957.0
873.0
789.0
792.0
815.0
809.0
802.0
772.0
850.0
877.0
1009.0
1179.0
1359.0
1335.0
1438.0
1444.0
1511.0
1659.0
1560.0
1371.0
1316.0
1268.0
1281.0
1187.0
967.0
875.0
789.0
790.0
818.0
820.0
804.0
774.0
852.0
886.0
1019.0
1191.0
1371.0
1343.0
1458.0
1462.0
1526.0
1677.0
1568.0
1381.0
1334.0
1286.0
1297.0
1212.0
975.0
880.0
792.0
837.0
851.0
831.0
803.0
769.0
860.0
886.0
1021.0
1198.0
1383.0
1357.0
1472.0
1474.0
1535.0
1691.0
1573.0
1405.0
1350.0
1282.0
1297.0
1212.0
977.0
879.0
794.0
844.0
858.0
824.0
811.0
782.0
909.0
916.0
1035.0
1198.0
1376.0
1360.0
1487.0
1472.0
1535.0
1697.0
1579.0
1416.0
1357.0
1298.0
1304.0
1223.0
992.0
899.0
814.0
849.0
874.0
834.0
811.0
785.0
922.0
927.0
1040.0
1206.0
1375.0
1358.0
1493.0
1489.0
1545.0
1705.0
1585.0
1417.0
1369.0
1303.0
1312.0
1225.0
999.0
908.0
826.0
861.0
874.0
838.0
820.0
792.0
931.0
940.0
1060.0
1222.0
1386.0
1383.0
1512.0
1499.0
1561.0
1715.0
1574.0
1416.0
1375.0
1322.0
1320.0
1228.0
1002.0
914.0
827.0
875.0
883.0
848.0
824.0
788.0
932.0
944.0
1065.0
1234.0
1399.0
1407.0
1542.0
1512.0
1574.0
1726.0
1590.0
1448.0
1396.0
1330.0
1333.0
1239.0
1015.0
922.0
840.0
879.0
887.0
855.0
831.0
797.0
942.0
951.0
1071.0
1265.0
1425.0
1441.0
1557.0
1522.0
1581.0
1736.0
1610.0
1453.0
1408.0
1341.0
1351.0
1255.0
1029.0
930.0
843.0
883.0
894.0
868.0
839.0
794.0
945.0
954.0
1080.0
1279.0
1435.0
1452.0
1577.0
1534.0
1591.0
1751.0
1634.0
1474.0
1419.0
1349.0
1358.0
1265.0
1046.0
938.0
845.0
898.0
905.0
867.0
844.0
803.0
945.0
958.0
1084.0
1282.0
1441.0
1461.0
1613.0
1547.0
1600.0
1760.0
1645.0
1483.0
1422.0
1356.0
1364.0
1283.0
1054.0
