1196.0
1127.0
1085.0
1071.0
1025.0
831.0
848.0
728.0
764.0
824.0
791.0
815.0
747.0
876.0
879.0
946.0
1053.0
1081.0
1134.0
1177.0
1166.0
1203.0
1232.0
1265.0
1210.0
1135.0
1083.0
1085.0
1038.0
835.0
846.0
745.0
776.0
826.0
802.0
807.0
742.0
869.0
888.0
949.0
1075.0
1086.0
1146.0
1180.0
1177.0
1204.0
1264.0
1293.0
1229.0
1152.0
1114.0
1102.0
1045.0
867.0
868.0
744.0
781.0
836.0
789.0
818.0
764.0
888.0
874.0
947.0
1075.0
1103.0
1148.0
1204.0
1186.0
1224.0
1258.0
1298.0
1240.0
1166.0
1108.0
1109.0
1058.0
871.0
865.0
747.0
782.0
850.0
811.0
827.0
773.0
890.0
895.0
965.0
1088.0
1109.0
1178.0
1201.0
1214.0
1229.0
1273.0
1326.0
1257.0
1162.0
1127.0
1126.0
1072.0
888.0
866.0
749.0
802.0
858.0
810.0
837.0
794.0
906.0
910.0
988.0
1104.0
1123.0
1177.0
1228.0
1219.0
1251.0
1288.0
1320.0
1247.0
1183.0
1127.0
1133.0
1075.0
884.0
879.0
744.0
792.0
860.0
827.0
830.0
790.0
903.0
918.0
983.0
1105.0
1132.0
1190.0
1232.0
1222.0
1266.0
1294.0
1340.0
1251.0
1172.0
1149.0
1148.0
1088.0
891.0
870.0
766.0
883.0
871.0
819.0
832.0
779.0
905.0
925.0
972.0
1104.0
1134.0
1188.0
1238.0
1235.0
1267.0
1292.0
1353.0
1265.0
1195.0
1149.0
1140.0
1097.0
879.0
868.0
756.0
874.0
880.0
808.0
831.0
805.0
951.0
950.0
990.0
1110.0
1152.0
1187.0
1248.0
1251.0
1271.0
1302.0
1355.0
1269.0
1193.0
1153.0
1137.0
1106.0
907.0
887.0
781.0
890.0
874.0
824.0
850.0
805.0
953.0
956.0
986.0
1116.0
1161.0
1189.0
1232.0
1260.0
1269.0
1312.0
1356.0
1269.0
1189.0
1160.0
1153.0
1110.0
912.0
887.0
782.0
889.0
876.0
830.0
839.0
803.0
954.0
975.0
1001.0
1133.0
1162.0
1198.0
1248.0
1265.0
1278.0
1312.0
1361.0
1247.0
1197.0
1171.0
1153.0
1112.0
923.0
904.0
791.0
900.0
890.0
847.0
854.0
800.0
960.0
968.0
1003.0
1130.0
1169.0
1209.0
1263.0
1284.0
1282.0
1325.0
1362.0
1272.0
1226.0
1188.0
1161.0
1121.0
934.0
890.0
789.0
912.0
897.0
831.0
852.0
819.0
972.0
976.0
1008.0
1155.0
1161.0
1235.0
1273.0
1292.0
1281.0
1329.0
1377.0
1279.0
1226.0
1194.0
1174.0
1130.0
942.0
896.0
796.0
931.0
894.0
864.0
860.0
816.0
974.0
998.0
1015.0
1160.0
1165.0
1241.0
1275.0
1299.0
1295.0
1335.0
1388.0
1287.0
1234.0
1191.0
1174.0
1132.0
956.0
891.0
809.0
925.0
909.0
877.0
857.0
810.0
978.0
991.0
1020.0
1169.0
1176.0
1245.0
1286.0
1317.0
1304.0
1342.0
1397.0
1291.0
1222.0
1196.0
1178.0
1150.0
959.0
