1014.0
1055.0
1006.0
1038.0
935.0
799.0
872.0
669.0
860.0
709.0
786.0
756.0
663.0
984.0
681.0
1099.0
990.0
1205.0
959.0
1232.0
1049.0
1190.0
1176.0
1052.0
1016.0
1059.0
1005.0
1049.0
934.0
806.0
876.0
678.0
868.0
725.0
782.0
769.0
665.0
995.0
692.0
1104.0
1001.0
1209.0
974.0
1229.0
1054.0
1200.0
1179.0
1067.0
1009.0
1067.0
1011.0
1056.0
938.0
836.0
862.0
702.0
857.0
749.0
771.0
775.0
699.0
983.0
704.0
1110.0
1016.0
1204.0
980.0
1238.0
1058.0
1195.0
1200.0
1064.0
1018.0
1074.0
1012.0
1066.0
943.0
844.0
858.0
715.0
859.0
760.0
776.0
784.0
695.0
999.0
707.0
1119.0
1025.0
1209.0
1002.0
1240.0
1056.0
1205.0
1191.0
1070.0
1019.0
1078.0
1021.0
1074.0
950.0
846.0
865.0
712.0
876.0
755.0
793.0
779.0
723.0
994.0
747.0
1114.0
1041.0
1210.0
1003.0
1250.0
1057.0
1209.0
1190.0
1071.0
1021.0
1082.0
1025.0
1083.0
951.0
852.0
860.0
715.0
875.0
761.0
808.0
775.0
728.0
1001.0
752.0
1119.0
1045.0
1212.0
1006.0
1260.0
1057.0
1211.0
1194.0
1067.0
1027.0
1091.0
1025.0
1085.0
966.0
846.0
871.0
714.0
974.0
691.0
876.0
718.0
798.0
957.0
792.0
1109.0
1062.0
1210.0
1013.0
1263.0
1058.0
1210.0
1198.0
1061.0
1033.0
1082.0
1027.0
1087.0
970.0
851.0
872.0
721.0
980.0
695.0
874.0
730.0
803.0
1007.0
769.0
1137.0
1041.0
1223.0
1018.0
1262.0
1057.0
1219.0
1195.0
1065.0
1038.0
1084.0
1028.0
1087.0
970.0
860.0
874.0
732.0
970.0
725.0
857.0
751.0
790.0
1029.0
770.0
1148.0
1033.0
1236.0
1011.0
1277.0
1054.0
1222.0
1193.0
1072.0
1034.0
1089.0
1028.0
1091.0
972.0
863.0
876.0
740.0
978.0
722.0
882.0
735.0
816.0
1023.0
793.0
1150.0
1042.0
1236.0
1027.0
1273.0
1055.0
1226.0
1189.0
1071.0
1039.0
1088.0
1038.0
1088.0
975.0
866.0
884.0
746.0
991.0
726.0
888.0
743.0
816.0
1029.0
799.0
1154.0
1044.0
1240.0
1036.0
1277.0
1051.0
1229.0
1185.0
1082.0
1046.0
1085.0
1042.0
1092.0
977.0
878.0
880.0
757.0
988.0
733.0
892.0
745.0
823.0
1025.0
806.0
1155.0
1073.0
1228.0
1051.0
1265.0
1055.0
1225.0
1191.0
1086.0
1044.0
1093.0
1041.0
1105.0
979.0
881.0
881.0
761.0
995.0
735.0
912.0
732.0
841.0
1022.0
817.0
1160.0
1083.0
1220.0
1061.0
1268.0
1056.0
1227.0
1193.0
1087.0
1053.0
1088.0
1045.0
1105.0
984.0
894.0
876.0
778.0
992.0
752.0
906.0
745.0
835.0
1028.0
820.0
1164.0
1083.0
1220.0
1067.0
1282.0
1047.0
1230.0
1189.0
1093.0
1046.0
1091.0
1044.0
1104.0
995.0
890.0
