1040.0
1014.0
993.0
957.0
936.0
802.0
771.0
659.0
647.0
697.0
686.0
712.0
668.0
774.0
782.0
836.0
956.0
1006.0
1056.0
1049.0
1110.0
1089.0
1159.0
1169.0
1040.0
1018.0
996.0
959.0
942.0
806.0
775.0
666.0
654.0
713.0
697.0
718.0
677.0
784.0
794.0
839.0
963.0
1013.0
1065.0
1059.0
1118.0
1105.0
1174.0
1181.0
1057.0
1025.0
1001.0
973.0
948.0
826.0
775.0
674.0
656.0
713.0
700.0
713.0
692.0
781.0
801.0
842.0
969.0
1019.0
1070.0
1065.0
1129.0
1108.0
1187.0
1203.0
1065.0
1037.0
1013.0
976.0
961.0
831.0
777.0
678.0
658.0
713.0
708.0
718.0
700.0
782.0
812.0
839.0
973.0
1035.0
1079.0
1083.0
1143.0
1120.0
1199.0
1201.0
1073.0
1043.0
1021.0
990.0
970.0
838.0
781.0
681.0
665.0
726.0
708.0
716.0
707.0
781.0
828.0
840.0
978.0
1043.0
1084.0
1091.0
1154.0
1124.0
1207.0
1203.0
1077.0
1044.0
1026.0
994.0
978.0
843.0
780.0
678.0
657.0
721.0
721.0
718.0
709.0
782.0
833.0
839.0
986.0
1050.0
1090.0
1097.0
1167.0
1130.0
1220.0
1207.0
1077.0
1049.0
1035.0
998.0
985.0
854.0
789.0
687.0
712.0
762.0
716.0
738.0
703.0
773.0
838.0
835.0
992.0
1055.0
1092.0
1104.0
1173.0
1136.0
1226.0
1211.0
1091.0
1058.0
1030.0
1001.0
990.0
853.0
789.0
685.0
709.0
772.0
707.0
738.0
716.0
778.0
868.0
829.0
998.0
1044.0
1105.0
1111.0
1167.0
1139.0
1232.0
1211.0
1094.0
1063.0
1033.0
1003.0
992.0
862.0
801.0
715.0
741.0
782.0
713.0
739.0
719.0
776.0
873.0
816.0
1006.0
1042.0
1107.0
1116.0
1175.0
1141.0
1237.0
1215.0
1099.0
1071.0
1036.0
1006.0
995.0
862.0
803.0
721.0
742.0
782.0
721.0
745.0
721.0
778.0
874.0
818.0
1013.0
1044.0
1118.0
1125.0
1175.0
1148.0
1241.0
1205.0
1105.0
1072.0
1040.0
1011.0
994.0
870.0
806.0
725.0
746.0
796.0
722.0
752.0
723.0
777.0
883.0
819.0
1019.0
1052.0
1127.0
1141.0
1186.0
1159.0
1246.0
1210.0
1116.0
1083.0
1045.0
1018.0
1003.0
881.0
810.0
735.0
753.0
798.0
728.0
756.0
727.0
780.0
886.0
823.0
1022.0
1085.0
1127.0
1153.0
1185.0
1162.0
1248.0
1218.0
1121.0
1090.0
1050.0
1028.0
1013.0
885.0
815.0
741.0
756.0
803.0
737.0
764.0
725.0
778.0
895.0
816.0
1030.0
1093.0
1126.0
1157.0
1193.0
1166.0
1255.0
1226.0
1130.0
1095.0
1055.0
1033.0
1019.0
896.0
816.0
745.0
759.0
815.0
738.0
768.0
725.0
780.0
900.0
820.0
1033.0
1095.0
1131.0
1170.0
1206.0
1173.0
1260.0
1229.0
1133.0
1095.0
1058.0
1036.0
1020.0
904.0
