1052.0
1056.0
1045.0
1037.0
988.0
823.0
802.0
756.0
746.0
780.0
759.0
754.0
690.0
812.0
815.0
926.0
1029.0
1124.0
1050.0
1122.0
1143.0
1172.0
1269.0
1194.0
1057.0
1059.0
1047.0
1043.0
993.0
825.0
806.0
761.0
753.0
791.0
764.0
756.0
702.0
826.0
821.0
932.0
1035.0
1132.0
1066.0
1135.0
1151.0
1193.0
1286.0
1215.0
1070.0
1068.0
1059.0
1055.0
999.0
850.0
815.0
763.0
758.0
798.0
765.0
756.0
719.0
836.0
826.0
937.0
1050.0
1131.0
1075.0
1147.0
1163.0
1193.0
1308.0
1229.0
1078.0
1083.0
1067.0
1064.0
1010.0
854.0
819.0
769.0
762.0
803.0
776.0
765.0
727.0
837.0
834.0
944.0
1059.0
1148.0
1092.0
1170.0
1170.0
1209.0
1313.0
1234.0
1090.0
1090.0
1078.0
1076.0
1018.0
856.0
823.0
770.0
771.0
811.0
769.0
769.0
735.0
844.0
854.0
954.0
1063.0
1155.0
1098.0
1189.0
1182.0
1215.0
1319.0
1236.0
1092.0
1095.0
1085.0
1085.0
1025.0
857.0
824.0
764.0
771.0
814.0
784.0
774.0
735.0
852.0
858.0
960.0
1071.0
1161.0
1102.0
1200.0
1191.0
1221.0
1334.0
1238.0
1098.0
1108.0
1094.0
1089.0
1038.0
859.0
829.0
773.0
828.0
831.0
785.0
773.0
739.0
854.0
863.0
964.0
1078.0
1166.0
1109.0
1208.0
1197.0
1227.0
1342.0
1240.0
1120.0
1113.0
1091.0
1091.0
1042.0
861.0
830.0
773.0
844.0
824.0
786.0
781.0
744.0
905.0
876.0
966.0
1076.0
1149.0
1120.0
1216.0
1182.0
1227.0
1344.0
1241.0
1126.0
1126.0
1094.0
1099.0
1043.0
873.0
856.0
783.0
850.0
833.0
788.0
786.0
746.0
917.0
864.0
973.0
1065.0
1151.0
1109.0
1230.0
1188.0
1233.0
1349.0
1244.0
1131.0
1132.0
1097.0
1103.0
1043.0
883.0
859.0
788.0
858.0
835.0
798.0
787.0
751.0
923.0
872.0
991.0
1068.0
1158.0
1126.0
1236.0
1192.0
1245.0
1347.0
1224.0
1137.0
1135.0
1105.0
1107.0
1043.0
889.0
863.0
794.0
869.0
842.0
802.0
795.0
754.0
928.0
878.0
994.0
1075.0
1165.0
1138.0
1256.0
1198.0
1253.0
1353.0
1237.0
1154.0
1143.0
1109.0
1116.0
1050.0
899.0
868.0
800.0
873.0
844.0
806.0
799.0
758.0
932.0
879.0
999.0
1099.0
1188.0
1154.0
1260.0
1202.0
1256.0
1359.0
1247.0
1158.0
1151.0
1116.0
1127.0
1059.0
901.0
870.0
803.0
879.0
853.0
818.0
802.0
761.0
929.0
885.0
1006.0
1107.0
1192.0
1161.0
1272.0
1209.0
1261.0
1371.0
1257.0
1171.0
1156.0
1119.0
1129.0
1063.0
914.0
872.0
808.0
884.0
858.0
820.0
806.0
764.0
930.0
889.0
1009.0
1110.0
1195.0
1168.0
1299.0
1212.0
1267.0
1375.0
1264.0
1173.0
1158.0
1123.0
1131.0
1071.0
918.0
