26.0,26.0,26.0,26.0,26.0,30.0
30.0,27.0,27.0,27.0,27.0,24.0
24.0,29.0,29.0,26.0,27.0,30.0
30.0,25.0,25.0,27.0,27.0,28.0
28.0,27.0,26.0,27.0,27.0,32.0
32.0,26.0,26.0,28.0,28.0,26.0
26.0,29.0,29.0,28.0,28.0,25.0
25.0,28.0,29.0,27.0,27.0,30.0
30.0,27.0,27.0,28.0,28.0,30.0
30.0,27.0,26.0,28.0,28.0,42.0
42.0,30.0,30.0,29.0,29.0,34.0
34.0,31.0,31.0,34.0,34.0,31.0
31.0,30.0,30.0,31.0,32.0,24.0
24.0,28.0,28.0,29.0,29.0,39.0
39.0,30.0,30.0,30.0,30.0,51.0
51.0,41.0,40.0,51.0,39.0,30.0
30.0,31.0,30.0,30.0,37.0,29.0
29.0,30.0,32.0,31.0,38.0,29.0
29.0,30.0,29.0,31.0,33.0,22.0
22.0,28.0,28.0,30.0,30.0,28.0
28.0,30.0,31.0,30.0,29.0,23.0
23.0,28.0,26.0,30.0,26.0,26.0
26.0,29.0,32.0,30.0,26.0,37.0
37.0,32.0,31.0,30.0,30.0,36.0
36.0,32.0,32.0,31.0,30.0,42.0
42.0,34.0,34.0,35.0,37.0,34.0
34.0,32.0,29.0,31.0,31.0,31.0
31.0,31.0,33.0,31.0,31.0,62.0
62.0,41.0,46.0,32.0,39.0,55.0
55.0,44.0,31.0,51.0,49.0,44.0
44.0,38.0,41.0,47.0,42.0,28.0
28.0,31.0,29.0,28.0,40.0,37.0
37.0,35.0,36.0,37.0,40.0,50.0
50.0,41.0,35.0,50.0,42.0,60.0
60.0,49.0,48.0,50.0,44.0,45.0
45.0,40.0,37.0,45.0,44.0,44.0
44.0,40.0,40.0,44.0,44.0,41.0
41.0,38.0,37.0,41.0,45.0,55.0
55.0,47.0,47.0,55.0,45.0,58.0
58.0,50.0,48.0,50.0,46.0,43.0
43.0,40.0,38.0,43.0,47.0,45.0
45.0,41.0,42.0,45.0,47.0,44.0
44.0,41.0,40.0,44.0,47.0,45.0
45.0,42.0,41.0,45.0,48.0,33.0
33.0,34.0,33.0,33.0,48.0,34.0
34.0,35.0,35.0,40.0,47.0,35.0
35.0,35.0,36.0,40.0,37.0,66.0
66.0,54.0,56.0,66.0,48.0,50.0
50.0,44.0,42.0,50.0,49.0,66.0
66.0,55.0,55.0,66.0,53.0,49.0
49.0,44.0,46.0,49.0,50.0,45.0
45.0,42.0,43.0,45.0,51.0,71.0
71.0,58.0,55.0,71.0,53.0,60.0
60.0,52.0,56.0,62.0,54.0,48.0
48.0,45.0,52.0,48.0,55.0,52.0
52.0,47.0,52.0,52.0,53.0,62.0
62.0,54.0,55.0,62.0,54.0,66.0
66.0,57.0,58.0,66.0,55.0,102.0
102.0,88.0,76.0,71.0,57.0,66.0
66.0,58.0,70.0,69.0,59.0,68.0
68.0,60.0,68.0,69.0,59.0,66.0
66.0,59.0,67.0,69.0,63.0,99.0
99.0,85.0,78.0,78.0,63.0,70.0
70.0,62.0,74.0,76.0,71.0,85.0
85.0,74.0,78.0,79.0,74.0,75.0
75.0,67.0,76.0,79.0,75.0,65.0
65.0,60.0,72.0,77.0,66.0,74.0
74.0,67.0,72.0,77.0,74.0,84.0
84.0,75.0,76.0,79.0,70.0,84.0
84.0,76.0,78.0,81.0,79.0,71.0
71.0,65.0,75.0,80.0,78.0,69.0
69.0,64.0,73.0,78.0,72.0,53.0
53.0,52.0,65.0,71.0,72.0,147.0
147.0,125.0,87.0,86.0,86.0,54.0
54.0,52.0,78.0,82.0,89.0,48.0
48.0,48.0,71.0,71.0,89.0,81.0
81.0,68.0,73.0,99.0,90.0,71.0
71.0,62.0,72.0,79.0,89.0,67.0
67.0,60.0,71.0,79.0,89.0,87.0
87.0,72.0,74.0,80.0,90.0,78.0
78.0,67.0,75.0,78.0,93.0,93.0
93.0,77.0,78.0,82.0,94.0,111.0
111.0,91.0,85.0,84.0,94.0,81.0
81.0,71.0,84.0,84.0,96.0,88.0
88.0,76.0,85.0,88.0,96.0,87.0
87.0,76.0,85.0,88.0,96.0,109.0
109.0,92.0,90.0,91.0,98.0,83.0
83.0,74.0,88.0,90.0,98.0,96.0
96.0,83.0,90.0,93.0,100.0,96.0
96.0,84.0,91.0,93.0,98.0,87.0
87.0,77.0,90.0,94.0,91.0,118.0
118.0,101.0,96.0,95.0,100.0,95.0
95.0,84.0,96.0,96.0,103.0,88.0
88.0,79.0,94.0,97.0,96.0,91.0
91.0,82.0,93.0,98.0,96.0,77.0
77.0,71.0,89.0,98.0,95.0,65.0
65.0,63.0,83.0,85.0,93.0,154.0
154.0,128.0,121.0,99.0,99.0,65.0
65.0,62.0,91.0,99.0,100.0,56.0
56.0,57.0,84.0,108.0,98.0,123.0
123.0,100.0,91.0,100.0,99.0,128.0
128.0,105.0,98.0,88.0,101.0,149.0
149.0,123.0,108.0,101.0,103.0,108.0
108.0,93.0,108.0,95.0,104.0,102.0
102.0,89.0,106.0,127.0,105.0,107.0
107.0,93.0,106.0,136.0,105.0,144.0
144.0,121.0,114.0,110.0,114.0,101.0
101.0,90.0,111.0,106.0,115.0,99.0
99.0,89.0,108.0,113.0,107.0,155.0
155.0,131.0,117.0,118.0,118.0,132.0
132.0,114.0,120.0,111.0,119.0,115.0
115.0,102.0,119.0,121.0,120.0,122.0
122.0,107.0,119.0,117.0,121.0,132.0
132.0,116.0,122.0,120.0,123.0,106.0
106.0,96.0,118.0,119.0,123.0,138.0
138.0,121.0,122.0,122.0,125.0,108.0
108.0,98.0,119.0,121.0,125.0,90.0
90.0,84.0,113.0,128.0,124.0,99.0
99.0,91.0,110.0,127.0,123.0,114.0
114.0,103.0,111.0,124.0,124.0,89.0
89.0,84.0,106.0,113.0,124.0,169.0
169.0,146.0,118.0,115.0,125.0,74.0
74.0,72.0,110.0,104.0,123.0,72.0
72.0,71.0,102.0,126.0,124.0,125.0
125.0,109.0,107.0,117.0,123.0,134.0
134.0,117.0,111.0,107.0,124.0,157.0
157.0,135.0,119.0,104.0,124.0,120.0
120.0,107.0,119.0,100.0,126.0,125.0
125.0,111.0,120.0,125.0,126.0,129.0
129.0,115.0,122.0,132.0,126.0,169.0
169.0,146.0,131.0,148.0,128.0,115.0
115.0,104.0,127.0,128.0,128.0,121.0
121.0,109.0,126.0,132.0,129.0,171.0
171.0,148.0,134.0,140.0,132.0,149.0
149.0,132.0,137.0,139.0,130.0,141.0
141.0,126.0,138.0,142.0,131.0,145.0
145.0,129.0,139.0,147.0,132.0,146.0
146.0,131.0,140.0,153.0,134.0,120.0
120.0,110.0,136.0,144.0,134.0,160.0
160.0,142.0,141.0,151.0,136.0,130.0
130.0,118.0,138.0,142.0,137.0,123.0
123.0,113.0,135.0,147.0,138.0,108.0
108.0,101.0,130.0,132.0,138.0,126.0
126.0,116.0,129.0,134.0,139.0,126.0
126.0,116.0,128.0,132.0,139.0,175.0
175.0,156.0,137.0,132.0,140.0,90.0
90.0,87.0,128.0,128.0,140.0,85.0
85.0,84.0,120.0,142.0,140.0,140.0
140.0,126.0,124.0,135.0,141.0,145.0
145.0,131.0,127.0,123.0,141.0,160.0
160.0,143.0,133.0,118.0,141.0,129.0
129.0,118.0,132.0,113.0,141.0,134.0
134.0,123.0,132.0,136.0,141.0,151.0
151.0,136.0,135.0,145.0,142.0,178.0
178.0,159.0,143.0,148.0,143.0,129.0
129.0,119.0,140.0,141.0,143.0,145.0
145.0,132.0,141.0,153.0,143.0,184.0
184.0,165.0,149.0,155.0,143.0,167.0
167.0,151.0,152.0,154.0,146.0,152.0
152.0,139.0,152.0,160.0,147.0,155.0
155.0,142.0,153.0,161.0,147.0,154.0
154.0,141.0,153.0,167.0,148.0,136.0
136.0,126.0,149.0,166.0,149.0,170.0
170.0,155.0,153.0,162.0,151.0,136.0
136.0,127.0,150.0,151.0,151.0,127.0
127.0,119.0,145.0,156.0,151.0,115.0
115.0,110.0,139.0,151.0,151.0,132.0
132.0,124.0,138.0,146.0,152.0,134.0
134.0,125.0,137.0,140.0,152.0,177.0
177.0,161.0,144.0,134.0,152.0,102.0
102.0,99.0,136.0,135.0,152.0,91.0
91.0,90.0,127.0,139.0,151.0,140.0
140.0,130.0,130.0,145.0,151.0,149.0
149.0,138.0,133.0,152.0,151.0,168.0
168.0,153.0,139.0,152.0,151.0,140.0
140.0,130.0,139.0,151.0,151.0,142.0
142.0,132.0,140.0,151.0,150.0,168.0
168.0,154.0,145.0,153.0,151.0,188.0
188.0,171.0,153.0,157.0,151.0,130.0
130.0,123.0,148.0,156.0,151.0,151.0
151.0,140.0,149.0,157.0,151.0,187.0
187.0,170.0,156.0,160.0,152.0,171.0
171.0,157.0,158.0,161.0,152.0,156.0
156.0,145.0,158.0,162.0,153.0,156.0
156.0,145.0,157.0,162.0,153.0,172.0
172.0,159.0,160.0,163.0,154.0,140.0
140.0,132.0,156.0,160.0,154.0,173.0
173.0,160.0,159.0,164.0,155.0,140.0
140.0,132.0,155.0,159.0,155.0,132.0
132.0,125.0,151.0,164.0,155.0,122.0
122.0,117.0,145.0,159.0,155.0,136.0
136.0,129.0,143.0,158.0,155.0,147.0
147.0,138.0,144.0,157.0,155.0,181.0
181.0,167.0,151.0,160.0,155.0,104.0
104.0,102.0,142.0,128.0,155.0,93.0
93.0,93.0,132.0,140.0,153.0,151.0
151.0,141.0,136.0,161.0,151.0,152.0
152.0,142.0,139.0,144.0,151.0,172.0
172.0,159.0,145.0,138.0,152.0,141.0
141.0,133.0,144.0,140.0,150.0,143.0
143.0,135.0,144.0,160.0,149.0,185.0
185.0,170.0,151.0,177.0,150.0,191.0
191.0,176.0,158.0,174.0,153.0,136.0
136.0,129.0,154.0,161.0,152.0,160.0
160.0,149.0,155.0,162.0,152.0,196.0
196.0,180.0,162.0,165.0,153.0,182.0
182.0,168.0,166.0,167.0,154.0,167.0
167.0,156.0,166.0,168.0,154.0,162.0
162.0,152.0,165.0,177.0,155.0,173.0
173.0,161.0,167.0,169.0,155.0,146.0
146.0,138.0,163.0,173.0,156.0,184.0
184.0,171.0,166.0,176.0,156.0,143.0
143.0,136.0,162.0,162.0,157.0,138.0
138.0,132.0,157.0,169.0,157.0,127.0
127.0,123.0,151.0,154.0,157.0,140.0
140.0,134.0,149.0,145.0,156.0,158.0
158.0,149.0,151.0,136.0,156.0,192.0
192.0,178.0,158.0,152.0,157.0,110.0
110.0,108.0,149.0,161.0,157.0,97.0
97.0,98.0,139.0,158.0,156.0,160.0
160.0,150.0,143.0,171.0,156.0,163.0
163.0,153.0,147.0,155.0,156.0,179.0
179.0,166.0,152.0,151.0,156.0,144.0
144.0,137.0,151.0,137.0,156.0,154.0
154.0,145.0,151.0,165.0,156.0,233.0
233.0,213.0,165.0,184.0,157.0,203.0
203.0,187.0,173.0,175.0,158.0,160.0
160.0,151.0,170.0,179.0,159.0,179.0
179.0,167.0,172.0,200.0,160.0,208.0
208.0,192.0,179.0,183.0,161.0,202.0
202.0,187.0,184.0,190.0,166.0,196.0
196.0,182.0,186.0,187.0,164.0,169.0
169.0,159.0,182.0,183.0,165.0,239.0
239.0,219.0,194.0,210.0,174.0,157.0
157.0,149.0,186.0,191.0,177.0,195.0
195.0,181.0,188.0,202.0,178.0,163.0
163.0,154.0,183.0,193.0,180.0,150.0
150.0,143.0,176.0,185.0,172.0,138.0
138.0,133.0,168.0,174.0,182.0,150.0
150.0,143.0,164.0,177.0,174.0,164.0
164.0,155.0,164.0,149.0,174.0,198.0
198.0,184.0,171.0,184.0,176.0,125.0
125.0,122.0,161.0,145.0,176.0,101.0
101.0,102.0,148.0,153.0,177.0,167.0
167.0,157.0,152.0,168.0,177.0,177.0
177.0,166.0,157.0,148.0,178.0,186.0
186.0,174.0,163.0,159.0,178.0,154.0
154.0,147.0,161.0,148.0,179.0,165.0
165.0,156.0,162.0,168.0,175.0,262.0
262.0,239.0,181.0,203.0,180.0,234.0
234.0,215.0,193.0,190.0,182.0,177.0
177.0,166.0,189.0,189.0,183.0,198.0
198.0,184.0,191.0,221.0,184.0,225.0
225.0,208.0,198.0,229.0,185.0,226.0
226.0,209.0,205.0,213.0,187.0,204.0
204.0,190.0,204.0,201.0,188.0,189.0
189.0,177.0,201.0,207.0,190.0,252.0
252.0,232.0,212.0,229.0,194.0,187.0
187.0,176.0,206.0,207.0,194.0,217.0
217.0,202.0,208.0,218.0,197.0,168.0
168.0,160.0,199.0,204.0,197.0,158.0
158.0,151.0,190.0,198.0,198.0,179.0
179.0,169.0,187.0,190.0,199.0,154.0
154.0,148.0,179.0,166.0,200.0,176.0
176.0,167.0,178.0,165.0,201.0,205.0
205.0,192.0,184.0,166.0,202.0,127.0
127.0,125.0,171.0,159.0,202.0,116.0
116.0,116.0,145.0,165.0,199.0,180.0
180.0,170.0,162.0,174.0,198.0,185.0
185.0,174.0,167.0,153.0,202.0,192.0
192.0,180.0,173.0,154.0,196.0,173.0
173.0,164.0,173.0,162.0,195.0,183.0
183.0,173.0,175.0,181.0,194.0,285.0
285.0,261.0,199.0,217.0,196.0,254.0
254.0,234.0,214.0,209.0,205.0,241.0
241.0,223.0,222.0,226.0,206.0,222.0
222.0,207.0,222.0,248.0,207.0,241.0
241.0,224.0,227.0,262.0,208.0,245.0
245.0,228.0,232.0,246.0,209.0,215.0
215.0,202.0,227.0,221.0,211.0,206.0
206.0,194.0,221.0,218.0,213.0,270.0
270.0,250.0,233.0,241.0,219.0,215.0
215.0,202.0,228.0,220.0,217.0,236.0
236.0,221.0,230.0,233.0,219.0,182.0
182.0,174.0,217.0,215.0,218.0,176.0
176.0,168.0,205.0,219.0,217.0,184.0
184.0,175.0,199.0,204.0,215.0,174.0
174.0,167.0,191.0,180.0,220.0,212.0
212.0,200.0,197.0,183.0,220.0,213.0
213.0,201.0,201.0,180.0,221.0,133.0
133.0,131.0,182.0,167.0,210.0,119.0
119.0,119.0,162.0,177.0,200.0,183.0
183.0,174.0,168.0,186.0,203.0,188.0
188.0,179.0,173.0,160.0,201.0,204.0
204.0,193.0,182.0,162.0,202.0,191.0
191.0,182.0,184.0,168.0,201.0,208.0
208.0,196.0,190.0,192.0,205.0,298.0
298.0,276.0,220.0,239.0,211.0,276.0
276.0,257.0,239.0,238.0,216.0,249.0
249.0,233.0,242.0,257.0,219.0,238.0
238.0,223.0,240.0,271.0,221.0,265.0
265.0,248.0,247.0,273.0,224.0,267.0
267.0,250.0,253.0,270.0,229.0,240.0
240.0,226.0,248.0,241.0,230.0,222.0
222.0,210.0,239.0,240.0,229.0,273.0
273.0,256.0,249.0,281.0,231.0,230.0
230.0,217.0,243.0,232.0,234.0,254.0
254.0,239.0,246.0,247.0,235.0,196.0
196.0,188.0,229.0,229.0,234.0,182.0
182.0,175.0,213.0,216.0,231.0,188.0
188.0,181.0,204.0,191.0,229.0,239.0
239.0,226.0,215.0,208.0,230.0,225.0
225.0,213.0,218.0,194.0,230.0,215.0
215.0,205.0,216.0,204.0,230.0,137.0
137.0,136.0,190.0,197.0,229.0,130.0
130.0,130.0,168.0,192.0,218.0,188.0
188.0,181.0,175.0,192.0,228.0,196.0
196.0,188.0,181.0,166.0,215.0,222.0
222.0,211.0,194.0,173.0,217.0,202.0
202.0,193.0,196.0,175.0,216.0,220.0
220.0,209.0,203.0,206.0,217.0,308.0
308.0,288.0,237.0,266.0,225.0,294.0
294.0,275.0,258.0,259.0,230.0,260.0
260.0,245.0,258.0,256.0,233.0,278.0
278.0,261.0,264.0,289.0,227.0,286.0
286.0,269.0,271.0,295.0,240.0,278.0
278.0,262.0,273.0,279.0,244.0,262.0
262.0,248.0,268.0,267.0,246.0,233.0
233.0,222.0,254.0,256.0,245.0,294.0
294.0,277.0,268.0,279.0,249.0,244.0
244.0,232.0,258.0,251.0,250.0,261.0
261.0,247.0,258.0,256.0,251.0,201.0
201.0,194.0,237.0,238.0,248.0,184.0
184.0,178.0,209.0,224.0,245.0,191.0
191.0,185.0,205.0,211.0,241.0,243.0
243.0,231.0,219.0,212.0,243.0,232.0
232.0,221.0,223.0,201.0,243.0,222.0
222.0,213.0,222.0,210.0,242.0,139.0
139.0,139.0,190.0,196.0,235.0,142.0
142.0,141.0,171.0,196.0,229.0,193.0
193.0,187.0,179.0,195.0,226.0,202.0
202.0,195.0,187.0,168.0,229.0,224.0
224.0,214.0,200.0,182.0,225.0,205.0
205.0,197.0,201.0,184.0,223.0,225.0
225.0,215.0,209.0,215.0,224.0,314.0
314.0,295.0,248.0,274.0,234.0,308.0
308.0,290.0,272.0,263.0,239.0,266.0
266.0,252.0,270.0,261.0,242.0,283.0
283.0,268.0,275.0,291.0,245.0,291.0
291.0,275.0,279.0,305.0,249.0,285.0
285.0,270.0,280.0,286.0,252.0,267.0
267.0,254.0,273.0,270.0,254.0,239.0
239.0,229.0,258.0,258.0,253.0,297.0
297.0,281.0,272.0,285.0,257.0,248.0
248.0,237.0,262.0,257.0,257.0,268.0
268.0,255.0,263.0,255.0,259.0,208.0
208.0,201.0,240.0,241.0,256.0,194.0
194.0,188.0,220.0,227.0,252.0,195.0
195.0,189.0,208.0,215.0,249.0,244.0
244.0,234.0,222.0,219.0,249.0,238.0
238.0,228.0,227.0,236.0,249.0,234.0
234.0,225.0,229.0,221.0,249.0,146.0
146.0,146.0,195.0,197.0,242.0,145.0
145.0,145.0,173.0,196.0,237.0,204.0
204.0,197.0,185.0,205.0,232.0,207.0
207.0,200.0,193.0,176.0,234.0,228.0
228.0,219.0,206.0,183.0,235.0,216.0
216.0,208.0,209.0,203.0,229.0,230.0
230.0,221.0,217.0,231.0,230.0,317.0
317.0,300.0,257.0,283.0,240.0,309.0
309.0,293.0,278.0,276.0,245.0,269.0
269.0,256.0,273.0,264.0,248.0,296.0
296.0,281.0,281.0,303.0,251.0,302.0
302.0,287.0,288.0,312.0,256.0,305.0
305.0,290.0,294.0,299.0,260.0,271.0
271.0,259.0,282.0,277.0,261.0,251.0
251.0,241.0,267.0,271.0,261.0,303.0
303.0,288.0,281.0,297.0,265.0,253.0
253.0,243.0,267.0,263.0,265.0,271.0
271.0,259.0,267.0,265.0,266.0,215.0
215.0,208.0,243.0,251.0,263.0,202.0
202.0,197.0,224.0,231.0,259.0,209.0
209.0,203.0,216.0,224.0,257.0,249.0
249.0,239.0,229.0,227.0,257.0,246.0
246.0,237.0,235.0,248.0,257.0,244.0
244.0,235.0,238.0,231.0,257.0,157.0
157.0,156.0,202.0,182.0,251.0,156.0
156.0,155.0,180.0,202.0,244.0,212.0
212.0,206.0,194.0,213.0,242.0,221.0
221.0,214.0,205.0,189.0,241.0,234.0
234.0,226.0,216.0,194.0,240.0,226.0
226.0,218.0,219.0,215.0,240.0,248.0
248.0,238.0,231.0,248.0,241.0,334.0
334.0,317.0,275.0,289.0,249.0,328.0
328.0,312.0,298.0,294.0,255.0,301.0
301.0,287.0,297.0,289.0,259.0,314.0
314.0,299.0,303.0,324.0,264.0,316.0
316.0,301.0,307.0,332.0,269.0,328.0
328.0,312.0,315.0,323.0,275.0,279.0
279.0,267.0,296.0,292.0,275.0,272.0
272.0,261.0,283.0,285.0,276.0,311.0
311.0,297.0,294.0,304.0,279.0,267.0
267.0,257.0,267.0,276.0,279.0,274.0
274.0,263.0,274.0,272.0,279.0,227.0
227.0,220.0,227.0,253.0,276.0,209.0
209.0,204.0,209.0,236.0,271.0,221.0
221.0,215.0,221.0,231.0,268.0,268.0
268.0,258.0,268.0,245.0,269.0,255.0
255.0,246.0,255.0,233.0,268.0,253.0
253.0,244.0,253.0,244.0,268.0,169.0
169.0,168.0,210.0,216.0,243.0,184.0
184.0,181.0,197.0,219.0,259.0,220.0
220.0,214.0,207.0,222.0,257.0,235.0
235.0,228.0,219.0,217.0,256.0,242.0
242.0,234.0,242.0,212.0,255.0,240.0
240.0,232.0,240.0,233.0,254.0,313.0
313.0,299.0,314.0,294.0,260.0,346.0
346.0,330.0,305.0,319.0,266.0,338.0
338.0,323.0,338.0,323.0,287.0,331.0
331.0,316.0,331.0,337.0,292.0,330.0
330.0,316.0,330.0,344.0,299.0,335.0
335.0,320.0,335.0,343.0,310.0,348.0
348.0,333.0,348.0,342.0,314.0,286.0
286.0,275.0,285.0,300.0,312.0,299.0
299.0,287.0,299.0,313.0,310.0,329.0
329.0,315.0,329.0,322.0,315.0,282.0
282.0,272.0,282.0,282.0,309.0,287.0
287.0,277.0,287.0,286.0,305.0,240.0
240.0,233.0,240.0,263.0,291.0,260.0
260.0,252.0,260.0,271.0,288.0,230.0
230.0,224.0,230.0,239.0,286.0,277.0
277.0,267.0,277.0,262.0,284.0,264.0
264.0,256.0,264.0,248.0,274.0,259.0
259.0,251.0,259.0,256.0,272.0,179.0
179.0,177.0,178.0,216.0,251.0,192.0
192.0,189.0,192.0,226.0,238.0,224.0
224.0,219.0,224.0,223.0,234.0,241.0
241.0,234.0,241.0,212.0,237.0,257.0
257.0,249.0,257.0,225.0,243.0,247.0
247.0,240.0,247.0,245.0,245.0,327.0
327.0,314.0,328.0,304.0,265.0,366.0
366.0,350.0,366.0,335.0,292.0,347.0
347.0,333.0,347.0,335.0,308.0,352.0
352.0,337.0,352.0,358.0,321.0,352.0
352.0,338.0,352.0,363.0,330.0,349.0
349.0,335.0,349.0,357.0,336.0,368.0
368.0,353.0,368.0,362.0,346.0,307.0
307.0,296.0,306.0,318.0,336.0,308.0
308.0,297.0,308.0,324.0,330.0,352.0
352.0,338.0,352.0,344.0,337.0,295.0
295.0,285.0,294.0,298.0,327.0,299.0
299.0,289.0,299.0,307.0,320.0,255.0
255.0,248.0,255.0,276.0,304.0,269.0
269.0,261.0,269.0,280.0,296.0,253.0
253.0,246.0,253.0,256.0,286.0,277.0
277.0,269.0,277.0,265.0,284.0,270.0
270.0,262.0,270.0,259.0,281.0,267.0
267.0,259.0,267.0,265.0,278.0,195.0
195.0,193.0,194.0,226.0,256.0,197.0
197.0,195.0,197.0,206.0,243.0,236.0
236.0,231.0,236.0,232.0,240.0,249.0
249.0,243.0,249.0,222.0,244.0,270.0
270.0,262.0,270.0,240.0,252.0,262.0
262.0,255.0,262.0,257.0,256.0,341.0
341.0,328.0,342.0,322.0,280.0,390.0
390.0,374.0,391.0,367.0,313.0,355.0
355.0,342.0,355.0,347.0,325.0,362.0
362.0,348.0,362.0,389.0,338.0,545.0
545.0,522.0,461.0,494.0,404.0,501.0
501.0,480.0,482.0,460.0,439.0,440.0
440.0,422.0,453.0,455.0,441.0,321.0
321.0,310.0,320.0,400.0,403.0,322.0
322.0,311.0,322.0,389.0,379.0,356.0
356.0,343.0,356.0,360.0,371.0,308.0
308.0,298.0,307.0,284.0,354.0,310.0
310.0,300.0,310.0,294.0,340.0,274.0
274.0,267.0,274.0,231.0,322.0,281.0
281.0,273.0,281.0,298.0,300.0,260.0
260.0,254.0,260.0,264.0,295.0,291.0
291.0,283.0,291.0,287.0,294.0,277.0
277.0,270.0,277.0,267.0,285.0,280.0
280.0,272.0,280.0,274.0,288.0,201.0
201.0,199.0,200.0,225.0,260.0,206.0
206.0,204.0,206.0,233.0,243.0,242.0
242.0,237.0,242.0,241.0,244.0,263.0
263.0,257.0,263.0,238.0,251.0,284.0
284.0,276.0,284.0,255.0,263.0,286.0
286.0,278.0,286.0,273.0,272.0,362.0
362.0,349.0,326.0,345.0,303.0,413.0
413.0,397.0,378.0,388.0,341.0,377.0
377.0,363.0,372.0,372.0,354.0,374.0
374.0,361.0,368.0,387.0,362.0,567.0
567.0,544.0,491.0,522.0,435.0,521.0
521.0,500.0,505.0,483.0,467.0,463.0
463.0,445.0,471.0,473.0,467.0,341.0
341.0,330.0,378.0,412.0,424.0,334.0
334.0,323.0,342.0,398.0,394.0,367.0
367.0,354.0,354.0,380.0,386.0,326.0
326.0,316.0,330.0,303.0,366.0,322.0
322.0,312.0,320.0,304.0,351.0,289.0
289.0,281.0,295.0,293.0,330.0,287.0
287.0,280.0,286.0,305.0,316.0,261.0
261.0,255.0,266.0,283.0,298.0,310.0
310.0,301.0,292.0,308.0,303.0,286.0
286.0,279.0,285.0,275.0,298.0,283.0
283.0,276.0,280.0,276.0,294.0,207.0
207.0,205.0,228.0,205.0,263.0,214.0
214.0,212.0,217.0,222.0,246.0,245.0
245.0,240.0,234.0,250.0,247.0,266.0
266.0,260.0,254.0,262.0,256.0,296.0
296.0,288.0,279.0,282.0,272.0,292.0
292.0,284.0,285.0,283.0,281.0,364.0
364.0,351.0,334.0,351.0,315.0,416.0
416.0,400.0,386.0,404.0,356.0,384.0
384.0,370.0,378.0,394.0,368.0,376.0
376.0,362.0,370.0,397.0,372.0,574.0
574.0,549.0,504.0,543.0,452.0,529.0
529.0,506.0,513.0,502.0,485.0,468.0
468.0,449.0,472.0,476.0,480.0,348.0
348.0,336.0,374.0,409.0,430.0,340.0
340.0,329.0,342.0,365.0,396.0,368.0
368.0,355.0,355.0,344.0,387.0,341.0
341.0,330.0,338.0,328.0,371.0,326.0
326.0,316.0,324.0,345.0,355.0,309.0
309.0,300.0,308.0,329.0,338.0,289.0
289.0,282.0,290.0,278.0,320.0,263.0
263.0,258.0,267.0,256.0,299.0,312.0
312.0,303.0,296.0,323.0,306.0,293.0
293.0,285.0,290.0,270.0,301.0,286.0
286.0,279.0,283.0,251.0,297.0,208.0
208.0,207.0,226.0,204.0,261.0,222.0
222.0,220.0,222.0,243.0,246.0,282.0
282.0,275.0,263.0,298.0,263.0,269.0
269.0,263.0,264.0,242.0,267.0,298.0
298.0,290.0,285.0,278.0,281.0,297.0
297.0,289.0,290.0,328.0,289.0,371.0
371.0,357.0,343.0,364.0,325.0,433.0
433.0,415.0,402.0,394.0,373.0,393.0
393.0,377.0,386.0,389.0,383.0,382.0
382.0,367.0,375.0,415.0,384.0,577.0
577.0,549.0,514.0,553.0,468.0,532.0
532.0,507.0,515.0,520.0,498.0,473.0
473.0,452.0,472.0,455.0,489.0,351.0
351.0,339.0,369.0,400.0,430.0,349.0
349.0,337.0,346.0,388.0,397.0,379.0
379.0,365.0,363.0,360.0,391.0,347.0
347.0,335.0,343.0,319.0,373.0,343.0
343.0,332.0,336.0,356.0,361.0,321.0
321.0,311.0,318.0,359.0,344.0,292.0
292.0,285.0,293.0,278.0,321.0,268.0
268.0,263.0,270.0,247.0,298.0,318.0
318.0,309.0,302.0,335.0,308.0,312.0
312.0,303.0,305.0,333.0,311.0,290.0
290.0,283.0,289.0,261.0,302.0,225.0
225.0,224.0,237.0,223.0,267.0,233.0
233.0,231.0,233.0,267.0,252.0,292.0
292.0,285.0,275.0,297.0,272.0,279.0
279.0,273.0,275.0,244.0,276.0,307.0
307.0,299.0,295.0,286.0,291.0,312.0
312.0,303.0,303.0,349.0,302.0,388.0
388.0,372.0,361.0,383.0,342.0,451.0
451.0,430.0,421.0,402.0,395.0,410.0
410.0,393.0,401.0,405.0,403.0,401.0
401.0,384.0,390.0,433.0,404.0,594.0
594.0,563.0,535.0,578.0,496.0,548.0
548.0,521.0,529.0,525.0,524.0,490.0
490.0,467.0,483.0,464.0,509.0,371.0
371.0,357.0,380.0,435.0,444.0,360.0
360.0,347.0,354.0,408.0,404.0,390.0
390.0,375.0,374.0,365.0,397.0,377.0
377.0,363.0,367.0,352.0,391.0,356.0
356.0,344.0,349.0,385.0,375.0,331.0
331.0,321.0,326.0,358.0,354.0,300.0
300.0,293.0,299.0,284.0,327.0,275.0
275.0,270.0,275.0,271.0,301.0,322.0
322.0,313.0,309.0,346.0,314.0,327.0
327.0,318.0,317.0,347.0,322.0,296.0
296.0,289.0,294.0,266.0,311.0,233.0
233.0,233.0,241.0,240.0,271.0,251.0
251.0,249.0,248.0,292.0,261.0,300.0
300.0,293.0,288.0,300.0,283.0,282.0
282.0,277.0,279.0,242.0,284.0,320.0
320.0,311.0,308.0,306.0,304.0,325.0
325.0,316.0,316.0,360.0,313.0,394.0
394.0,378.0,372.0,377.0,359.0,460.0
460.0,438.0,433.0,407.0,414.0,414.0
414.0,397.0,403.0,416.0,416.0,416.0
416.0,398.0,401.0,446.0,417.0,604.0
604.0,571.0,553.0,581.0,520.0,560.0
560.0,531.0,538.0,536.0,544.0,500.0
500.0,476.0,487.0,488.0,518.0,387.0
387.0,372.0,385.0,442.0,448.0,374.0
374.0,361.0,364.0,408.0,407.0,411.0
411.0,394.0,393.0,380.0,409.0,382.0
382.0,368.0,372.0,330.0,394.0,372.0
372.0,359.0,362.0,394.0,386.0,340.0
340.0,330.0,333.0,363.0,362.0,304.0
304.0,298.0,301.0,296.0,328.0,279.0
279.0,275.0,278.0,273.0,303.0,324.0
324.0,316.0,313.0,344.0,318.0,371.0
371.0,358.0,355.0,372.0,352.0,303.0
303.0,297.0,302.0,280.0,326.0,238.0
238.0,238.0,243.0,238.0,276.0,262.0
262.0,260.0,259.0,301.0,270.0,310.0
310.0,303.0,300.0,318.0,296.0,302.0
302.0,296.0,297.0,301.0,302.0,337.0
337.0,328.0,326.0,321.0,325.0,332.0
332.0,323.0,324.0,378.0,332.0,406.0
406.0,390.0,386.0,399.0,379.0,490.0
490.0,466.0,463.0,436.0,450.0,422.0
422.0,404.0,409.0,418.0,436.0,449.0
449.0,429.0,429.0,476.0,447.0,626.0
626.0,592.0,583.0,617.0,559.0,573.0
573.0,543.0,549.0,538.0,571.0,506.0
506.0,482.0,487.0,487.0,534.0,402.0
402.0,387.0,392.0,423.0,456.0,388.0
388.0,374.0,376.0,404.0,415.0,417.0
417.0,401.0,400.0,390.0,419.0,406.0
406.0,391.0,392.0,383.0,414.0,387.0
387.0,374.0,375.0,417.0,399.0,350.0
350.0,340.0,341.0,374.0,372.0,313.0
313.0,307.0,308.0,300.0,334.0,294.0
294.0,290.0,290.0,287.0,313.0,328.0
328.0,321.0,320.0,358.0,326.0,373.0
373.0,361.0,360.0,375.0,360.0,315.0
315.0,309.0,310.0,282.0,334.0,248.0
248.0,249.0,250.0,246.0,281.0,267.0
267.0,266.0,266.0,309.0,275.0,316.0
316.0,310.0,309.0,322.0,305.0,311.0
311.0,305.0,305.0,265.0,312.0,340.0
340.0,331.0,331.0,329.0,334.0,345.0
345.0,336.0,336.0,391.0,344.0,423.0
423.0,406.0,406.0,416.0,400.0,500.0
500.0,476.0,476.0,451.0,463.0,444.0
444.0,425.0,425.0,441.0,456.0,460.0
460.0,440.0,440.0,492.0,462.0,645.0
645.0,610.0,609.0,639.0,588.0,586.0
586.0,556.0,557.0,558.0,590.0,535.0
535.0,509.0,509.0,513.0,557.0,455.0
455.0,436.0,436.0,505.0,492.0,414.0
414.0,399.0,399.0,441.0,443.0,441.0
441.0,424.0,424.0,405.0,445.0,415.0
415.0,400.0,400.0,403.0,429.0,394.0
394.0,381.0,381.0,427.0,409.0,359.0
359.0,350.0,349.0,345.0,379.0,316.0
316.0,311.0,310.0,292.0,337.0,303.0
303.0,299.0,299.0,302.0,317.0,332.0
332.0,325.0,326.0,365.0,331.0,379.0
379.0,368.0,368.0,376.0,369.0,317.0
317.0,312.0,311.0,283.0,336.0,249.0
249.0,251.0,249.0,252.0,278.0,268.0
268.0,268.0,268.0,311.0,275.0,323.0
323.0,317.0,318.0,323.0,313.0,315.0
315.0,310.0,310.0,270.0,318.0,349.0
349.0,341.0,341.0,342.0,344.0,350.0
350.0,342.0,341.0,396.0,351.0,441.0
441.0,423.0,425.0,429.0,420.0,505.0
505.0,481.0,483.0,460.0,485.0,451.0
451.0,433.0,430.0,452.0,465.0,469.0
469.0,449.0,449.0,500.0,472.0,667.0
667.0,630.0,635.0,660.0,617.0,601.0
601.0,570.0,568.0,573.0,609.0,544.0
544.0,518.0,515.0,522.0,567.0,472.0
472.0,452.0,449.0,519.0,503.0,423.0
423.0,408.0,406.0,455.0,449.0,449.0
449.0,432.0,432.0,412.0,452.0,423.0
423.0,408.0,407.0,412.0,435.0,411.0
411.0,398.0,397.0,445.0,421.0,373.0
373.0,363.0,361.0,384.0,389.0,318.0
318.0,314.0,312.0,288.0,339.0,303.0
303.0,300.0,300.0,304.0,315.0,335.0
335.0,329.0,330.0,372.0,334.0,382.0
382.0,371.0,373.0,377.0,374.0,323.0
323.0,319.0,316.0,284.0,340.0,257.0
257.0,259.0,257.0,262.0,281.0,268.0
268.0,269.0,270.0,314.0,274.0,327.0
327.0,322.0,325.0,325.0,318.0,318.0
318.0,314.0,313.0,272.0,322.0,352.0
352.0,344.0,346.0,350.0,349.0,361.0
361.0,353.0,353.0,407.0,359.0,445.0
445.0,428.0,431.0,431.0,430.0,509.0
509.0,486.0,488.0,463.0,496.0,464.0
464.0,445.0,441.0,471.0,472.0,469.0
469.0,450.0,449.0,502.0,475.0,671.0
671.0,634.0,642.0,662.0,632.0,614.0
614.0,582.0,577.0,584.0,620.0,549.0
549.0,523.0,518.0,532.0,570.0,475.0
475.0,456.0,450.0,518.0,499.0,430.0
430.0,415.0,412.0,452.0,448.0,452.0
452.0,435.0,436.0,419.0,455.0,429.0
429.0,415.0,412.0,420.0,438.0,414.0
414.0,401.0,400.0,444.0,423.0,377.0
377.0,368.0,365.0,386.0,388.0,325.0
325.0,321.0,318.0,298.0,338.0,313.0
313.0,311.0,310.0,314.0,321.0,340.0
340.0,335.0,336.0,373.0,341.0,386.0
386.0,376.0,378.0,381.0,375.0,327.0
327.0,323.0,319.0,292.0,340.0,263.0
263.0,266.0,262.0,267.0,274.0,268.0
268.0,271.0,272.0,310.0,274.0,330.0
330.0,326.0,330.0,329.0,326.0,318.0
318.0,315.0,314.0,277.0,320.0,357.0
357.0,350.0,353.0,354.0,352.0,364.0
364.0,356.0,356.0,404.0,367.0,448.0
448.0,431.0,436.0,438.0,442.0,514.0
514.0,491.0,493.0,472.0,519.0,467.0
467.0,448.0,443.0,474.0,475.0,475.0
475.0,456.0,455.0,503.0,480.0,675.0
675.0,637.0,649.0,671.0,680.0,629.0
629.0,595.0,588.0,602.0,637.0,553.0
553.0,526.0,518.0,534.0,558.0,493.0
493.0,473.0,466.0,529.0,509.0,437.0
437.0,422.0,417.0,467.0,441.0,468.0
468.0,450.0,452.0,441.0,472.0,434.0
434.0,420.0,416.0,421.0,438.0,430.0
430.0,416.0,415.0,457.0,433.0,400.0
400.0,389.0,386.0,414.0,410.0,328.0
328.0,325.0,319.0,300.0,333.0,320.0
320.0,318.0,318.0,316.0,322.0,372.0
372.0,364.0,368.0,408.0,372.0,390.0
390.0,381.0,381.0,389.0,394.0,333.0
333.0,330.0,324.0,291.0,337.0,271.0
271.0,275.0,270.0,275.0,275.0,275.0
275.0,278.0,280.0,324.0,278.0,337.0
337.0,334.0,339.0,335.0,342.0,321.0
321.0,319.0,317.0,295.0,329.0,379.0
379.0,371.0,376.0,380.0,386.0,382.0
382.0,373.0,372.0,429.0,387.0,459.0
459.0,442.0,447.0,444.0,464.0,523.0
523.0,499.0,502.0,479.0,529.0,478.0
478.0,459.0,452.0,489.0,483.0,492.0
492.0,472.0,472.0,529.0,498.0,684.0
684.0,645.0,661.0,676.0,690.0,651.0
651.0,616.0,606.0,619.0,657.0,572.0
572.0,544.0,533.0,560.0,578.0,509.0
509.0,488.0,479.0,545.0,514.0,455.0
455.0,439.0,432.0,469.0,460.0,478.0
478.0,460.0,462.0,449.0,484.0,463.0
463.0,447.0,443.0,445.0,468.0,443.0
443.0,429.0,425.0,470.0,448.0,414.0
414.0,403.0,399.0,426.0,418.0,336.0
336.0,334.0,325.0,348.0,339.0,350.0
350.0,346.0,349.0,366.0,353.0,379.0
379.0,372.0,374.0,375.0,384.0,403.0
403.0,393.0,395.0,388.0,408.0,346.0
346.0,343.0,335.0,338.0,351.0,272.0
272.0,277.0,270.0,289.0,276.0,277.0
277.0,282.0,284.0,303.0,284.0,348.0
348.0,345.0,353.0,348.0,354.0,325.0
325.0,324.0,320.0,297.0,331.0,385.0
385.0,377.0,384.0,385.0,391.0,386.0
386.0,378.0,377.0,384.0,391.0,472.0
472.0,454.0,463.0,457.0,479.0,543.0
543.0,518.0,522.0,510.0,550.0,489.0
489.0,470.0,460.0,498.0,495.0,500.0
500.0,480.0,480.0,513.0,505.0,698.0
698.0,658.0,678.0,713.0,703.0,661.0
661.0,625.0,611.0,636.0,668.0,580.0
580.0,552.0,538.0,563.0,587.0,524.0
524.0,502.0,493.0,551.0,531.0,460.0
460.0,445.0,435.0,487.0,466.0,486.0
486.0,468.0,471.0,491.0,493.0,536.0
536.0,513.0,516.0,520.0,542.0,462.0
462.0,447.0,434.0,442.0,468.0,430.0
430.0,418.0,414.0,448.0,434.0,353.0
353.0,350.0,339.0,374.0,357.0,365.0
365.0,361.0,364.0,381.0,370.0,388.0
388.0,381.0,383.0,381.0,394.0,417.0
417.0,407.0,409.0,403.0,423.0,353.0
353.0,350.0,340.0,344.0,359.0,309.0
309.0,311.0,307.0,302.0,315.0,320.0
320.0,321.0,324.0,340.0,326.0,355.0
355.0,352.0,357.0,352.0,362.0,344.0
344.0,343.0,340.0,326.0,351.0,407.0
407.0,398.0,406.0,406.0,407.0,400.0
400.0,392.0,388.0,394.0,406.0,488.0
488.0,470.0,480.0,489.0,490.0,564.0
564.0,538.0,543.0,549.0,571.0,502.0
502.0,482.0,469.0,479.0,509.0,514.0
514.0,493.0,494.0,564.0,521.0,717.0
717.0,675.0,699.0,733.0,723.0,680.0
680.0,643.0,626.0,623.0,684.0,600.0
600.0,571.0,556.0,583.0,607.0,545.0
545.0,522.0,512.0,581.0,552.0,474.0
474.0,459.0,446.0,502.0,481.0,501.0
501.0,483.0,486.0,509.0,508.0,553.0
553.0,529.0,533.0,525.0,559.0,487.0
487.0,470.0,456.0,432.0,493.0,456.0
456.0,443.0,438.0,445.0,463.0,360.0
360.0,358.0,343.0,384.0,365.0,385.0
385.0,380.0,385.0,432.0,389.0,402.0
402.0,395.0,395.0,409.0,408.0,433.0
433.0,422.0,425.0,435.0,440.0,359.0
359.0,357.0,345.0,349.0,365.0,323.0
323.0,325.0,322.0,320.0,330.0,327.0
327.0,329.0,330.0,347.0,333.0,358.0
358.0,356.0,361.0,386.0,364.0,355.0
355.0,354.0,352.0,368.0,360.0,420.0
420.0,411.0,420.0,417.0,427.0,415.0
415.0,407.0,403.0,381.0,421.0,506.0
506.0,487.0,498.0,507.0,513.0,584.0
584.0,556.0,562.0,580.0,589.0,520.0
520.0,500.0,485.0,496.0,527.0,526.0
526.0,505.0,505.0,539.0,530.0,756.0
756.0,711.0,740.0,767.0,763.0,690.0
690.0,652.0,629.0,632.0,697.0,632.0
632.0,600.0,589.0,623.0,638.0,566.0
566.0,541.0,528.0,590.0,573.0,489.0
489.0,473.0,460.0,534.0,496.0,530.0
530.0,509.0,515.0,552.0,537.0,565.0
565.0,541.0,541.0,534.0,572.0,489.0
489.0,473.0,458.0,443.0,495.0,473.0
473.0,459.0,457.0,461.0,479.0,387.0
387.0,383.0,369.0,411.0,394.0,397.0
397.0,392.0,395.0,447.0,399.0,413.0
413.0,406.0,407.0,416.0,420.0,438.0
438.0,428.0,430.0,411.0,444.0,375.0
375.0,373.0,362.0,333.0,382.0,333.0
333.0,336.0,331.0,321.0,339.0,329.0
329.0,332.0,333.0,348.0,335.0,361.0
361.0,360.0,365.0,387.0,367.0,362.0
362.0,361.0,361.0,372.0,368.0,431.0
431.0,422.0,432.0,423.0,431.0,506.0
506.0,488.0,495.0,473.0,512.0,522.0
522.0,502.0,500.0,497.0,528.0,610.0
610.0,580.0,590.0,620.0,617.0,549.0
549.0,526.0,511.0,594.0,556.0,547.0
547.0,525.0,524.0,623.0,554.0,767.0
767.0,722.0,750.0,775.0,771.0,708.0
708.0,669.0,647.0,642.0,714.0,644.0
644.0,612.0,600.0,637.0,649.0,587.0
587.0,561.0,550.0,619.0,593.0,508.0
508.0,491.0,477.0,515.0,515.0,553.0
553.0,531.0,537.0,566.0,560.0,580.0
580.0,555.0,554.0,523.0,587.0,510.0
510.0,493.0,479.0,473.0,517.0,484.0
484.0,470.0,466.0,486.0,490.0,397.0
397.0,393.0,379.0,416.0,404.0,403.0
403.0,398.0,401.0,426.0,406.0,421.0
421.0,414.0,416.0,428.0,425.0,456.0
456.0,445.0,449.0,444.0,463.0,385.0
385.0,383.0,370.0,373.0,392.0,334.0
334.0,338.0,333.0,340.0,340.0,337.0
337.0,341.0,343.0,347.0,343.0,364.0
364.0,365.0,369.0,365.0,364.0,367.0
367.0,367.0,367.0,359.0,373.0,435.0
435.0,427.0,437.0,440.0,441.0,516.0
516.0,498.0,507.0,499.0,522.0,528.0
528.0,509.0,506.0,509.0,534.0,612.0
612.0,583.0,593.0,608.0,616.0,590.0
590.0,564.0,554.0,621.0,596.0,551.0
551.0,530.0,521.0,611.0,558.0,771.0
771.0,726.0,756.0,758.0,778.0,717.0
717.0,678.0,657.0,656.0,723.0,656.0
656.0,624.0,612.0,645.0,663.0,590.0
590.0,565.0,552.0,613.0,595.0,518.0
518.0,501.0,489.0,567.0,525.0,564.0
564.0,542.0,548.0,518.0,571.0,584.0
584.0,560.0,558.0,550.0,590.0,517.0
517.0,501.0,487.0,472.0,524.0,485.0
485.0,472.0,467.0,489.0,491.0,404.0
404.0,401.0,388.0,423.0,409.0,405.0
405.0,402.0,404.0,467.0,412.0,429.0
429.0,423.0,426.0,434.0,435.0,467.0
467.0,456.0,461.0,441.0,474.0,395.0
395.0,393.0,380.0,352.0,401.0,340.0
340.0,345.0,339.0,333.0,345.0,338.0
338.0,343.0,345.0,358.0,338.0,371.0
371.0,372.0,378.0,363.0,377.0,446.0
446.0,438.0,448.0,431.0,446.0,440.0
440.0,433.0,429.0,424.0,445.0,521.0
521.0,504.0,515.0,536.0,527.0,536.0
536.0,517.0,514.0,547.0,542.0,615.0
615.0,587.0,596.0,655.0,621.0,592.0
592.0,567.0,557.0,577.0,598.0,554.0
554.0,534.0,526.0,554.0,560.0,774.0
774.0,729.0,758.0,774.0,776.0,729.0
729.0,690.0,670.0,692.0,732.0,667.0
667.0,634.0,622.0,635.0,674.0,592.0
592.0,568.0,554.0,606.0,599.0,533.0
533.0,516.0,506.0,563.0,538.0,580.0
580.0,557.0,563.0,594.0,586.0,596.0
596.0,572.0,569.0,579.0,602.0,530.0
530.0,513.0,500.0,513.0,537.0,498.0
498.0,485.0,480.0,512.0,504.0,444.0
444.0,438.0,429.0,464.0,450.0,411.0
411.0,408.0,404.0,423.0,418.0,438.0
438.0,432.0,437.0,450.0,445.0,474.0
474.0,464.0,468.0,465.0,478.0,396.0
396.0,396.0,382.0,383.0,402.0,348.0
348.0,354.0,349.0,362.0,352.0,474.0
474.0,464.0,484.0,496.0,474.0,382.0
382.0,384.0,366.0,362.0,388.0,452.0
452.0,445.0,457.0,474.0,452.0,449.0
449.0,442.0,439.0,434.0,449.0,535.0
535.0,517.0,527.0,533.0,539.0,550.0
550.0,530.0,528.0,536.0,556.0,621.0
621.0,593.0,599.0,611.0,626.0,608.0
608.0,582.0,575.0,597.0,615.0,560.0
560.0,540.0,531.0,561.0,566.0,785.0
785.0,739.0,763.0,795.0,792.0,741.0
741.0,700.0,685.0,692.0,748.0,684.0
684.0,650.0,640.0,692.0,686.0,601.0
601.0,577.0,564.0,602.0,608.0,578.0
578.0,556.0,552.0,579.0,582.0,605.0
605.0,580.0,581.0,610.0,612.0,625.0
625.0,598.0,597.0,620.0,631.0,553.0
553.0,535.0,523.0,538.0,560.0,509.0
509.0,496.0,490.0,522.0,517.0,453.0
453.0,447.0,439.0,461.0,459.0,420.0
420.0,418.0,414.0,437.0,420.0,448.0
448.0,443.0,446.0,456.0,455.0,483.0
483.0,473.0,476.0,478.0,490.0,410.0
410.0,409.0,399.0,401.0,417.0,350.0
350.0,357.0,352.0,364.0,355.0,484.0
484.0,474.0,492.0,500.0,490.0,396.0
396.0,398.0,384.0,396.0,403.0,457.0
457.0,451.0,459.0,457.0,464.0,455.0
455.0,449.0,447.0,455.0,462.0,546.0
546.0,528.0,537.0,546.0,546.0,571.0
571.0,550.0,549.0,571.0,571.0,639.0
639.0,610.0,614.0,639.0,639.0,622.0
622.0,595.0,589.0,622.0,629.0,565.0
565.0,545.0,537.0,565.0,572.0,799.0
799.0,751.0,772.0,799.0,806.0,765.0
765.0,722.0,710.0,765.0,772.0,702.0
702.0,666.0,657.0,702.0,709.0,619.0
619.0,593.0,582.0,620.0,626.0,591.0
591.0,569.0,564.0,591.0,598.0,620.0
620.0,594.0,595.0,620.0,624.0,629.0
629.0,602.0,600.0,630.0,633.0,561.0
561.0,543.0,533.0,561.0,568.0,534.0
534.0,519.0,516.0,548.0,541.0,456.0
456.0,451.0,442.0,457.0,456.0,432.0
432.0,430.0,428.0,432.0,432.0,461.0
461.0,455.0,459.0,461.0,464.0,489.0
489.0,480.0,482.0,489.0,496.0,419.0
419.0,419.0,411.0,419.0,426.0,356.0
356.0,364.0,359.0,369.0,363.0,493.0
493.0,483.0,499.0,493.0,493.0,404.0
404.0,406.0,395.0,404.0,411.0,462.0
462.0,457.0,463.0,462.0,466.0,462.0
462.0,457.0,455.0,462.0,462.0,558.0
558.0,540.0,548.0,558.0,565.0,584.0
584.0,562.0,562.0,584.0,584.0,650.0
650.0,620.0,624.0,650.0,656.0,633.0
633.0,606.0,600.0,633.0,640.0,578.0
578.0,558.0,551.0,578.0,585.0,807.0
807.0,759.0,776.0,807.0,807.0,775.0
775.0,731.0,722.0,775.0,782.0,728.0
728.0,690.0,683.0,728.0,728.0,633.0
633.0,607.0,596.0,633.0,639.0,608.0
608.0,585.0,581.0,608.0,615.0,629.0
629.0,603.0,603.0,630.0,635.0,641.0
641.0,614.0,612.0,641.0,647.0,577.0
577.0,558.0,550.0,577.0,584.0,555.0
555.0,539.0,536.0,555.0,555.0,468.0
468.0,463.0,454.0,469.0,476.0,441.0
441.0,439.0,438.0,441.0,441.0,473.0
473.0,467.0,470.0,473.0,479.0,500.0
500.0,491.0,492.0,501.0,500.0,432.0
432.0,432.0,425.0,432.0,438.0,372.0
372.0,380.0,376.0,372.0,376.0,500.0
500.0,491.0,503.0,500.0,507.0,414.0
414.0,417.0,408.0,414.0,422.0,469.0
469.0,464.0,469.0,469.0,476.0,469.0
469.0,464.0,463.0,469.0,469.0,566.0
566.0,549.0,556.0,566.0,572.0,596.0
596.0,575.0,575.0,596.0,596.0,683.0
683.0,651.0,655.0,683.0,689.0,636.0
636.0,610.0,603.0,637.0,636.0,603.0
603.0,581.0,577.0,603.0,603.0,829.0
829.0,780.0,793.0,829.0,836.0,791.0
791.0,747.0,739.0,792.0,799.0,784.0
784.0,741.0,738.0,784.0,791.0,646.0
646.0,619.0,607.0,646.0,650.0,630.0
630.0,606.0,604.0,630.0,637.0,648.0
648.0,622.0,621.0,648.0,655.0,647.0
647.0,621.0,619.0,647.0,655.0,592.0
592.0,573.0,567.0,592.0,597.0,637.0
637.0,612.0,614.0,637.0,637.0,496.0
496.0,489.0,479.0,497.0,504.0,448.0
448.0,447.0,445.0,448.0,456.0,477.0
477.0,473.0,475.0,477.0,485.0,508.0
508.0,499.0,501.0,508.0,515.0,435.0
435.0,436.0,431.0,435.0,443.0,381.0
381.0,389.0,387.0,381.0,388.0,501.0
501.0,494.0,502.0,501.0,509.0,417.0
417.0,421.0,415.0,417.0,425.0,478.0
478.0,474.0,477.0,506.0,486.0,475.0
475.0,471.0,470.0,508.0,482.0,575.0
575.0,558.0,563.0,575.0,575.0,610.0
610.0,589.0,589.0,574.0,617.0,694.0
694.0,662.0,665.0,694.0,698.0,641.0
641.0,616.0,611.0,641.0,649.0,630.0
630.0,606.0,604.0,630.0,638.0,841.0
841.0,792.0,800.0,841.0,849.0,799.0
799.0,755.0,750.0,800.0,807.0,805.0
805.0,761.0,759.0,805.0,812.0,660.0
660.0,633.0,624.0,685.0,668.0,637.0
637.0,613.0,611.0,658.0,645.0,660.0
660.0,634.0,634.0,660.0,668.0,662.0
662.0,635.0,634.0,662.0,670.0,600.0
600.0,581.0,577.0,600.0,606.0,650.0
650.0,625.0,627.0,650.0,650.0,502.0
502.0,496.0,488.0,503.0,510.0,460.0
460.0,459.0,458.0,460.0,468.0,484.0
484.0,480.0,481.0,484.0,492.0,509.0
509.0,502.0,503.0,509.0,517.0,440.0
440.0,442.0,439.0,440.0,448.0,391.0
391.0,400.0,398.0,391.0,396.0,504.0
504.0,498.0,503.0,504.0,512.0,418.0
418.0,424.0,420.0,418.0,426.0,482.0
482.0,479.0,481.0,482.0,490.0,483.0
483.0,480.0,480.0,488.0,490.0,578.0
578.0,562.0,566.0,578.0,585.0,616.0
616.0,595.0,596.0,616.0,623.0,697.0
697.0,666.0,668.0,677.0,692.0,645.0
645.0,621.0,618.0,662.0,652.0,639.0
639.0,616.0,615.0,625.0,647.0,852.0
852.0,803.0,808.0,866.0,859.0,804.0
804.0,761.0,757.0,805.0,805.0,810.0
810.0,767.0,766.0,810.0,818.0,669.0
669.0,643.0,637.0,677.0,677.0,644.0
644.0,621.0,620.0,695.0,652.0,668.0
668.0,642.0,642.0,688.0,676.0,666.0
666.0,640.0,639.0,656.0,674.0,609.0
609.0,591.0,588.0,581.0,617.0,660.0
660.0,635.0,636.0,625.0,667.0,505.0
505.0,500.0,495.0,512.0,509.0,464.0
464.0,464.0,463.0,464.0,472.0,489.0
489.0,486.0,487.0,526.0,497.0,515.0
515.0,509.0,509.0,515.0,522.0,441.0
441.0,445.0,442.0,441.0,449.0,392.0
392.0,402.0,401.0,392.0,400.0,515.0
515.0,509.0,512.0,506.0,522.0,422.0
422.0,429.0,427.0,422.0,430.0,491.0
491.0,488.0,490.0,478.0,497.0,483.0
483.0,481.0,481.0,503.0,490.0,580.0
580.0,566.0,567.0,580.0,576.0,634.0
634.0,612.0,613.0,588.0,641.0,699.0
699.0,669.0,670.0,675.0,704.0,648.0
648.0,625.0,623.0,649.0,650.0,653.0
653.0,629.0,629.0,654.0,653.0,859.0
859.0,810.0,813.0,867.0,863.0,812.0
812.0,769.0,767.0,812.0,814.0,819.0
819.0,776.0,775.0,820.0,821.0,682.0
682.0,655.0,653.0,682.0,692.0,647.0
647.0,625.0,624.0,683.0,656.0,682.0
682.0,656.0,656.0,700.0,689.0,668.0
668.0,643.0,643.0,669.0,676.0,615.0
615.0,597.0,596.0,615.0,624.0,665.0
665.0,641.0,641.0,665.0,663.0,513.0
513.0,508.0,506.0,545.0,520.0,468.0
468.0,469.0,469.0,517.0,470.0,497.0
497.0,495.0,495.0,529.0,504.0,534.0
534.0,527.0,527.0,535.0,532.0,449.0
449.0,453.0,452.0,449.0,457.0,405.0
405.0,415.0,415.0,405.0,414.0,535.0
535.0,528.0,529.0,519.0,538.0,453.0
453.0,457.0,456.0,453.0,462.0,498.0
498.0,496.0,496.0,498.0,503.0,496.0
496.0,494.0,494.0,519.0,496.0,590.0
590.0,576.0,577.0,569.0,584.0,648.0
648.0,626.0,626.0,599.0,654.0,704.0
704.0,675.0,675.0,660.0,707.0,667.0
667.0,643.0,642.0,667.0,676.0,663.0
663.0,639.0,639.0,664.0,671.0,863.0
863.0,815.0,815.0,864.0,863.0,817.0
817.0,775.0,774.0,817.0,826.0,839.0
839.0,795.0,795.0,840.0,838.0,713.0
713.0,684.0,683.0,709.0,727.0,668.0
668.0,645.0,644.0,668.0,678.0,695.0
695.0,668.0,668.0,696.0,702.0,685.0
685.0,660.0,660.0,686.0,693.0,631.0
631.0,613.0,612.0,616.0,642.0,691.0
691.0,665.0,665.0,666.0,687.0,524.0
524.0,520.0,520.0,525.0,536.0,514.0
514.0,511.0,511.0,557.0,524.0,505.0
505.0,503.0,503.0,528.0,513.0,546.0
546.0,539.0,539.0,533.0,554.0,456.0
456.0,461.0,461.0,456.0,468.0,412.0
412.0,423.0,423.0,412.0,422.0,556.0
556.0,548.0,547.0,550.0,555.0,459.0
459.0,464.0,465.0,459.0,472.0,500.0
500.0,499.0,499.0,520.0,505.0,505.0
505.0,504.0,504.0,531.0,511.0,603.0
603.0,589.0,588.0,603.0,605.0,658.0
658.0,636.0,636.0,658.0,662.0,717.0
717.0,687.0,687.0,717.0,720.0,676.0
676.0,652.0,652.0,690.0,686.0,673.0
673.0,649.0,650.0,674.0,681.0,870.0
870.0,822.0,819.0,890.0,864.0,839.0
839.0,795.0,796.0,818.0,848.0,852.0
852.0,807.0,807.0,851.0,859.0,740.0
740.0,709.0,711.0,747.0,756.0,683.0
683.0,659.0,660.0,722.0,696.0,719.0
719.0,691.0,691.0,719.0,725.0,712.0
712.0,685.0,685.0,694.0,721.0,672.0
672.0,650.0,651.0,646.0,676.0,702.0
702.0,676.0,676.0,672.0,708.0,534.0
534.0,530.0,533.0,560.0,555.0,525.0
525.0,522.0,522.0,564.0,534.0,516.0
516.0,514.0,515.0,520.0,525.0,556.0
556.0,549.0,549.0,529.0,561.0,469.0
469.0,474.0,475.0,474.0,483.0,424.0
424.0,435.0,436.0,408.0,436.0,562.0
562.0,554.0,552.0,537.0,557.0,467.0
467.0,473.0,475.0,465.0,480.0,508.0
508.0,508.0,507.0,511.0,504.0,516.0
516.0,515.0,515.0,546.0,522.0,618.0
618.0,603.0,601.0,591.0,616.0,673.0
673.0,651.0,650.0,659.0,675.0,730.0
730.0,700.0,699.0,694.0,732.0,684.0
684.0,660.0,662.0,682.0,695.0,688.0
688.0,664.0,664.0,690.0,696.0,887.0
887.0,838.0,834.0,895.0,876.0,846.0
846.0,802.0,804.0,829.0,856.0,863.0
863.0,818.0,819.0,862.0,869.0,771.0
771.0,737.0,741.0,778.0,788.0,701.0
701.0,676.0,679.0,715.0,717.0,739.0
739.0,710.0,710.0,742.0,745.0,722.0
722.0,695.0,696.0,719.0,731.0,690.0
690.0,667.0,669.0,695.0,694.0,708.0
708.0,683.0,683.0,679.0,715.0,542.0
542.0,538.0,543.0,558.0,567.0,534.0
534.0,532.0,532.0,571.0,537.0,525.0
525.0,524.0,524.0,545.0,534.0,564.0
564.0,558.0,557.0,538.0,569.0,489.0
489.0,493.0,495.0,494.0,504.0,431.0
431.0,443.0,444.0,442.0,445.0,580.0
580.0,572.0,567.0,559.0,571.0,480.0
480.0,486.0,489.0,492.0,497.0,533.0
533.0,531.0,530.0,548.0,535.0,523.0
523.0,523.0,523.0,521.0,531.0,647.0
647.0,630.0,626.0,634.0,640.0,702.0
702.0,677.0,676.0,687.0,701.0,750.0
750.0,719.0,718.0,739.0,751.0,695.0
695.0,671.0,674.0,718.0,709.0,697.0
697.0,673.0,674.0,752.0,705.0,907.0
907.0,857.0,850.0,906.0,890.0,857.0
857.0,813.0,817.0,832.0,868.0,877.0
877.0,832.0,833.0,843.0,883.0,785.0
785.0,751.0,756.0,796.0,804.0,716.0
716.0,691.0,695.0,730.0,734.0,754.0
754.0,724.0,724.0,774.0,759.0,735.0
735.0,708.0,710.0,735.0,745.0,706.0
706.0,682.0,685.0,711.0,710.0,716.0
716.0,691.0,692.0,676.0,715.0,548.0
548.0,545.0,552.0,575.0,578.0,543.0
543.0,541.0,542.0,546.0,555.0,532.0
532.0,532.0,532.0,534.0,534.0,569.0
569.0,564.0,562.0,567.0,573.0,498.0
498.0,502.0,505.0,504.0,514.0,433.0
433.0,446.0,449.0,423.0,450.0,582.0
582.0,575.0,569.0,570.0,560.0,488.0
488.0,494.0,498.0,490.0,506.0,539.0
539.0,538.0,536.0,534.0,533.0,529.0
529.0,530.0,530.0,530.0,539.0,662.0
662.0,644.0,639.0,634.0,616.0,717.0
717.0,692.0,690.0,708.0,705.0,776.0
776.0,743.0,742.0,767.0,765.0,707.0
707.0,683.0,688.0,730.0,716.0,714.0
714.0,689.0,690.0,699.0,714.0,926.0
926.0,874.0,866.0,924.0,892.0,872.0
872.0,828.0,832.0,875.0,875.0,894.0
894.0,848.0,849.0,851.0,899.0,798.0
798.0,764.0,771.0,811.0,820.0,735.0
735.0,709.0,714.0,745.0,755.0,774.0
774.0,743.0,743.0,752.0,778.0,746.0
746.0,719.0,722.0,748.0,750.0,724.0
724.0,700.0,702.0,727.0,728.0,721.0
721.0,697.0,699.0,722.0,692.0,562.0
562.0,559.0,568.0,577.0,611.0,548.0
548.0,547.0,548.0,565.0,544.0,534.0
534.0,535.0,536.0,536.0,537.0,571.0
571.0,567.0,565.0,566.0,565.0,504.0
504.0,509.0,512.0,471.0,512.0,438.0
438.0,453.0,455.0,448.0,452.0,583.0
583.0,578.0,570.0,552.0,564.0,498.0
498.0,505.0,509.0,507.0,507.0,541.0
541.0,542.0,539.0,563.0,536.0,539.0
539.0,540.0,540.0,560.0,539.0,667.0
667.0,650.0,644.0,649.0,622.0,721.0
721.0,697.0,695.0,706.0,711.0,789.0
789.0,756.0,754.0,745.0,775.0,712.0
712.0,689.0,695.0,737.0,723.0,720.0
720.0,696.0,697.0,720.0,781.0,934.0
934.0,882.0,873.0,904.0,868.0,876.0
876.0,832.0,838.0,880.0,905.0,897.0
897.0,851.0,853.0,895.0,928.0,802.0
802.0,768.0,776.0,815.0,825.0,741.0
741.0,715.0,721.0,751.0,797.0,778.0
778.0,748.0,748.0,774.0,782.0,757.0
757.0,730.0,733.0,759.0,759.0,727.0
727.0,703.0,707.0,732.0,732.0,724.0
724.0,701.0,703.0,725.0,725.0,570.0
570.0,568.0,577.0,592.0,617.0,556.0
556.0,556.0,557.0,561.0,551.0,539.0
539.0,541.0,542.0,542.0,542.0,575.0
575.0,572.0,570.0,570.0,570.0,506.0
506.0,513.0,516.0,515.0,515.0,441.0
441.0,457.0,460.0,451.0,455.0,584.0
584.0,580.0,572.0,565.0,565.0,500.0
500.0,508.0,512.0,510.0,510.0,544.0
544.0,546.0,543.0,539.0,539.0,549.0
549.0,550.0,550.0,547.0,547.0,667.0
667.0,652.0,645.0,650.0,626.0,732.0
732.0,708.0,705.0,720.0,720.0,792.0
792.0,759.0,758.0,782.0,782.0,718.0
718.0,695.0,702.0,766.0,727.0,731.0
731.0,707.0,708.0,730.0,730.0,949.0
949.0,896.0,886.0,917.0,917.0,882.0
882.0,838.0,845.0,887.0,916.0,905.0
905.0,859.0,861.0,902.0,938.0,809.0
809.0,775.0,784.0,823.0,889.0,757.0
757.0,731.0,737.0,767.0,809.0,798.0
798.0,766.0,766.0,793.0,771.0,765.0
765.0,738.0,742.0,769.0,769.0,731.0
731.0,708.0,712.0,737.0,737.0,736.0
736.0,713.0,714.0,736.0,736.0,574.0
574.0,573.0,584.0,598.0,598.0,584.0
584.0,581.0,582.0,586.0,586.0,546.0
546.0,549.0,551.0,552.0,552.0,584.0
584.0,582.0,579.0,579.0,579.0,512.0
512.0,520.0,524.0,522.0,503.0,454.0
454.0,470.0,473.0,464.0,464.0,593.0
593.0,590.0,580.0,573.0,573.0,510.0
510.0,519.0,523.0,520.0,520.0,557.0
557.0,559.0,556.0,551.0,551.0,561.0
561.0,562.0,562.0,559.0,559.0,682.0
682.0,666.0,659.0,663.0,642.0,747.0
747.0,722.0,718.0,734.0,734.0,807.0
807.0,773.0,771.0,796.0,820.0,725.0
725.0,703.0,710.0,736.0,736.0,749.0
749.0,724.0,724.0,747.0,747.0,961.0
961.0,907.0,896.0,928.0,896.0,893.0
893.0,848.0,856.0,898.0,898.0,933.0
933.0,884.0,886.0,928.0,959.0,825.0
825.0,790.0,802.0,841.0,910.0,771.0
771.0,744.0,751.0,782.0,828.0,817.0
817.0,784.0,783.0,811.0,789.0,787.0
787.0,758.0,762.0,791.0,760.0,743.0
743.0,720.0,725.0,751.0,727.0,758.0
758.0,733.0,734.0,757.0,757.0,587.0
587.0,586.0,599.0,614.0,614.0,602.0
602.0,599.0,599.0,620.0,604.0,563.0
563.0,565.0,568.0,556.0,534.0,595.0
595.0,593.0,591.0,591.0,591.0,524.0
524.0,532.0,537.0,535.0,512.0,468.0
468.0,485.0,488.0,478.0,478.0,596.0
596.0,594.0,584.0,577.0,518.0,515.0
515.0,525.0,530.0,525.0,525.0,577.0
577.0,578.0,573.0,569.0,568.0,569.0
569.0,571.0,571.0,569.0,578.0,693.0
693.0,677.0,668.0,673.0,654.0,757.0
757.0,732.0,728.0,744.0,744.0,893.0
893.0,848.0,841.0,870.0,874.0,735.0
735.0,713.0,727.0,757.0,870.0,770.0
770.0,743.0,743.0,769.0,843.0,984.0
984.0,927.0,914.0,934.0,926.0,912.0
912.0,865.0,875.0,918.0,950.0,960.0
960.0,908.0,910.0,953.0,979.0,848.0
848.0,811.0,825.0,866.0,930.0,791.0
791.0,762.0,771.0,804.0,847.0,843.0
843.0,807.0,807.0,836.0,810.0,814.0
814.0,782.0,788.0,817.0,784.0,767.0
767.0,742.0,749.0,776.0,776.0,763.0
763.0,739.0,742.0,765.0,734.0,592.0
592.0,592.0,607.0,621.0,640.0,603.0
603.0,601.0,602.0,606.0,578.0,573.0
573.0,576.0,578.0,579.0,532.0,595.0
595.0,595.0,593.0,592.0,528.0,541.0
541.0,549.0,553.0,550.0,517.0,478.0
478.0,495.0,499.0,490.0,490.0,603.0
603.0,602.0,591.0,584.0,529.0,521.0
521.0,532.0,538.0,532.0,532.0,602.0
602.0,601.0,594.0,590.0,590.0,575.0
575.0,578.0,580.0,578.0,593.0,702.0
702.0,686.0,676.0,676.0,666.0,781.0
781.0,754.0,748.0,764.0,762.0,919.0
919.0,872.0,864.0,902.0,893.0,750.0
750.0,727.0,744.0,775.0,894.0,782.0
782.0,754.0,756.0,781.0,867.0,995.0
995.0,937.0,923.0,938.0,940.0,929.0
929.0,881.0,891.0,952.0,964.0,991.0
991.0,936.0,937.0,994.0,1001.0,861.0
861.0,823.0,840.0,883.0,950.0,808.0
808.0,778.0,788.0,821.0,865.0,848.0
848.0,813.0,813.0,843.0,821.0,822.0
822.0,790.0,796.0,826.0,789.0,783.0
783.0,757.0,764.0,791.0,791.0,773.0
773.0,749.0,753.0,776.0,742.0,614.0
614.0,612.0,628.0,643.0,657.0,608.0
608.0,607.0,610.0,614.0,589.0,580.0
580.0,584.0,586.0,586.0,538.0,605.0
605.0,605.0,603.0,602.0,535.0,548.0
548.0,557.0,561.0,557.0,523.0,487.0
487.0,505.0,509.0,498.0,489.0,611.0
611.0,610.0,599.0,591.0,536.0,532.0
532.0,544.0,549.0,543.0,543.0,609.0
609.0,609.0,602.0,605.0,597.0,588.0
588.0,591.0,592.0,590.0,606.0,716.0
716.0,700.0,689.0,688.0,681.0,801.0
801.0,772.0,766.0,786.0,783.0,928.0
928.0,881.0,873.0,906.0,903.0,757.0
757.0,735.0,752.0,788.0,910.0,803.0
803.0,774.0,774.0,832.0,885.0,1000.0
1000.0,943.0,929.0,964.0,952.0,954.0
954.0,904.0,912.0,975.0,982.0,1007.0
1007.0,951.0,953.0,1015.0,1020.0,872.0
872.0,834.0,852.0,897.0,966.0,817.0
817.0,787.0,798.0,831.0,876.0,864.0
864.0,828.0,828.0,858.0,833.0,834.0
834.0,802.0,809.0,838.0,800.0,798.0
798.0,771.0,779.0,800.0,805.0,787.0
787.0,762.0,767.0,790.0,753.0,621.0
621.0,620.0,637.0,651.0,638.0,615.0
615.0,615.0,618.0,621.0,595.0,586.0
586.0,591.0,593.0,591.0,519.0,606.0
606.0,608.0,606.0,602.0,534.0,549.0
549.0,560.0,564.0,559.0,520.0,496.0
496.0,515.0,519.0,501.0,491.0,623.0
623.0,623.0,610.0,600.0,542.0,532.0
532.0,546.0,552.0,545.0,548.0,619.0
619.0,619.0,611.0,605.0,592.0,604.0
604.0,607.0,607.0,607.0,620.0,738.0
738.0,720.0,709.0,713.0,703.0,813.0
813.0,784.0,778.0,799.0,804.0,943.0
943.0,895.0,887.0,919.0,939.0,761.0
761.0,740.0,759.0,796.0,974.0,838.0
838.0,805.0,803.0,829.0,893.0,1014.0
1014.0,956.0,944.0,981.0,965.0,972.0
972.0,921.0,929.0,980.0,1003.0,1031.0
1031.0,973.0,974.0,1020.0,1043.0,884.0
884.0,846.0,866.0,912.0,984.0,835.0
835.0,804.0,815.0,849.0,894.0,882.0
882.0,845.0,845.0,876.0,848.0,837.0
837.0,806.0,815.0,846.0,808.0,809.0
809.0,782.0,789.0,814.0,784.0,793.0
793.0,769.0,774.0,797.0,754.0,630.0
630.0,630.0,647.0,661.0,640.0,619.0
619.0,620.0,623.0,627.0,596.0,599.0
599.0,604.0,605.0,603.0,526.0,609.0
609.0,612.0,611.0,607.0,539.0,584.0
584.0,591.0,593.0,589.0,540.0,506.0
506.0,525.0,532.0,521.0,500.0,628.0
628.0,629.0,616.0,605.0,557.0,540.0
540.0,554.0,561.0,541.0,558.0,621.0
621.0,623.0,615.0,608.0,597.0,604.0
604.0,608.0,609.0,607.0,619.0,742.0
742.0,726.0,713.0,715.0,701.0,823.0
823.0,794.0,787.0,808.0,808.0,947.0
947.0,900.0,891.0,924.0,945.0,767.0
767.0,746.0,767.0,802.0,934.0,866.0
866.0,831.0,826.0,846.0,915.0,1023.0
1023.0,965.0,954.0,993.0,996.0,973.0
973.0,923.0,933.0,983.0,1017.0,1036.0
1036.0,978.0,980.0,1024.0,1051.0,888.0
888.0,851.0,872.0,918.0,988.0,839.0
839.0,809.0,821.0,853.0,894.0,891.0
891.0,854.0,854.0,884.0,850.0,843.0
843.0,813.0,822.0,853.0,810.0,818.0
818.0,792.0,798.0,823.0,779.0,799.0
799.0,776.0,781.0,803.0,759.0,638.0
638.0,638.0,657.0,670.0,651.0,636.0
636.0,637.0,639.0,636.0,590.0,601.0
601.0,607.0,610.0,608.0,557.0,611.0
611.0,616.0,614.0,609.0,543.0,598.0
598.0,605.0,605.0,601.0,531.0,506.0
506.0,527.0,535.0,524.0,504.0,635.0
635.0,636.0,623.0,609.0,560.0,545.0
545.0,561.0,567.0,546.0,562.0,625.0
625.0,628.0,620.0,609.0,601.0,605.0
605.0,611.0,612.0,609.0,622.0,744.0
744.0,729.0,715.0,716.0,704.0,825.0
825.0,797.0,790.0,809.0,810.0,952.0
952.0,905.0,896.0,927.0,950.0,772.0
772.0,752.0,773.0,809.0,940.0,873.0
873.0,838.0,833.0,852.0,939.0,1030.0
1030.0,972.0,961.0,998.0,1005.0,977.0
977.0,928.0,938.0,988.0,1024.0,1046.0
1046.0,988.0,989.0,1032.0,1060.0,896.0
896.0,859.0,881.0,927.0,998.0,851.0
851.0,821.0,833.0,860.0,905.0,898.0
898.0,861.0,862.0,888.0,858.0,850.0
850.0,820.0,830.0,860.0,814.0,823.0
823.0,797.0,805.0,842.0,783.0,800.0
800.0,778.0,784.0,791.0,761.0,641.0
641.0,643.0,661.0,680.0,674.0,642.0
642.0,644.0,646.0,642.0,611.0,609.0
609.0,616.0,619.0,616.0,562.0,621.0
621.0,626.0,624.0,619.0,552.0,608.0
608.0,615.0,615.0,611.0,558.0,518.0
518.0,539.0,547.0,536.0,520.0,643.0
643.0,645.0,632.0,618.0,574.0,546.0
546.0,563.0,570.0,552.0,569.0,638.0
638.0,641.0,631.0,618.0,609.0,614.0
614.0,621.0,621.0,619.0,630.0,772.0
772.0,754.0,739.0,739.0,723.0,854.0
854.0,824.0,816.0,837.0,840.0,966.0
966.0,919.0,911.0,944.0,978.0,787.0
787.0,767.0,788.0,824.0,962.0,895.0
895.0,858.0,853.0,872.0,959.0,1041.0
1041.0,983.0,973.0,1011.0,1018.0,987.0
987.0,938.0,948.0,998.0,1034.0,1059.0
1059.0,1000.0,1001.0,1044.0,1067.0,925.0
925.0,886.0,906.0,953.0,1013.0,867.0
867.0,836.0,849.0,879.0,923.0,925.0
925.0,886.0,886.0,913.0,882.0,870.0
870.0,839.0,849.0,882.0,840.0,848.0
848.0,820.0,828.0,866.0,810.0,811.0
811.0,789.0,797.0,799.0,782.0,667.0
667.0,666.0,684.0,697.0,695.0,672.0
672.0,671.0,673.0,671.0,636.0,616.0
616.0,623.0,629.0,627.0,578.0,632.0
632.0,637.0,635.0,629.0,562.0,615.0
615.0,623.0,624.0,618.0,564.0,524.0
524.0,546.0,554.0,542.0,530.0,649.0
649.0,652.0,639.0,623.0,576.0,552.0
552.0,570.0,577.0,560.0,572.0,644.0
644.0,648.0,638.0,625.0,614.0,625.0
625.0,632.0,632.0,629.0,638.0,791.0
791.0,772.0,756.0,756.0,741.0,863.0
863.0,833.0,827.0,848.0,858.0,986.0
986.0,938.0,929.0,961.0,1001.0,800.0
800.0,780.0,801.0,839.0,980.0,911.0
911.0,874.0,869.0,887.0,976.0,1052.0
1052.0,995.0,985.0,1023.0,1032.0,1015.0
1015.0,964.0,973.0,1023.0,1052.0,1105.0
1105.0,1042.0,1041.0,1086.0,1103.0,957.0
957.0,915.0,937.0,989.0,1054.0,883.0
883.0,852.0,867.0,875.0,954.0,942.0
942.0,902.0,902.0,930.0,904.0,882.0
882.0,851.0,862.0,895.0,852.0,878.0
878.0,848.0,853.0,890.0,827.0,825.0
825.0,803.0,812.0,836.0,796.0,682.0
682.0,681.0,699.0,712.0,707.0,687.0
687.0,685.0,687.0,686.0,648.0,625.0
625.0,633.0,639.0,638.0,588.0,644.0
644.0,649.0,647.0,640.0,573.0,627.0
627.0,635.0,635.0,630.0,575.0,545.0
545.0,566.0,572.0,562.0,547.0,654.0
654.0,658.0,646.0,631.0,589.0,562.0
562.0,580.0,587.0,571.0,583.0,646.0
646.0,651.0,642.0,628.0,619.0,636.0
636.0,643.0,642.0,638.0,644.0,807.0
807.0,788.0,771.0,771.0,752.0,874.0
874.0,845.0,838.0,860.0,872.0,999.0
999.0,951.0,942.0,973.0,1017.0,814.0
814.0,793.0,815.0,853.0,996.0,915.0
915.0,879.0,875.0,893.0,985.0,1064.0
1064.0,1007.0,996.0,1033.0,1041.0,1033.0
1033.0,981.0,989.0,1040.0,1065.0,1137.0
1137.0,1072.0,1069.0,1115.0,1128.0,982.0
982.0,938.0,961.0,1015.0,1083.0,906.0
906.0,873.0,889.0,922.0,983.0,969.0
969.0,928.0,927.0,956.0,934.0,913.0
913.0,880.0,890.0,925.0,883.0,917.0
917.0,883.0,888.0,924.0,864.0,838.0
838.0,816.0,828.0,855.0,823.0,699.0
699.0,697.0,715.0,728.0,724.0,691.0
691.0,691.0,694.0,693.0,652.0,635.0
635.0,643.0,648.0,647.0,587.0,657.0
657.0,662.0,660.0,652.0,575.0,631.0
631.0,640.0,641.0,636.0,577.0,557.0
557.0,577.0,583.0,572.0,553.0,658.0
658.0,663.0,652.0,637.0,597.0,570.0
570.0,589.0,595.0,582.0,591.0,657.0
657.0,662.0,653.0,636.0,630.0,644.0
644.0,651.0,651.0,647.0,655.0,832.0
832.0,811.0,792.0,792.0,773.0,888.0
888.0,858.0,853.0,872.0,894.0,1007.0
1007.0,960.0,952.0,1025.0,1034.0,832.0
832.0,811.0,831.0,869.0,1011.0,925.0
925.0,890.0,886.0,932.0,996.0,1086.0
1086.0,1028.0,1016.0,1052.0,1057.0,1055.0
1055.0,1002.0,1010.0,1061.0,1084.0,1167.0
1167.0,1100.0,1097.0,1136.0,1156.0,1012.0
1012.0,966.0,989.0,1045.0,1115.0,936.0
936.0,901.0,917.0,952.0,1016.0,998.0
998.0,955.0,955.0,985.0,967.0,945.0
945.0,909.0,920.0,956.0,917.0,933.0
933.0,899.0,906.0,936.0,888.0,855.0
855.0,832.0,845.0,857.0,839.0,715.0
715.0,713.0,730.0,743.0,735.0,710.0
710.0,709.0,711.0,687.0,663.0,646.0
646.0,654.0,660.0,647.0,595.0,662.0
662.0,668.0,666.0,646.0,579.0,638.0
638.0,647.0,649.0,633.0,581.0,567.0
567.0,587.0,593.0,582.0,559.0,662.0
662.0,668.0,658.0,633.0,602.0,585.0
585.0,603.0,608.0,597.0,602.0,665.0
665.0,671.0,662.0,654.0,642.0,650.0
650.0,658.0,658.0,644.0,665.0,843.0
843.0,822.0,804.0,821.0,784.0,906.0
906.0,876.0,870.0,893.0,911.0,1017.0
1017.0,971.0,964.0,1036.0,1051.0,846.0
846.0,825.0,844.0,882.0,1026.0,941.0
941.0,906.0,902.0,945.0,1011.0,1101.0
1101.0,1044.0,1032.0,1048.0,1073.0,1079.0
1079.0,1025.0,1033.0,1100.0,1105.0,1187.0
1187.0,1120.0,1117.0,1161.0,1179.0,1031.0
1031.0,985.0,1007.0,1088.0,1137.0,964.0
964.0,928.0,942.0,972.0,1041.0,1022.0
1022.0,978.0,979.0,1001.0,993.0,962.0
962.0,926.0,937.0,968.0,938.0,956.0
956.0,921.0,927.0,959.0,909.0,876.0
876.0,853.0,865.0,893.0,859.0,733.0
733.0,730.0,747.0,759.0,752.0,718.0
718.0,717.0,721.0,696.0,673.0,648.0
648.0,657.0,664.0,647.0,597.0,670.0
670.0,676.0,674.0,651.0,579.0,647.0
647.0,657.0,658.0,641.0,584.0,574.0
574.0,595.0,600.0,582.0,563.0,670.0
670.0,677.0,667.0,640.0,609.0,590.0
590.0,609.0,614.0,606.0,609.0,671.0
671.0,678.0,669.0,659.0,650.0,659.0
659.0,667.0,667.0,653.0,674.0,847.0
847.0,828.0,810.0,826.0,792.0,913.0
913.0,884.0,879.0,901.0,919.0,1024.0
1024.0,980.0,973.0,1043.0,1059.0,862.0
862.0,841.0,859.0,898.0,1038.0,963.0
963.0,927.0,923.0,965.0,1030.0,1105.0
1105.0,1050.0,1040.0,1056.0,1087.0,1089.0
1089.0,1037.0,1043.0,1134.0,1117.0,1193.0
1193.0,1128.0,1126.0,1168.0,1187.0,1039.0
1039.0,995.0,1015.0,1096.0,1142.0,976.0
976.0,940.0,954.0,982.0,1047.0,1024.0
1024.0,982.0,984.0,1005.0,995.0,966.0
966.0,932.0,942.0,971.0,939.0,973.0
973.0,938.0,943.0,972.0,918.0,891.0
891.0,868.0,880.0,907.0,874.0,737.0
737.0,735.0,752.0,765.0,763.0,723.0
723.0,723.0,726.0,699.0,680.0,650.0
650.0,660.0,667.0,648.0,599.0,676.0
676.0,683.0,680.0,656.0,582.0,650.0
650.0,661.0,662.0,643.0,585.0,580.0
580.0,601.0,606.0,591.0,567.0,678.0
678.0,685.0,675.0,646.0,617.0,598.0
598.0,617.0,622.0,612.0,618.0,695.0
695.0,700.0,690.0,679.0,669.0,667.0
667.0,676.0,677.0,666.0,692.0,852.0
852.0,834.0,818.0,833.0,806.0,914.0
914.0,888.0,882.0,904.0,925.0,1026.0
1026.0,984.0,977.0,1046.0,1060.0,873.0
873.0,852.0,869.0,908.0,1040.0,972.0
972.0,937.0,933.0,974.0,1034.0,1115.0
1115.0,1061.0,1052.0,1068.0,1095.0,1098.0
1098.0,1047.0,1053.0,1144.0,1128.0,1209.0
1209.0,1145.0,1141.0,1185.0,1203.0,1055.0
1055.0,1011.0,1031.0,1113.0,1161.0,983.0
983.0,949.0,962.0,990.0,1060.0,1029.0
1029.0,989.0,990.0,1008.0,1002.0,974.0
974.0,941.0,951.0,978.0,944.0,976.0
976.0,943.0,947.0,974.0,919.0,910.0
910.0,886.0,896.0,912.0,883.0,745.0
745.0,744.0,761.0,774.0,773.0,725.0
725.0,727.0,730.0,702.0,686.0,655.0
655.0,666.0,672.0,649.0,604.0,687.0
687.0,694.0,691.0,665.0,589.0,664.0
664.0,674.0,675.0,695.0,598.0,596.0
596.0,616.0,621.0,608.0,584.0,687.0
687.0,695.0,686.0,656.0,633.0,601.0
601.0,621.0,626.0,618.0,627.0,700.0
700.0,706.0,696.0,681.0,674.0,678.0
678.0,687.0,687.0,678.0,698.0,868.0
868.0,850.0,833.0,848.0,818.0,928.0
928.0,902.0,897.0,922.0,941.0,1043.0
1043.0,1001.0,994.0,1063.0,1080.0,890.0
890.0,869.0,885.0,927.0,1060.0,1017.0
1017.0,978.0,971.0,1013.0,1070.0,1121.0
1121.0,1069.0,1063.0,1086.0,1121.0,1117.0
1117.0,1066.0,1071.0,1162.0,1149.0,1235.0
1235.0,1170.0,1166.0,1207.0,1225.0,1077.0
1077.0,1032.0,1052.0,1141.0,1181.0,1014.0
1014.0,978.0,990.0,1016.0,1085.0,1043.0
1043.0,1003.0,1006.0,1013.0,1021.0,998.0
998.0,964.0,972.0,1006.0,964.0,992.0
992.0,959.0,964.0,993.0,937.0,942.0
942.0,916.0,924.0,941.0,907.0,754.0
754.0,753.0,772.0,786.0,789.0,735.0
735.0,737.0,740.0,710.0,697.0,663.0
663.0,675.0,680.0,652.0,608.0,691.0
691.0,699.0,696.0,671.0,590.0,679.0
679.0,689.0,689.0,666.0,605.0,605.0
605.0,626.0,630.0,619.0,592.0,701.0
701.0,708.0,699.0,668.0,647.0,610.0
610.0,630.0,636.0,629.0,641.0,710.0
710.0,716.0,707.0,690.0,687.0,692.0
692.0,701.0,700.0,691.0,712.0,883.0
883.0,865.0,849.0,863.0,834.0,934.0
934.0,909.0,905.0,933.0,953.0,1059.0
1059.0,1017.0,1009.0,1078.0,1093.0,910.0
910.0,888.0,903.0,949.0,1075.0,1024.0
1024.0,987.0,981.0,1023.0,1080.0,1145.0
1145.0,1092.0,1085.0,1108.0,1138.0,1131.0
1131.0,1080.0,1086.0,1179.0,1166.0,1271.0
1271.0,1204.0,1198.0,1241.0,1255.0,1100.0
1100.0,1054.0,1075.0,1168.0,1211.0,1027.0
1027.0,991.0,1004.0,1033.0,1106.0,1060.0
1060.0,1020.0,1022.0,1038.0,1037.0,1006.0
1006.0,973.0,982.0,1019.0,972.0,996.0
996.0,965.0,970.0,993.0,938.0,952.0
952.0,927.0,934.0,949.0,909.0,762.0
762.0,762.0,780.0,792.0,791.0,743.0
743.0,746.0,749.0,717.0,701.0,679.0
679.0,690.0,695.0,665.0,620.0,693.0
693.0,702.0,701.0,676.0,600.0,684.0
684.0,695.0,694.0,670.0,613.0,615.0
615.0,636.0,640.0,627.0,602.0,711.0
711.0,719.0,709.0,678.0,657.0,612.0
612.0,633.0,639.0,634.0,647.0,715.0
715.0,722.0,712.0,694.0,691.0,707.0
707.0,715.0,714.0,705.0,721.0,890.0
890.0,873.0,858.0,873.0,845.0,954.0
954.0,928.0,923.0,953.0,971.0,1099.0
1099.0,1054.0,1045.0,1116.0,1129.0,923.0
923.0,901.0,918.0,973.0,1105.0,1048.0
1048.0,1009.0,1003.0,973.0,1107.0,1154.0
1154.0,1102.0,1097.0,1212.0,1154.0,1143.0
1143.0,1093.0,1098.0,1191.0,1175.0,1292.0
1292.0,1225.0,1218.0,1258.0,1267.0,1115.0
1115.0,1069.0,1090.0,1188.0,1222.0,1044.0
1044.0,1008.0,1021.0,1047.0,1118.0,1068.0
1068.0,1029.0,1032.0,1047.0,1047.0,1024.0
1024.0,991.0,999.0,1034.0,985.0,1017.0
1017.0,985.0,990.0,1014.0,957.0,956.0
956.0,932.0,941.0,957.0,922.0,773.0
773.0,773.0,791.0,791.0,801.0,752.0
752.0,755.0,758.0,723.0,708.0,691.0
691.0,702.0,707.0,676.0,629.0,697.0
697.0,708.0,706.0,679.0,606.0,694.0
694.0,705.0,704.0,679.0,621.0,637.0
637.0,656.0,659.0,641.0,619.0,714.0
714.0,723.0,715.0,687.0,671.0,623.0
623.0,644.0,650.0,649.0,658.0,721.0
721.0,729.0,720.0,695.0,700.0,710.0
710.0,719.0,718.0,710.0,724.0,900.0
900.0,884.0,868.0,880.0,851.0,973.0
973.0,947.0,941.0,975.0,986.0,1113.0
1113.0,1068.0,1060.0,1079.0,1148.0,947.0
947.0,924.0,940.0,998.0,1127.0,1057.0
1057.0,1019.0,1015.0,1007.0,1124.0,1156.0
1156.0,1106.0,1102.0,1126.0,1160.0,1153.0
1153.0,1104.0,1109.0,1196.0,1179.0,1309.0
1309.0,1242.0,1235.0,1277.0,1277.0,1141.0
1141.0,1094.0,1114.0,1213.0,1241.0,1053.0
1053.0,1018.0,1031.0,1060.0,1134.0,1082.0
1082.0,1043.0,1046.0,1033.0,1062.0,1030.0
1030.0,998.0,1006.0,1042.0,994.0,1041.0
1041.0,1008.0,1011.0,1034.0,974.0,974.0
974.0,950.0,958.0,977.0,942.0,783.0
783.0,783.0,801.0,811.0,816.0,769.0
769.0,771.0,774.0,735.0,723.0,704.0
704.0,715.0,719.0,690.0,642.0,712.0
712.0,722.0,721.0,693.0,621.0,703.0
703.0,714.0,714.0,689.0,634.0,653.0
653.0,671.0,674.0,655.0,633.0,725.0
725.0,734.0,727.0,622.0,684.0,628.0
628.0,650.0,656.0,652.0,666.0,739.0
739.0,746.0,736.0,709.0,712.0,725.0
725.0,734.0,733.0,763.0,739.0,911.0
911.0,895.0,880.0,893.0,866.0,992.0
992.0,965.0,959.0,994.0,1005.0,1120.0
1120.0,1077.0,1070.0,1144.0,1161.0,970.0
970.0,946.0,960.0,1019.0,1143.0,1067.0
1067.0,1030.0,1027.0,979.0,1134.0,1171.0
1171.0,1122.0,1117.0,1143.0,1173.0,1194.0
1194.0,1142.0,1145.0,1231.0,1208.0,1315.0
1315.0,1250.0,1246.0,1296.0,1300.0,1165.0
1165.0,1118.0,1135.0,1230.0,1263.0,1067.0
1067.0,1032.0,1046.0,1077.0,1149.0,1096.0
1096.0,1058.0,1060.0,1073.0,1073.0,1043.0
1043.0,1012.0,1019.0,1052.0,1004.0,1051.0
1051.0,1019.0,1022.0,1047.0,983.0,978.0
978.0,955.0,964.0,980.0,947.0,786.0
786.0,787.0,804.0,813.0,816.0,771.0
771.0,775.0,777.0,733.0,722.0,710.0
710.0,721.0,725.0,695.0,644.0,720.0
720.0,730.0,729.0,699.0,628.0,712.0
712.0,723.0,723.0,700.0,645.0,669.0
669.0,687.0,688.0,670.0,651.0,728.0
728.0,738.0,732.0,708.0,697.0,632.0
632.0,655.0,660.0,657.0,672.0,753.0
753.0,760.0,750.0,721.0,721.0,731.0
731.0,740.0,741.0,738.0,746.0,917.0
917.0,902.0,888.0,899.0,872.0,997.0
997.0,972.0,966.0,1001.0,1011.0,1126.0
1126.0,1084.0,1077.0,1151.0,1167.0,976.0
976.0,953.0,966.0,1025.0,1146.0,1082.0
1082.0,1046.0,1041.0,1075.0,1143.0,1181.0
1181.0,1133.0,1129.0,1157.0,1184.0,1200.0
1200.0,1150.0,1152.0,1298.0,1218.0,1325.0
1325.0,1261.0,1257.0,1306.0,1311.0,1171.0
1171.0,1125.0,1142.0,1237.0,1270.0,1072.0
1072.0,1039.0,1051.0,1080.0,1151.0,1105.0
1105.0,1068.0,1070.0,1080.0,1077.0,1055.0
1055.0,1024.0,1031.0,1065.0,1013.0,1053.0
1053.0,1022.0,1026.0,1050.0,990.0,984.0
984.0,962.0,970.0,984.0,953.0,793.0
793.0,795.0,810.0,817.0,822.0,774.0
774.0,779.0,781.0,736.0,726.0,715.0
715.0,727.0,731.0,699.0,648.0,728.0
728.0,739.0,737.0,751.0,636.0,725.0
725.0,736.0,735.0,722.0,659.0,681.0
681.0,698.0,700.0,683.0,667.0,735.0
735.0,745.0,741.0,717.0,710.0,635.0
635.0,659.0,664.0,660.0,678.0,772.0
772.0,778.0,767.0,735.0,733.0,735.0
735.0,745.0,747.0,757.0,754.0,919.0
919.0,906.0,893.0,890.0,877.0,1002.0
1002.0,978.0,972.0,1006.0,1014.0,1133.0
1133.0,1092.0,1086.0,1154.0,1171.0,980.0
980.0,959.0,971.0,1042.0,1147.0,1097.0
1097.0,1061.0,1056.0,1071.0,1151.0,1183.0
1183.0,1137.0,1133.0,1185.0,1190.0,1207.0
1207.0,1158.0,1160.0,1225.0,1224.0,1334.0
1334.0,1271.0,1267.0,1315.0,1320.0,1187.0
1187.0,1141.0,1156.0,1241.0,1283.0,1082.0
1082.0,1049.0,1061.0,1091.0,1162.0,1111.0
1111.0,1075.0,1077.0,1085.0,1085.0,1082.0
1082.0,1050.0,1055.0,1087.0,1033.0,1060.0
1060.0,1030.0,1035.0,1064.0,1007.0,987.0
987.0,966.0,974.0,991.0,962.0,800.0
800.0,803.0,817.0,814.0,826.0,781.0
781.0,786.0,788.0,746.0,729.0,721.0
721.0,734.0,737.0,748.0,652.0,736.0
736.0,747.0,746.0,712.0,643.0,734.0
734.0,746.0,745.0,731.0,670.0,707.0
707.0,722.0,723.0,706.0,690.0,738.0
738.0,750.0,747.0,726.0,727.0,649.0
649.0,672.0,677.0,670.0,692.0,782.0
782.0,788.0,778.0,747.0,745.0,745.0
745.0,756.0,757.0,766.0,763.0,931.0
931.0,918.0,906.0,902.0,887.0,1025.0
1025.0,1000.0,994.0,1033.0,1033.0,1156.0
1156.0,1115.0,1108.0,1169.0,1196.0,985.0
985.0,965.0,978.0,1050.0,1159.0,1108.0
1108.0,1072.0,1067.0,1079.0,1158.0,1191.0
1191.0,1145.0,1143.0,1194.0,1194.0,1229.0
1229.0,1179.0,1180.0,1245.0,1237.0,1346.0
1346.0,1284.0,1280.0,1346.0,1335.0,1203.0
1203.0,1157.0,1171.0,1255.0,1298.0,1097.0
1097.0,1064.0,1075.0,1077.0,1176.0,1120.0
1120.0,1085.0,1087.0,1095.0,1095.0,1100.0
1100.0,1067.0,1071.0,1102.0,1048.0,1074.0
1074.0,1045.0,1049.0,1080.0,1024.0,997.0
997.0,977.0,984.0,1001.0,976.0,804.0
804.0,808.0,821.0,817.0,832.0,788.0
788.0,794.0,796.0,750.0,733.0,734.0
734.0,747.0,749.0,718.0,661.0,740.0
740.0,752.0,751.0,718.0,652.0,740.0
740.0,752.0,751.0,735.0,679.0,715.0
715.0,731.0,731.0,724.0,699.0,740.0
740.0,753.0,750.0,727.0,731.0,655.0
655.0,679.0,682.0,673.0,695.0,786.0
786.0,793.0,784.0,752.0,748.0,762.0
762.0,772.0,772.0,781.0,774.0,944.0
944.0,931.0,920.0,920.0,904.0,1041.0
1041.0,1016.0,1011.0,1053.0,1053.0,1167.0
1167.0,1127.0,1121.0,1191.0,1212.0,1006.0
1006.0,985.0,996.0,1050.0,1173.0,1120.0
1120.0,1085.0,1081.0,1094.0,1167.0,1205.0
1205.0,1160.0,1158.0,1208.0,1204.0,1248.0
1248.0,1199.0,1199.0,1264.0,1253.0,1376.0
1376.0,1313.0,1310.0,1376.0,1362.0,1227.0
1227.0,1181.0,1193.0,1281.0,1326.0,1115.0
1115.0,1082.0,1092.0,1095.0,1197.0,1142.0
1142.0,1106.0,1108.0,1115.0,1113.0,1106.0
1106.0,1075.0,1079.0,1112.0,1062.0,1081.0
1081.0,1053.0,1056.0,1082.0,1037.0,1013.0
1013.0,993.0,999.0,1011.0,987.0,813.0
813.0,817.0,829.0,825.0,840.0,796.0
796.0,802.0,804.0,756.0,741.0,736.0
736.0,750.0,752.0,720.0,666.0,742.0
742.0,755.0,754.0,719.0,657.0,745.0
745.0,758.0,757.0,739.0,698.0,729.0
729.0,744.0,744.0,737.0,716.0,742.0
742.0,756.0,754.0,732.0,739.0,662.0
662.0,686.0,689.0,677.0,689.0,792.0
792.0,799.0,792.0,759.0,754.0,768.0
768.0,778.0,779.0,794.0,779.0,961.0
961.0,948.0,938.0,937.0,928.0,1055.0
1055.0,1030.0,1026.0,1074.0,1078.0,1186.0
1186.0,1146.0,1141.0,1210.0,1233.0,1037.0
1037.0,1014.0,1023.0,1072.0,1168.0,1152.0
1152.0,1116.0,1112.0,1109.0,1177.0,1222.0
1222.0,1178.0,1176.0,1230.0,1224.0,1268.0
1268.0,1219.0,1219.0,1276.0,1279.0,1402.0
1402.0,1339.0,1336.0,1403.0,1400.0,1234.0
1234.0,1190.0,1201.0,1300.0,1325.0,1126.0
1126.0,1094.0,1102.0,1099.0,1177.0,1153.0
1153.0,1118.0,1119.0,1124.0,1115.0,1110.0
1110.0,1080.0,1084.0,1118.0,1071.0,1093.0
1093.0,1065.0,1068.0,1090.0,1055.0,1030.0
1030.0,1010.0,1014.0,1029.0,1014.0,831.0
831.0,834.0,845.0,845.0,851.0,803.0
803.0,810.0,811.0,760.0,753.0,745.0
745.0,759.0,761.0,727.0,686.0,759.0
759.0,771.0,770.0,746.0,693.0,759.0
759.0,771.0,771.0,756.0,722.0,737.0
737.0,752.0,753.0,745.0,730.0,743.0
743.0,758.0,757.0,733.0,740.0,669.0
669.0,693.0,695.0,681.0,687.0,799.0
799.0,807.0,800.0,767.0,761.0,775.0
775.0,786.0,786.0,803.0,786.0,967.0
967.0,955.0,946.0,941.0,942.0,1081.0
1081.0,1055.0,1051.0,1101.0,1105.0,1196.0
1196.0,1157.0,1153.0,1228.0,1251.0,1055.0
1055.0,1032.0,1039.0,1086.0,1175.0,1160.0
1160.0,1125.0,1122.0,1131.0,1182.0,1230.0
1230.0,1187.0,1186.0,1226.0,1232.0,1281.0
1281.0,1233.0,1233.0,1312.0,1291.0,1411.0
1411.0,1350.0,1347.0,1394.0,1414.0,1243.0
1243.0,1200.0,1210.0,1305.0,1328.0,1135.0
1135.0,1104.0,1111.0,1106.0,1175.0,1158.0
1158.0,1125.0,1126.0,1134.0,1119.0,1115.0
1115.0,1087.0,1090.0,1123.0,1078.0,1101.0
1101.0,1074.0,1077.0,1096.0,1065.0,1038.0
1038.0,1019.0,1023.0,1038.0,1024.0,847.0
847.0,850.0,858.0,856.0,861.0,838.0
838.0,842.0,843.0,793.0,785.0,749.0
749.0,763.0,766.0,756.0,705.0,763.0
763.0,776.0,775.0,744.0,703.0,785.0
785.0,796.0,794.0,777.0,743.0,742.0
742.0,758.0,759.0,759.0,740.0,752.0
752.0,767.0,766.0,742.0,747.0,678.0
678.0,702.0,704.0,690.0,691.0,802.0
802.0,811.0,806.0,773.0,766.0,782.0
782.0,793.0,794.0,808.0,791.0,974.0
974.0,963.0,955.0,951.0,953.0,1088.0
1088.0,1063.0,1059.0,1110.0,1116.0,1205.0
1205.0,1167.0,1164.0,1239.0,1261.0,1075.0
1075.0,1052.0,1057.0,1105.0,1186.0,1183.0
1183.0,1147.0,1145.0,1156.0,1204.0,1232.0
1232.0,1191.0,1191.0,1233.0,1242.0,1292.0
1292.0,1245.0,1244.0,1342.0,1302.0,1422.0
1422.0,1362.0,1360.0,1409.0,1427.0,1254.0
1254.0,1212.0,1220.0,1316.0,1334.0,1151.0
1151.0,1120.0,1126.0,1119.0,1183.0,1168.0
1168.0,1136.0,1136.0,1145.0,1129.0,1121.0
1121.0,1094.0,1097.0,1127.0,1086.0,1124.0
1124.0,1097.0,1098.0,1116.0,1087.0,1041.0
1041.0,1023.0,1027.0,1045.0,1033.0,848.0
848.0,852.0,859.0,852.0,857.0,852.0
852.0,856.0,856.0,802.0,793.0,756.0
756.0,771.0,773.0,765.0,713.0,763.0
763.0,777.0,777.0,742.0,707.0,793.0
793.0,804.0,802.0,783.0,752.0,745.0
745.0,762.0,763.0,763.0,744.0,753.0
753.0,769.0,768.0,742.0,748.0,680.0
680.0,705.0,706.0,680.0,690.0,811.0
811.0,820.0,816.0,783.0,775.0,789.0
789.0,801.0,801.0,817.0,801.0,980.0
980.0,970.0,963.0,958.0,965.0,1093.0
1093.0,1069.0,1066.0,1117.0,1124.0,1211.0
1211.0,1174.0,1172.0,1277.0,1268.0,1090.0
1090.0,1067.0,1071.0,1119.0,1194.0,1221.0
1221.0,1183.0,1180.0,1195.0,1237.0,1236.0
1236.0,1197.0,1197.0,1248.0,1259.0,1296.0
1296.0,1250.0,1250.0,1315.0,1308.0,1432.0
1432.0,1373.0,1371.0,1417.0,1435.0,1261.0
1261.0,1220.0,1227.0,1327.0,1336.0,1158.0
1158.0,1128.0,1133.0,1121.0,1184.0,1168.0
1168.0,1137.0,1138.0,1141.0,1129.0,1125.0
1125.0,1099.0,1102.0,1128.0,1089.0,1127.0
1127.0,1101.0,1102.0,1120.0,1091.0,1048.0
1048.0,1031.0,1034.0,1051.0,1039.0,851.0
851.0,856.0,861.0,853.0,858.0,853.0
853.0,858.0,858.0,801.0,794.0,760.0
760.0,775.0,777.0,768.0,716.0,763.0
763.0,778.0,778.0,743.0,710.0,797.0
797.0,809.0,807.0,787.0,757.0,746.0
746.0,764.0,765.0,765.0,746.0,760.0
760.0,776.0,776.0,748.0,754.0,681.0
681.0,707.0,708.0,681.0,691.0,843.0
843.0,850.0,845.0,809.0,804.0,796.0
796.0,808.0,809.0,833.0,818.0,984.0
984.0,975.0,970.0,958.0,974.0,1096.0
1096.0,1074.0,1071.0,1118.0,1128.0,1211.0
1211.0,1176.0,1174.0,1251.0,1266.0,1109.0
1109.0,1085.0,1088.0,1134.0,1204.0,1238.0
1238.0,1200.0,1198.0,1218.0,1255.0,1240.0
1240.0,1202.0,1203.0,1270.0,1268.0,1299.0
1299.0,1255.0,1255.0,1295.0,1312.0,1439.0
1439.0,1381.0,1379.0,1425.0,1442.0,1272.0
1272.0,1231.0,1237.0,1339.0,1342.0,1164.0
1164.0,1135.0,1139.0,1127.0,1187.0,1173.0
1173.0,1143.0,1144.0,1144.0,1134.0,1125.0
1125.0,1101.0,1103.0,1128.0,1090.0,1135.0
1135.0,1110.0,1110.0,1126.0,1098.0,1053.0
1053.0,1037.0,1039.0,1057.0,1045.0,854.0
854.0,860.0,864.0,855.0,859.0,859.0
859.0,865.0,864.0,804.0,799.0,765.0
765.0,781.0,782.0,773.0,722.0,768.0
768.0,784.0,784.0,750.0,716.0,809.0
809.0,820.0,819.0,799.0,770.0,752.0
752.0,770.0,771.0,773.0,754.0,764.0
764.0,781.0,781.0,750.0,758.0,692.0
692.0,717.0,718.0,694.0,699.0,850.0
850.0,857.0,854.0,836.0,814.0,807.0
807.0,819.0,820.0,836.0,829.0,991.0
991.0,982.0,978.0,968.0,985.0,1104.0
1104.0,1082.0,1081.0,1127.0,1137.0,1220.0
1220.0,1186.0,1184.0,1261.0,1275.0,1129.0
1129.0,1105.0,1106.0,1154.0,1219.0,1251.0
1251.0,1213.0,1212.0,1234.0,1271.0,1250.0
1250.0,1213.0,1213.0,1279.0,1279.0,1317.0
1317.0,1273.0,1273.0,1331.0,1329.0,1457.0
1457.0,1399.0,1398.0,1447.0,1463.0,1302.0
1302.0,1260.0,1264.0,1366.0,1369.0,1175.0
1175.0,1147.0,1150.0,1148.0,1200.0,1182.0
1182.0,1153.0,1154.0,1153.0,1142.0,1143.0
1143.0,1118.0,1120.0,1143.0,1105.0,1148.0
1148.0,1123.0,1123.0,1142.0,1113.0,1061.0
1061.0,1045.0,1047.0,1063.0,1053.0,882.0
882.0,886.0,889.0,878.0,880.0,867.0
867.0,873.0,873.0,817.0,812.0,771.0
771.0,787.0,788.0,773.0,728.0,776.0
776.0,792.0,792.0,754.0,723.0,816.0
816.0,828.0,827.0,809.0,778.0,754.0
754.0,773.0,774.0,773.0,756.0,764.0
764.0,782.0,782.0,749.0,757.0,711.0
711.0,735.0,736.0,711.0,713.0,859.0
859.0,866.0,865.0,852.0,830.0,809.0
809.0,822.0,823.0,844.0,834.0,997.0
997.0,989.0,987.0,974.0,991.0,1120.0
1120.0,1098.0,1097.0,1146.0,1153.0,1227.0
1227.0,1194.0,1193.0,1251.0,1286.0,1137.0
1137.0,1113.0,1114.0,1167.0,1223.0,1273.0
1273.0,1235.0,1234.0,1244.0,1290.0,1262.0
1262.0,1225.0,1226.0,1295.0,1294.0,1324.0
1324.0,1281.0,1281.0,1318.0,1338.0,1486.0
1486.0,1428.0,1427.0,1475.0,1490.0,1314.0
1314.0,1273.0,1275.0,1384.0,1384.0,1188.0
1188.0,1160.0,1162.0,1155.0,1209.0,1201.0
1201.0,1172.0,1172.0,1171.0,1158.0,1150.0
1150.0,1126.0,1127.0,1153.0,1114.0,1161.0
1161.0,1136.0,1136.0,1151.0,1125.0,1073.0
1073.0,1057.0,1059.0,1076.0,1064.0,888.0
888.0,892.0,894.0,882.0,884.0,871.0
871.0,878.0,878.0,820.0,815.0,776.0
776.0,793.0,793.0,777.0,731.0,781.0
781.0,798.0,798.0,759.0,728.0,822.0
822.0,834.0,834.0,815.0,785.0,765.0
765.0,784.0,784.0,783.0,766.0,773.0
773.0,791.0,791.0,759.0,767.0,717.0
717.0,741.0,742.0,721.0,719.0,867.0
867.0,875.0,874.0,847.0,839.0,820.0
820.0,833.0,833.0,855.0,844.0,1003.0
1003.0,996.0,995.0,982.0,1000.0,1131.0
1131.0,1110.0,1109.0,1158.0,1165.0,1236.0
1236.0,1204.0,1204.0,1282.0,1296.0,1166.0
1166.0,1141.0,1141.0,1187.0,1248.0,1299.0
1299.0,1260.0,1259.0,1276.0,1320.0,1266.0
1266.0,1231.0,1231.0,1300.0,1304.0,1340.0
1340.0,1297.0,1297.0,1344.0,1350.0,1488.0
1488.0,1431.0,1431.0,1483.0,1494.0,1326.0
1326.0,1285.0,1286.0,1390.0,1390.0,1201.0
1201.0,1173.0,1174.0,1169.0,1219.0,1209.0
1209.0,1180.0,1181.0,1180.0,1167.0,1166.0
1166.0,1142.0,1142.0,1166.0,1130.0,1175.0
1175.0,1150.0,1150.0,1168.0,1141.0,1083.0
1083.0,1068.0,1068.0,1085.0,1075.0,892.0
892.0,897.0,897.0,884.0,886.0,875.0
875.0,882.0,882.0,822.0,816.0,778.0
778.0,796.0,795.0,778.0,731.0,791.0
791.0,808.0,808.0,768.0,737.0,828.0
828.0,841.0,841.0,824.0,794.0,769.0
769.0,789.0,788.0,769.0,771.0,778.0
778.0,797.0,797.0,764.0,772.0,726.0
726.0,750.0,750.0,730.0,727.0,875.0
875.0,883.0,883.0,857.0,849.0,847.0
847.0,858.0,858.0,881.0,870.0,1013.0
1013.0,1006.0,1006.0,999.0,1018.0,1138.0
1138.0,1117.0,1118.0,1164.0,1174.0,1245.0
1245.0,1214.0,1214.0,1288.0,1304.0,1169.0
1169.0,1145.0,1145.0,1198.0,1248.0,1318.0
1318.0,1279.0,1279.0,1303.0,1336.0,1280.0
1280.0,1245.0,1245.0,1318.0,1319.0,1355.0
1355.0,1313.0,1313.0,1343.0,1367.0,1495.0
1495.0,1440.0,1440.0,1493.0,1504.0,1328.0
1328.0,1289.0,1288.0,1389.0,1389.0,1206.0
1206.0,1179.0,1179.0,1171.0,1218.0,1216.0
1216.0,1188.0,1188.0,1187.0,1172.0,1170.0
1170.0,1147.0,1147.0,1174.0,1134.0,1186.0
1186.0,1162.0,1162.0,1175.0,1153.0,1087.0
1087.0,1073.0,1073.0,1095.0,1081.0,899.0
899.0,904.0,904.0,882.0,890.0,876.0
876.0,884.0,884.0,823.0,817.0,778.0
778.0,796.0,796.0,769.0,730.0,792.0
792.0,809.0,810.0,768.0,737.0,831.0
831.0,844.0,845.0,828.0,797.0,785.0
785.0,804.0,804.0,785.0,786.0,781.0
781.0,800.0,800.0,770.0,779.0,728.0
728.0,753.0,753.0,729.0,728.0,883.0
883.0,891.0,893.0,865.0,857.0,849.0
849.0,861.0,861.0,886.0,873.0,1021.0
1021.0,1014.0,1015.0,1007.0,1026.0,1146.0
1146.0,1126.0,1127.0,1175.0,1184.0,1252.0
1252.0,1221.0,1222.0,1296.0,1312.0,1174.0
1174.0,1151.0,1150.0,1202.0,1252.0,1336.0
1336.0,1296.0,1297.0,1312.0,1352.0,1288.0
1288.0,1254.0,1253.0,1329.0,1330.0,1362.0
1362.0,1320.0,1320.0,1348.0,1375.0,1504.0
1504.0,1450.0,1450.0,1518.0,1514.0,1331.0
1331.0,1293.0,1292.0,1392.0,1391.0,1213.0
1213.0,1187.0,1186.0,1176.0,1221.0,1232.0
1232.0,1204.0,1204.0,1204.0,1186.0,1178.0
1178.0,1156.0,1155.0,1184.0,1146.0,1192.0
1192.0,1168.0,1168.0,1179.0,1160.0,1106.0
1106.0,1091.0,1091.0,1112.0,1098.0,901.0
901.0,907.0,906.0,886.0,894.0,879.0
879.0,888.0,888.0,831.0,818.0,783.0
783.0,802.0,801.0,780.0,732.0,864.0
864.0,875.0,876.0,839.0,804.0,832.0
832.0,846.0,846.0,852.0,819.0,788.0
788.0,807.0,807.0,788.0,788.0,781.0
781.0,801.0,801.0,771.0,773.0,730.0
730.0,756.0,755.0,735.0,724.0,889.0
889.0,897.0,900.0,867.0,860.0,851.0
851.0,864.0,863.0,892.0,875.0,1023.0
1023.0,1017.0,1019.0,1009.0,1029.0,1149.0
1149.0,1130.0,1131.0,1187.0,1187.0,1258.0
1258.0,1228.0,1229.0,1301.0,1318.0,1182.0
1182.0,1160.0,1158.0,1210.0,1259.0,1347.0
1347.0,1308.0,1309.0,1324.0,1364.0,1295.0
1295.0,1261.0,1260.0,1337.0,1339.0,1368.0
1368.0,1327.0,1327.0,1353.0,1381.0,1514.0
1514.0,1460.0,1461.0,1529.0,1523.0,1332.0
1332.0,1295.0,1293.0,1393.0,1392.0,1220.0
1220.0,1194.0,1193.0,1221.0,1225.0,1232.0
1232.0,1205.0,1205.0,1205.0,1187.0,1178.0
1178.0,1157.0,1156.0,1179.0,1145.0,1195.0
1195.0,1172.0,1172.0,1182.0,1162.0,1108.0
1108.0,1094.0,1093.0,1115.0,1100.0,903.0
903.0,910.0,908.0,887.0,895.0,879.0
879.0,889.0,889.0,831.0,818.0,788.0
788.0,807.0,806.0,775.0,737.0,869.0
869.0,880.0,882.0,869.0,811.0,833.0
833.0,848.0,848.0,833.0,821.0,788.0
788.0,808.0,808.0,788.0,787.0,783.0
783.0,804.0,804.0,783.0,773.0,738.0
738.0,764.0,763.0,738.0,731.0,940.0
940.0,944.0,948.0,940.0,911.0,852.0
852.0,866.0,865.0,905.0,891.0,1031.0
1031.0,1026.0,1027.0,1005.0,1036.0,1151.0
1151.0,1133.0,1134.0,1180.0,1186.0,1261.0
1261.0,1232.0,1233.0,1261.0,1317.0,1197.0
1197.0,1174.0,1173.0,1225.0,1270.0,1355.0
1355.0,1316.0,1317.0,1336.0,1374.0,1299.0
1299.0,1266.0,1264.0,1300.0,1344.0,1374.0
1374.0,1334.0,1334.0,1358.0,1386.0,1516.0
1516.0,1463.0,1464.0,1531.0,1526.0,1333.0
1333.0,1297.0,1294.0,1394.0,1391.0,1227.0
1227.0,1202.0,1200.0,1228.0,1230.0,1232.0
1232.0,1206.0,1206.0,1233.0,1189.0,1179.0
1179.0,1159.0,1158.0,1182.0,1145.0,1197.0
1197.0,1175.0,1175.0,1198.0,1164.0,1109.0
1109.0,1096.0,1095.0,1116.0,1101.0,913.0
913.0,920.0,918.0,902.0,904.0,880.0
880.0,891.0,891.0,880.0,822.0,789.0
789.0,809.0,808.0,789.0,738.0,876.0
876.0,888.0,889.0,876.0,817.0,844.0
844.0,859.0,859.0,844.0,833.0,789.0
789.0,810.0,810.0,789.0,790.0,789.0
789.0,810.0,811.0,789.0,778.0,741.0
741.0,767.0,767.0,741.0,734.0,954.0
954.0,958.0,962.0,954.0,924.0,873.0
873.0,886.0,885.0,873.0,912.0,1039.0
1039.0,1034.0,1036.0,1016.0,1048.0,1154.0
1154.0,1137.0,1138.0,1154.0,1189.0,1266.0
1266.0,1237.0,1239.0,1266.0,1318.0,1201.0
1201.0,1179.0,1177.0,1201.0,1272.0,1364.0
1364.0,1325.0,1327.0,1365.0,1382.0,1306.0
1306.0,1273.0,1272.0,1307.0,1351.0,1381.0
1381.0,1341.0,1341.0,1365.0,1394.0,1522.0
1522.0,1469.0,1470.0,1533.0,1532.0,1345.0
1345.0,1309.0,1306.0,1393.0,1403.0,1233.0
1233.0,1208.0,1206.0,1234.0,1238.0,1237.0
1237.0,1212.0,1212.0,1238.0,1194.0,1183.0
1183.0,1163.0,1162.0,1184.0,1149.0,1202.0
1202.0,1181.0,1181.0,1203.0,1168.0,1111.0
1111.0,1099.0,1097.0,1113.0,1103.0,916.0
916.0,924.0,921.0,916.0,906.0,882.0
882.0,894.0,893.0,882.0,824.0,794.0
794.0,815.0,813.0,794.0,743.0,885.0
885.0,897.0,899.0,885.0,827.0,845.0
845.0,861.0,860.0,845.0,836.0,802.0
802.0,823.0,823.0,802.0,802.0,789.0
789.0,811.0,812.0,789.0,780.0,745.0
745.0,772.0,772.0,745.0,737.0,960.0
960.0,964.0,969.0,960.0,929.0,882.0
882.0,895.0,893.0,882.0,921.0,1051.0
1051.0,1046.0,1048.0,1051.0,1060.0,1158.0
1158.0,1141.0,1143.0,1158.0,1195.0,1274.0
1274.0,1246.0,1248.0,1274.0,1325.0,1222.0
1222.0,1199.0,1197.0,1222.0,1291.0,1372.0
1372.0,1333.0,1335.0,1373.0,1394.0,1310.0
1310.0,1278.0,1276.0,1311.0,1355.0,1390.0
1390.0,1350.0,1351.0,1386.0,1401.0,1526.0
1526.0,1473.0,1475.0,1526.0,1536.0,1349.0
1349.0,1313.0,1310.0,1349.0,1405.0,1239.0
1239.0,1215.0,1212.0,1240.0,1243.0,1240.0
1240.0,1216.0,1215.0,1241.0,1198.0,1194.0
1194.0,1174.0,1173.0,1195.0,1160.0,1205.0
1205.0,1184.0,1184.0,1206.0,1174.0,1112.0
1112.0,1101.0,1099.0,1112.0,1103.0,921.0
921.0,929.0,926.0,921.0,910.0,888.0
888.0,900.0,900.0,888.0,831.0,800.0
800.0,821.0,819.0,800.0,750.0,899.0
899.0,910.0,913.0,899.0,842.0,852.0
852.0,868.0,867.0,852.0,845.0,805.0
805.0,827.0,826.0,805.0,805.0,798.0
798.0,820.0,821.0,798.0,788.0,748.0
748.0,776.0,775.0,748.0,740.0,965.0
965.0,970.0,975.0,965.0,933.0,890.0
890.0,903.0,901.0,890.0,928.0,1056.0
1056.0,1051.0,1054.0,1056.0,1066.0,1166.0
1166.0,1149.0,1152.0,1166.0,1202.0,1283.0
1283.0,1255.0,1257.0,1283.0,1334.0,1238.0
1238.0,1214.0,1212.0,1238.0,1307.0,1397.0
1397.0,1357.0,1360.0,1398.0,1420.0,1317.0
1317.0,1285.0,1282.0,1317.0,1367.0,1399.0
1399.0,1359.0,1360.0,1399.0,1409.0,1531.0
1531.0,1479.0,1481.0,1531.0,1539.0,1366.0
1366.0,1330.0,1326.0,1366.0,1418.0,1262.0
1262.0,1236.0,1234.0,1263.0,1267.0,1249.0
1249.0,1225.0,1224.0,1250.0,1212.0,1199.0
1199.0,1180.0,1178.0,1200.0,1165.0,1216.0
1216.0,1195.0,1195.0,1217.0,1182.0,1120.0
1120.0,1109.0,1107.0,1120.0,1111.0,933.0
933.0,941.0,937.0,933.0,921.0,891.0
891.0,904.0,903.0,891.0,835.0,807.0
807.0,828.0,826.0,807.0,756.0,903.0
903.0,915.0,918.0,903.0,845.0,854.0
854.0,871.0,870.0,854.0,846.0,810.0
810.0,832.0,831.0,810.0,809.0,803.0
803.0,826.0,826.0,803.0,793.0,752.0
752.0,780.0,779.0,752.0,745.0,970.0
970.0,975.0,981.0,970.0,938.0,891.0
891.0,905.0,903.0,891.0,929.0,1060.0
1060.0,1056.0,1059.0,1060.0,1068.0,1196.0
1196.0,1177.0,1180.0,1196.0,1229.0,1289.0
1289.0,1261.0,1263.0,1331.0,1346.0,1257.0
1257.0,1232.0,1231.0,1257.0,1325.0,1403.0
1403.0,1363.0,1366.0,1403.0,1428.0,1321.0
1321.0,1290.0,1287.0,1321.0,1370.0,1401.0
1401.0,1362.0,1363.0,1401.0,1409.0,1540.0
1540.0,1488.0,1490.0,1540.0,1545.0,1379.0
1379.0,1342.0,1338.0,1379.0,1432.0,1266.0
1266.0,1241.0,1238.0,1267.0,1274.0,1259.0
1259.0,1235.0,1234.0,1260.0,1222.0,1207.0
1207.0,1188.0,1186.0,1208.0,1174.0,1230.0
1230.0,1209.0,1209.0,1231.0,1196.0,1130.0
1130.0,1119.0,1116.0,1130.0,1123.0,935.0
935.0,944.0,939.0,935.0,925.0,893.0
893.0,906.0,906.0,893.0,836.0,810.0
810.0,832.0,830.0,810.0,758.0,911.0
911.0,923.0,926.0,911.0,852.0,858.0
858.0,875.0,874.0,868.0,851.0,825.0
825.0,846.0,846.0,825.0,823.0,806.0
806.0,829.0,829.0,806.0,799.0,755.0
755.0,784.0,783.0,755.0,747.0,975.0
975.0,981.0,987.0,954.0,950.0,898.0
898.0,912.0,910.0,898.0,928.0,1068.0
1068.0,1064.0,1068.0,1068.0,1074.0,1208.0
1208.0,1189.0,1192.0,1208.0,1238.0,1293.0
1293.0,1266.0,1267.0,1337.0,1344.0,1267.0
1267.0,1242.0,1241.0,1267.0,1323.0,1419.0
1419.0,1379.0,1382.0,1420.0,1443.0,1330.0
1330.0,1299.0,1295.0,1330.0,1375.0,1408.0
1408.0,1369.0,1370.0,1408.0,1418.0,1548.0
1548.0,1496.0,1498.0,1559.0,1557.0,1391.0
1391.0,1354.0,1350.0,1391.0,1437.0,1283.0
1283.0,1257.0,1254.0,1283.0,1289.0,1265.0
1265.0,1241.0,1240.0,1266.0,1237.0,1210.0
1210.0,1192.0,1190.0,1211.0,1184.0,1233.0
1233.0,1212.0,1213.0,1234.0,1204.0,1135.0
1135.0,1124.0,1122.0,1135.0,1126.0,949.0
949.0,957.0,953.0,949.0,935.0,896.0
896.0,910.0,909.0,896.0,848.0,814.0
814.0,836.0,834.0,814.0,768.0,917.0
917.0,929.0,933.0,917.0,867.0,864.0
864.0,882.0,880.0,873.0,856.0,826.0
826.0,848.0,848.0,826.0,821.0,810.0
810.0,834.0,834.0,810.0,800.0,758.0
758.0,787.0,786.0,758.0,749.0,977.0
977.0,983.0,990.0,956.0,951.0,903.0
903.0,917.0,915.0,903.0,933.0,1072.0
1072.0,1068.0,1073.0,1072.0,1079.0,1212.0
1212.0,1194.0,1197.0,1212.0,1242.0,1295.0
1295.0,1269.0,1270.0,1339.0,1347.0,1276.0
1276.0,1251.0,1250.0,1276.0,1332.0,1453.0
1453.0,1410.0,1414.0,1453.0,1476.0,1332.0
1332.0,1302.0,1297.0,1332.0,1386.0,1415.0
1415.0,1376.0,1377.0,1415.0,1423.0,1554.0
1554.0,1502.0,1505.0,1564.0,1561.0,1400.0
1400.0,1363.0,1359.0,1400.0,1445.0,1284.0
1284.0,1259.0,1255.0,1285.0,1291.0,1266.0
1266.0,1243.0,1242.0,1267.0,1237.0,1215.0
1215.0,1197.0,1195.0,1216.0,1187.0,1234.0
1234.0,1214.0,1214.0,1235.0,1204.0,1146.0
1146.0,1135.0,1133.0,1146.0,1136.0,953.0
953.0,962.0,957.0,953.0,942.0,896.0
