644.0,477.0,460.0,5291.0,434.0,426.0
477.0,460.0,5291.0,434.0,426.0,401.0
460.0,5291.0,434.0,426.0,401.0,401.0
5291.0,434.0,426.0,401.0,401.0,413.0
434.0,426.0,401.0,401.0,413.0,44.0
426.0,401.0,401.0,413.0,44.0,421.0
401.0,401.0,413.0,44.0,421.0,464.0
401.0,413.0,44.0,421.0,464.0,516.0
413.0,44.0,421.0,464.0,516.0,400.0
44.0,421.0,464.0,516.0,400.0,434.0
421.0,464.0,516.0,400.0,434.0,417.0
464.0,516.0,400.0,434.0,417.0,439.0
516.0,400.0,434.0,417.0,439.0,543.0
400.0,434.0,417.0,439.0,543.0,462.0
434.0,417.0,439.0,543.0,462.0,448.0
417.0,439.0,543.0,462.0,448.0,371.0
439.0,543.0,462.0,448.0,371.0,392.0
543.0,462.0,448.0,371.0,392.0,381.0
462.0,448.0,371.0,392.0,381.0,390.0
448.0,371.0,392.0,381.0,390.0,314.0
371.0,392.0,381.0,390.0,314.0,328.0
392.0,381.0,390.0,314.0,328.0,307.0
381.0,390.0,314.0,328.0,307.0,387.0
390.0,314.0,328.0,307.0,387.0,380.0
314.0,328.0,307.0,387.0,380.0,352.0
328.0,307.0,387.0,380.0,352.0,370.0
307.0,387.0,380.0,352.0,370.0,362.0
387.0,380.0,352.0,370.0,362.0,409.0
380.0,352.0,370.0,362.0,409.0,473.0
352.0,370.0,362.0,409.0,473.0,336.0
370.0,362.0,409.0,473.0,336.0,384.0
362.0,409.0,473.0,336.0,384.0,357.0
409.0,473.0,336.0,384.0,357.0,389.0
473.0,336.0,384.0,357.0,389.0,350.0
336.0,384.0,357.0,389.0,350.0,339.0
384.0,357.0,389.0,350.0,339.0,317.0
357.0,389.0,350.0,339.0,317.0,320.0
389.0,350.0,339.0,317.0,320.0,352.0
350.0,339.0,317.0,320.0,352.0,316.0
339.0,317.0,320.0,352.0,316.0,278.0
317.0,320.0,352.0,316.0,278.0,342.0
320.0,352.0,316.0,278.0,342.0,320.0
352.0,316.0,278.0,342.0,320.0,431.0
316.0,278.0,342.0,320.0,431.0,367.0
278.0,342.0,320.0,431.0,367.0,536.0
342.0,320.0,431.0,367.0,536.0,335.0
320.0,431.0,367.0,536.0,335.0,405.0
431.0,367.0,536.0,335.0,405.0,434.0
367.0,536.0,335.0,405.0,434.0,406.0
536.0,335.0,405.0,434.0,406.0,407.0
335.0,405.0,434.0,406.0,407.0,340.0
405.0,434.0,406.0,407.0,340.0,370.0
434.0,406.0,407.0,340.0,370.0,451.0
406.0,407.0,340.0,370.0,451.0,378.0
407.0,340.0,370.0,451.0,378.0,392.0
340.0,370.0,451.0,378.0,392.0,418.0
370.0,451.0,378.0,392.0,418.0,467.0
451.0,378.0,392.0,418.0,467.0,413.0
378.0,392.0,418.0,467.0,413.0,409.0
392.0,418.0,467.0,413.0,409.0,390.0
418.0,467.0,413.0,409.0,390.0,444.0
467.0,413.0,409.0,390.0,444.0,529.0
413.0,409.0,390.0,444.0,529.0,486.0
409.0,390.0,444.0,529.0,486.0,648.0
390.0,444.0,529.0,486.0,648.0,498.0
444.0,529.0,486.0,648.0,498.0,458.0
529.0,486.0,648.0,498.0,458.0,686.0
486.0,648.0,498.0,458.0,686.0,547.0
648.0,498.0,458.0,686.0,547.0,429.0
498.0,458.0,686.0,547.0,429.0,389.0
458.0,686.0,547.0,429.0,389.0,433.0
686.0,547.0,429.0,389.0,433.0,346.0
547.0,429.0,389.0,433.0,346.0,352.0
429.0,389.0,433.0,346.0,352.0,359.0
389.0,433.0,346.0,352.0,359.0,410.0
433.0,346.0,352.0,359.0,410.0,381.0
346.0,352.0,359.0,410.0,381.0,469.0
352.0,359.0,410.0,381.0,469.0,541.0
359.0,410.0,381.0,469.0,541.0,434.0
410.0,381.0,469.0,541.0,434.0,490.0
381.0,469.0,541.0,434.0,490.0,568.0
469.0,541.0,434.0,490.0,568.0,759.0
541.0,434.0,490.0,568.0,759.0,594.0
434.0,490.0,568.0,759.0,594.0,632.0
490.0,568.0,759.0,594.0,632.0,710.0
568.0,759.0,594.0,632.0,710.0,720.0
759.0,594.0,632.0,710.0,720.0,727.0
594.0,632.0,710.0,720.0,727.0,1137.0
632.0,710.0,720.0,727.0,1137.0,641.0
710.0,720.0,727.0,1137.0,641.0,490.0
720.0,727.0,1137.0,641.0,490.0,692.0
727.0,1137.0,641.0,490.0,692.0,498.0
1137.0,641.0,490.0,692.0,498.0,464.0
641.0,490.0,692.0,498.0,464.0,416.0
490.0,692.0,498.0,464.0,416.0,444.0
692.0,498.0,464.0,416.0,444.0,409.0
498.0,464.0,416.0,444.0,409.0,408.0
464.0,416.0,444.0,409.0,408.0,421.0
416.0,444.0,409.0,408.0,421.0,393.0
444.0,409.0,408.0,421.0,393.0,402.0
409.0,408.0,421.0,393.0,402.0,477.0
408.0,421.0,393.0,402.0,477.0,403.0
421.0,393.0,402.0,477.0,403.0,434.0
393.0,402.0,477.0,403.0,434.0,640.0
402.0,477.0,403.0,434.0,640.0,1357.0
477.0,403.0,434.0,640.0,1357.0,993.0
403.0,434.0,640.0,1357.0,993.0,980.0
434.0,640.0,1357.0,993.0,980.0,976.0
640.0,1357.0,993.0,980.0,976.0,1103.0
1357.0,993.0,980.0,976.0,1103.0,685.0
993.0,980.0,976.0,1103.0,685.0,640.0
980.0,976.0,1103.0,685.0,640.0,950.0
976.0,1103.0,685.0,640.0,950.0,566.0
1103.0,685.0,640.0,950.0,566.0,634.0
685.0,640.0,950.0,566.0,634.0,627.0
640.0,950.0,566.0,634.0,627.0,533.0
950.0,566.0,634.0,627.0,533.0,423.0
566.0,634.0,627.0,533.0,423.0,400.0
634.0,627.0,533.0,423.0,400.0,436.0
627.0,533.0,423.0,400.0,436.0,418.0
533.0,423.0,400.0,436.0,418.0,377.0
423.0,400.0,436.0,418.0,377.0,398.0
400.0,436.0,418.0,377.0,398.0,403.0
436.0,418.0,377.0,398.0,403.0,397.0
418.0,377.0,398.0,403.0,397.0,430.0
377.0,398.0,403.0,397.0,430.0,398.0
398.0,403.0,397.0,430.0,398.0,391.0
403.0,397.0,430.0,398.0,391.0,1109.0
397.0,430.0,398.0,391.0,1109.0,768.0
430.0,398.0,391.0,1109.0,768.0,628.0
398.0,391.0,1109.0,768.0,628.0,730.0
391.0,1109.0,768.0,628.0,730.0,828.0
1109.0,768.0,628.0,730.0,828.0,806.0
768.0,628.0,730.0,828.0,806.0,888.0
628.0,730.0,828.0,806.0,888.0,1118.0
730.0,828.0,806.0,888.0,1118.0,958.0
828.0,806.0,888.0,1118.0,958.0,1037.0
806.0,888.0,1118.0,958.0,1037.0,782.0
888.0,1118.0,958.0,1037.0,782.0,636.0
1118.0,958.0,1037.0,782.0,636.0,544.0
958.0,1037.0,782.0,636.0,544.0,384.0
1037.0,782.0,636.0,544.0,384.0,335.0
782.0,636.0,544.0,384.0,335.0,378.0
636.0,544.0,384.0,335.0,378.0,398.0
544.0,384.0,335.0,378.0,398.0,385.0
384.0,335.0,378.0,398.0,385.0,442.0
335.0,378.0,398.0,385.0,442.0,383.0
378.0,398.0,385.0,442.0,383.0,362.0
398.0,385.0,442.0,383.0,362.0,418.0
385.0,442.0,383.0,362.0,418.0,379.0
442.0,383.0,362.0,418.0,379.0,405.0
383.0,362.0,418.0,379.0,405.0,447.0
362.0,418.0,379.0,405.0,447.0,482.0
418.0,379.0,405.0,447.0,482.0,530.0
379.0,405.0,447.0,482.0,530.0,569.0
405.0,447.0,482.0,530.0,569.0,861.0
447.0,482.0,530.0,569.0,861.0,894.0
482.0,530.0,569.0,861.0,894.0,845.0
530.0,569.0,861.0,894.0,845.0,757.0
569.0,861.0,894.0,845.0,757.0,1167.0
861.0,894.0,845.0,757.0,1167.0,758.0
894.0,845.0,757.0,1167.0,758.0,750.0
845.0,757.0,1167.0,758.0,750.0,905.0
757.0,1167.0,758.0,750.0,905.0,480.0
1167.0,758.0,750.0,905.0,480.0,363.0
758.0,750.0,905.0,480.0,363.0,353.0
750.0,905.0,480.0,363.0,353.0,420.0
905.0,480.0,363.0,353.0,420.0,376.0
480.0,363.0,353.0,420.0,376.0,472.0
363.0,353.0,420.0,376.0,472.0,535.0
353.0,420.0,376.0,472.0,535.0,446.0
420.0,376.0,472.0,535.0,446.0,438.0
376.0,472.0,535.0,446.0,438.0,404.0
472.0,535.0,446.0,438.0,404.0,410.0
535.0,446.0,438.0,404.0,410.0,457.0
446.0,438.0,404.0,410.0,457.0,375.0
438.0,404.0,410.0,457.0,375.0,384.0
404.0,410.0,457.0,375.0,384.0,430.0
410.0,457.0,375.0,384.0,430.0,424.0
457.0,375.0,384.0,430.0,424.0,377.0
375.0,384.0,430.0,424.0,377.0,430.0
384.0,430.0,424.0,377.0,430.0,395.0
430.0,424.0,377.0,430.0,395.0,400.0
424.0,377.0,430.0,395.0,400.0,399.0
377.0,430.0,395.0,400.0,399.0,348.0
430.0,395.0,400.0,399.0,348.0,369.0
395.0,400.0,399.0,348.0,369.0,402.0
400.0,399.0,348.0,369.0,402.0,413.0
399.0,348.0,369.0,402.0,413.0,447.0
348.0,369.0,402.0,413.0,447.0,401.0
369.0,402.0,413.0,447.0,401.0,495.0
402.0,413.0,447.0,401.0,495.0,1431.0
413.0,447.0,401.0,495.0,1431.0,1340.0
447.0,401.0,495.0,1431.0,1340.0,391.0
401.0,495.0,1431.0,1340.0,391.0,358.0
495.0,1431.0,1340.0,391.0,358.0,388.0
1431.0,1340.0,391.0,358.0,388.0,434.0
1340.0,391.0,358.0,388.0,434.0,463.0
391.0,358.0,388.0,434.0,463.0,344.0
358.0,388.0,434.0,463.0,344.0,328.0
388.0,434.0,463.0,344.0,328.0,382.0
434.0,463.0,344.0,328.0,382.0,343.0
463.0,344.0,328.0,382.0,343.0,374.0
344.0,328.0,382.0,343.0,374.0,378.0
328.0,382.0,343.0,374.0,378.0,357.0
382.0,343.0,374.0,378.0,357.0,371.0
343.0,374.0,378.0,357.0,371.0,354.0
374.0,378.0,357.0,371.0,354.0,402.0
378.0,357.0,371.0,354.0,402.0,394.0
357.0,371.0,354.0,402.0,394.0,351.0
371.0,354.0,402.0,394.0,351.0,345.0
354.0,402.0,394.0,351.0,345.0,380.0
402.0,394.0,351.0,345.0,380.0,403.0
394.0,351.0,345.0,380.0,403.0,344.0
351.0,345.0,380.0,403.0,344.0,362.0
345.0,380.0,403.0,344.0,362.0,363.0
380.0,403.0,344.0,362.0,363.0,347.0
403.0,344.0,362.0,363.0,347.0,581.0
344.0,362.0,363.0,347.0,581.0,377.0
362.0,363.0,347.0,581.0,377.0,345.0
363.0,347.0,581.0,377.0,345.0,419.0
347.0,581.0,377.0,345.0,419.0,395.0
581.0,377.0,345.0,419.0,395.0,375.0
377.0,345.0,419.0,395.0,375.0,357.0
345.0,419.0,395.0,375.0,357.0,403.0
419.0,395.0,375.0,357.0,403.0,393.0
395.0,375.0,357.0,403.0,393.0,412.0
375.0,357.0,403.0,393.0,412.0,423.0
357.0,403.0,393.0,412.0,423.0,406.0
403.0,393.0,412.0,423.0,406.0,404.0
393.0,412.0,423.0,406.0,404.0,346.0
412.0,423.0,406.0,404.0,346.0,698.0
423.0,406.0,404.0,346.0,698.0,476.0
406.0,404.0,346.0,698.0,476.0,345.0
404.0,346.0,698.0,476.0,345.0,541.0
346.0,698.0,476.0,345.0,541.0,540.0
698.0,476.0,345.0,541.0,540.0,413.0
476.0,345.0,541.0,540.0,413.0,469.0
345.0,541.0,540.0,413.0,469.0,443.0
541.0,540.0,413.0,469.0,443.0,453.0
540.0,413.0,469.0,443.0,453.0,552.0
413.0,469.0,443.0,453.0,552.0,490.0
469.0,443.0,453.0,552.0,490.0,413.0
443.0,453.0,552.0,490.0,413.0,438.0
453.0,552.0,490.0,413.0,438.0,863.0
552.0,490.0,413.0,438.0,863.0,447.0
490.0,413.0,438.0,863.0,447.0,460.0
413.0,438.0,863.0,447.0,460.0,1204.0
438.0,863.0,447.0,460.0,1204.0,977.0
863.0,447.0,460.0,1204.0,977.0,1245.0
447.0,460.0,1204.0,977.0,1245.0,1268.0
460.0,1204.0,977.0,1245.0,1268.0,1204.0
1204.0,977.0,1245.0,1268.0,1204.0,1171.0
977.0,1245.0,1268.0,1204.0,1171.0,1119.0
1245.0,1268.0,1204.0,1171.0,1119.0,1173.0
1268.0,1204.0,1171.0,1119.0,1173.0,1083.0
1204.0,1171.0,1119.0,1173.0,1083.0,1231.0
1171.0,1119.0,1173.0,1083.0,1231.0,1127.0
1119.0,1173.0,1083.0,1231.0,1127.0,1191.0
1173.0,1083.0,1231.0,1127.0,1191.0,564.0
1083.0,1231.0,1127.0,1191.0,564.0,542.0
1231.0,1127.0,1191.0,564.0,542.0,548.0
1127.0,1191.0,564.0,542.0,548.0,474.0
1191.0,564.0,542.0,548.0,474.0,568.0
564.0,542.0,548.0,474.0,568.0,507.0
542.0,548.0,474.0,568.0,507.0,608.0
548.0,474.0,568.0,507.0,608.0,513.0
474.0,568.0,507.0,608.0,513.0,473.0
568.0,507.0,608.0,513.0,473.0,595.0
507.0,608.0,513.0,473.0,595.0,515.0
608.0,513.0,473.0,595.0,515.0,1166.0
513.0,473.0,595.0,515.0,1166.0,490.0
473.0,595.0,515.0,1166.0,490.0,838.0
595.0,515.0,1166.0,490.0,838.0,1166.0
515.0,1166.0,490.0,838.0,1166.0,659.0
1166.0,490.0,838.0,1166.0,659.0,1897.0
490.0,838.0,1166.0,659.0,1897.0,1421.0
838.0,1166.0,659.0,1897.0,1421.0,1201.0
1166.0,659.0,1897.0,1421.0,1201.0,1179.0
659.0,1897.0,1421.0,1201.0,1179.0,850.0
1897.0,1421.0,1201.0,1179.0,850.0,1306.0
1421.0,1201.0,1179.0,850.0,1306.0,1212.0
1201.0,1179.0,850.0,1306.0,1212.0,1105.0
1179.0,850.0,1306.0,1212.0,1105.0,892.0
850.0,1306.0,1212.0,1105.0,892.0,449.0
1306.0,1212.0,1105.0,892.0,449.0,382.0
1212.0,1105.0,892.0,449.0,382.0,561.0
1105.0,892.0,449.0,382.0,561.0,482.0
892.0,449.0,382.0,561.0,482.0,524.0
449.0,382.0,561.0,482.0,524.0,516.0
382.0,561.0,482.0,524.0,516.0,519.0
561.0,482.0,524.0,516.0,519.0,468.0
482.0,524.0,516.0,519.0,468.0,494.0
524.0,516.0,519.0,468.0,494.0,458.0
516.0,519.0,468.0,494.0,458.0,470.0
519.0,468.0,494.0,458.0,470.0,482.0
468.0,494.0,458.0,470.0,482.0,1096.0
494.0,458.0,470.0,482.0,1096.0,1317.0
458.0,470.0,482.0,1096.0,1317.0,565.0
470.0,482.0,1096.0,1317.0,565.0,485.0
482.0,1096.0,1317.0,565.0,485.0,1131.0
1096.0,1317.0,565.0,485.0,1131.0,1544.0
1317.0,565.0,485.0,1131.0,1544.0,1392.0
565.0,485.0,1131.0,1544.0,1392.0,960.0
485.0,1131.0,1544.0,1392.0,960.0,1227.0
1131.0,1544.0,1392.0,960.0,1227.0,1005.0
1544.0,1392.0,960.0,1227.0,1005.0,872.0
1392.0,960.0,1227.0,1005.0,872.0,516.0
960.0,1227.0,1005.0,872.0,516.0,386.0
1227.0,1005.0,872.0,516.0,386.0,746.0
1005.0,872.0,516.0,386.0,746.0,419.0
872.0,516.0,386.0,746.0,419.0,385.0
516.0,386.0,746.0,419.0,385.0,415.0
386.0,746.0,419.0,385.0,415.0,411.0
746.0,419.0,385.0,415.0,411.0,550.0
419.0,385.0,415.0,411.0,550.0,450.0
385.0,415.0,411.0,550.0,450.0,525.0
415.0,411.0,550.0,450.0,525.0,476.0
411.0,550.0,450.0,525.0,476.0,1042.0
550.0,450.0,525.0,476.0,1042.0,912.0
450.0,525.0,476.0,1042.0,912.0,1013.0
525.0,476.0,1042.0,912.0,1013.0,748.0
476.0,1042.0,912.0,1013.0,748.0,478.0
1042.0,912.0,1013.0,748.0,478.0,574.0
912.0,1013.0,748.0,478.0,574.0,1030.0
1013.0,748.0,478.0,574.0,1030.0,928.0
748.0,478.0,574.0,1030.0,928.0,992.0
478.0,574.0,1030.0,928.0,992.0,1329.0
574.0,1030.0,928.0,992.0,1329.0,1165.0
1030.0,928.0,992.0,1329.0,1165.0,586.0
928.0,992.0,1329.0,1165.0,586.0,598.0
992.0,1329.0,1165.0,586.0,598.0,1220.0
1329.0,1165.0,586.0,598.0,1220.0,443.0
1165.0,586.0,598.0,1220.0,443.0,518.0
586.0,598.0,1220.0,443.0,518.0,910.0
598.0,1220.0,443.0,518.0,910.0,466.0
1220.0,443.0,518.0,910.0,466.0,467.0
443.0,518.0,910.0,466.0,467.0,463.0
518.0,910.0,466.0,467.0,463.0,468.0
910.0,466.0,467.0,463.0,468.0,445.0
466.0,467.0,463.0,468.0,445.0,439.0
467.0,463.0,468.0,445.0,439.0,459.0
463.0,468.0,445.0,439.0,459.0,442.0
468.0,445.0,439.0,459.0,442.0,476.0
445.0,439.0,459.0,442.0,476.0,372.0
439.0,459.0,442.0,476.0,372.0,452.0
459.0,442.0,476.0,372.0,452.0,440.0
442.0,476.0,372.0,452.0,440.0,412.0
476.0,372.0,452.0,440.0,412.0,419.0
372.0,452.0,440.0,412.0,419.0,487.0
452.0,440.0,412.0,419.0,487.0,455.0
440.0,412.0,419.0,487.0,455.0,459.0
412.0,419.0,487.0,455.0,459.0,451.0
419.0,487.0,455.0,459.0,451.0,447.0
487.0,455.0,459.0,451.0,447.0,446.0
455.0,459.0,451.0,447.0,446.0,507.0
459.0,451.0,447.0,446.0,507.0,481.0
451.0,447.0,446.0,507.0,481.0,447.0
447.0,446.0,507.0,481.0,447.0,476.0
446.0,507.0,481.0,447.0,476.0,694.0
507.0,481.0,447.0,476.0,694.0,492.0
481.0,447.0,476.0,694.0,492.0,460.0
447.0,476.0,694.0,492.0,460.0,409.0
476.0,694.0,492.0,460.0,409.0,418.0
694.0,492.0,460.0,409.0,418.0,464.0
492.0,460.0,409.0,418.0,464.0,439.0
460.0,409.0,418.0,464.0,439.0,458.0
409.0,418.0,464.0,439.0,458.0,477.0
418.0,464.0,439.0,458.0,477.0,493.0
464.0,439.0,458.0,477.0,493.0,585.0
439.0,458.0,477.0,493.0,585.0,477.0
458.0,477.0,493.0,585.0,477.0,590.0
477.0,493.0,585.0,477.0,590.0,678.0
493.0,585.0,477.0,590.0,678.0,442.0
585.0,477.0,590.0,678.0,442.0,501.0
477.0,590.0,678.0,442.0,501.0,455.0
590.0,678.0,442.0,501.0,455.0,436.0
678.0,442.0,501.0,455.0,436.0,453.0
442.0,501.0,455.0,436.0,453.0,680.0
501.0,455.0,436.0,453.0,680.0,456.0
455.0,436.0,453.0,680.0,456.0,636.0
436.0,453.0,680.0,456.0,636.0,448.0
453.0,680.0,456.0,636.0,448.0,468.0
680.0,456.0,636.0,448.0,468.0,491.0
456.0,636.0,448.0,468.0,491.0,471.0
636.0,448.0,468.0,491.0,471.0,379.0
448.0,468.0,491.0,471.0,379.0,421.0
468.0,491.0,471.0,379.0,421.0,733.0
491.0,471.0,379.0,421.0,733.0,868.0
471.0,379.0,421.0,733.0,868.0,462.0
379.0,421.0,733.0,868.0,462.0,581.0
421.0,733.0,868.0,462.0,581.0,1007.0
733.0,868.0,462.0,581.0,1007.0,1177.0
868.0,462.0,581.0,1007.0,1177.0,1297.0
462.0,581.0,1007.0,1177.0,1297.0,1285.0
581.0,1007.0,1177.0,1297.0,1285.0,1010.0
1007.0,1177.0,1297.0,1285.0,1010.0,1191.0
1177.0,1297.0,1285.0,1010.0,1191.0,1109.0
1297.0,1285.0,1010.0,1191.0,1109.0,1193.0
1285.0,1010.0,1191.0,1109.0,1193.0,1998.0
1010.0,1191.0,1109.0,1193.0,1998.0,1220.0
1191.0,1109.0,1193.0,1998.0,1220.0,950.0
1109.0,1193.0,1998.0,1220.0,950.0,639.0
1193.0,1998.0,1220.0,950.0,639.0,514.0
1998.0,1220.0,950.0,639.0,514.0,403.0
1220.0,950.0,639.0,514.0,403.0,411.0
950.0,639.0,514.0,403.0,411.0,469.0
639.0,514.0,403.0,411.0,469.0,459.0
514.0,403.0,411.0,469.0,459.0,430.0
403.0,411.0,469.0,459.0,430.0,402.0
411.0,469.0,459.0,430.0,402.0,419.0
469.0,459.0,430.0,402.0,419.0,390.0
459.0,430.0,402.0,419.0,390.0,521.0
430.0,402.0,419.0,390.0,521.0,1452.0
402.0,419.0,390.0,521.0,1452.0,1414.0
419.0,390.0,521.0,1452.0,1414.0,1048.0
390.0,521.0,1452.0,1414.0,1048.0,512.0
521.0,1452.0,1414.0,1048.0,512.0,1343.0
1452.0,1414.0,1048.0,512.0,1343.0,1224.0
1414.0,1048.0,512.0,1343.0,1224.0,1183.0
1048.0,512.0,1343.0,1224.0,1183.0,1252.0
512.0,1343.0,1224.0,1183.0,1252.0,1106.0
1343.0,1224.0,1183.0,1252.0,1106.0,1088.0
1224.0,1183.0,1252.0,1106.0,1088.0,1500.0
1183.0,1252.0,1106.0,1088.0,1500.0,1230.0
1252.0,1106.0,1088.0,1500.0,1230.0,1119.0
1106.0,1088.0,1500.0,1230.0,1119.0,1286.0
1088.0,1500.0,1230.0,1119.0,1286.0,601.0
1500.0,1230.0,1119.0,1286.0,601.0,439.0
1230.0,1119.0,1286.0,601.0,439.0,443.0
1119.0,1286.0,601.0,439.0,443.0,515.0
1286.0,601.0,439.0,443.0,515.0,421.0
601.0,439.0,443.0,515.0,421.0,417.0
439.0,443.0,515.0,421.0,417.0,407.0
443.0,515.0,421.0,417.0,407.0,391.0
515.0,421.0,417.0,407.0,391.0,385.0
421.0,417.0,407.0,391.0,385.0,499.0
417.0,407.0,391.0,385.0,499.0,1296.0
407.0,391.0,385.0,499.0,1296.0,423.0
391.0,385.0,499.0,1296.0,423.0,411.0
385.0,499.0,1296.0,423.0,411.0,453.0
499.0,1296.0,423.0,411.0,453.0,839.0
1296.0,423.0,411.0,453.0,839.0,1131.0
423.0,411.0,453.0,839.0,1131.0,1125.0
411.0,453.0,839.0,1131.0,1125.0,851.0
453.0,839.0,1131.0,1125.0,851.0,1333.0
839.0,1131.0,1125.0,851.0,1333.0,1007.0
1131.0,1125.0,851.0,1333.0,1007.0,1414.0
1125.0,851.0,1333.0,1007.0,1414.0,1090.0
851.0,1333.0,1007.0,1414.0,1090.0,1130.0
1333.0,1007.0,1414.0,1090.0,1130.0,1216.0
1007.0,1414.0,1090.0,1130.0,1216.0,1384.0
1414.0,1090.0,1130.0,1216.0,1384.0,359.0
1090.0,1130.0,1216.0,1384.0,359.0,385.0
1130.0,1216.0,1384.0,359.0,385.0,385.0
1216.0,1384.0,359.0,385.0,385.0,350.0
1384.0,359.0,385.0,385.0,350.0,344.0
359.0,385.0,385.0,350.0,344.0,343.0
385.0,385.0,350.0,344.0,343.0,379.0
385.0,350.0,344.0,343.0,379.0,388.0
350.0,344.0,343.0,379.0,388.0,473.0
344.0,343.0,379.0,388.0,473.0,552.0
343.0,379.0,388.0,473.0,552.0,373.0
379.0,388.0,473.0,552.0,373.0,455.0
388.0,473.0,552.0,373.0,455.0,812.0
473.0,552.0,373.0,455.0,812.0,369.0
552.0,373.0,455.0,812.0,369.0,481.0
373.0,455.0,812.0,369.0,481.0,433.0
455.0,812.0,369.0,481.0,433.0,926.0
812.0,369.0,481.0,433.0,926.0,888.0
369.0,481.0,433.0,926.0,888.0,831.0
481.0,433.0,926.0,888.0,831.0,825.0
433.0,926.0,888.0,831.0,825.0,914.0
926.0,888.0,831.0,825.0,914.0,680.0
888.0,831.0,825.0,914.0,680.0,539.0
831.0,825.0,914.0,680.0,539.0,484.0
825.0,914.0,680.0,539.0,484.0,416.0
914.0,680.0,539.0,484.0,416.0,411.0
680.0,539.0,484.0,416.0,411.0,414.0
539.0,484.0,416.0,411.0,414.0,451.0
484.0,416.0,411.0,414.0,451.0,443.0
416.0,411.0,414.0,451.0,443.0,410.0
411.0,414.0,451.0,443.0,410.0,504.0
414.0,451.0,443.0,410.0,504.0,403.0
451.0,443.0,410.0,504.0,403.0,480.0
443.0,410.0,504.0,403.0,480.0,365.0
410.0,504.0,403.0,480.0,365.0,550.0
504.0,403.0,480.0,365.0,550.0,743.0
403.0,480.0,365.0,550.0,743.0,870.0
480.0,365.0,550.0,743.0,870.0,1020.0
365.0,550.0,743.0,870.0,1020.0,730.0
550.0,743.0,870.0,1020.0,730.0,727.0
743.0,870.0,1020.0,730.0,727.0,787.0
870.0,1020.0,730.0,727.0,787.0,1182.0
1020.0,730.0,727.0,787.0,1182.0,1057.0
730.0,727.0,787.0,1182.0,1057.0,916.0
727.0,787.0,1182.0,1057.0,916.0,890.0
787.0,1182.0,1057.0,916.0,890.0,770.0
1182.0,1057.0,916.0,890.0,770.0,657.0
1057.0,916.0,890.0,770.0,657.0,423.0
916.0,890.0,770.0,657.0,423.0,390.0
890.0,770.0,657.0,423.0,390.0,412.0
770.0,657.0,423.0,390.0,412.0,461.0
657.0,423.0,390.0,412.0,461.0,442.0
423.0,390.0,412.0,461.0,442.0,687.0
390.0,412.0,461.0,442.0,687.0,460.0
412.0,461.0,442.0,687.0,460.0,515.0
461.0,442.0,687.0,460.0,515.0,452.0
442.0,687.0,460.0,515.0,452.0,538.0
687.0,460.0,515.0,452.0,538.0,465.0
460.0,515.0,452.0,538.0,465.0,412.0
515.0,452.0,538.0,465.0,412.0,434.0
452.0,538.0,465.0,412.0,434.0,416.0
538.0,465.0,412.0,434.0,416.0,397.0
465.0,412.0,434.0,416.0,397.0,455.0
412.0,434.0,416.0,397.0,455.0,427.0
434.0,416.0,397.0,455.0,427.0,401.0
416.0,397.0,455.0,427.0,401.0,480.0
397.0,455.0,427.0,401.0,480.0,490.0
455.0,427.0,401.0,480.0,490.0,540.0
427.0,401.0,480.0,490.0,540.0,476.0
401.0,480.0,490.0,540.0,476.0,410.0
480.0,490.0,540.0,476.0,410.0,362.0
490.0,540.0,476.0,410.0,362.0,425.0
540.0,476.0,410.0,362.0,425.0,376.0
476.0,410.0,362.0,425.0,376.0,422.0
410.0,362.0,425.0,376.0,422.0,437.0
362.0,425.0,376.0,422.0,437.0,479.0
425.0,376.0,422.0,437.0,479.0,481.0
376.0,422.0,437.0,479.0,481.0,402.0
422.0,437.0,479.0,481.0,402.0,414.0
437.0,479.0,481.0,402.0,414.0,459.0
479.0,481.0,402.0,414.0,459.0,524.0
481.0,402.0,414.0,459.0,524.0,439.0
402.0,414.0,459.0,524.0,439.0,431.0
414.0,459.0,524.0,439.0,431.0,418.0
459.0,524.0,439.0,431.0,418.0,385.0
524.0,439.0,431.0,418.0,385.0,366.0
439.0,431.0,418.0,385.0,366.0,393.0
431.0,418.0,385.0,366.0,393.0,393.0
418.0,385.0,366.0,393.0,393.0,369.0
385.0,366.0,393.0,393.0,369.0,353.0
366.0,393.0,393.0,369.0,353.0,370.0
393.0,393.0,369.0,353.0,370.0,374.0
393.0,369.0,353.0,370.0,374.0,369.0
369.0,353.0,370.0,374.0,369.0,387.0
353.0,370.0,374.0,369.0,387.0,317.0
370.0,374.0,369.0,387.0,317.0,309.0
374.0,369.0,387.0,317.0,309.0,332.0
369.0,387.0,317.0,309.0,332.0,331.0
387.0,317.0,309.0,332.0,331.0,374.0
317.0,309.0,332.0,331.0,374.0,390.0
309.0,332.0,331.0,374.0,390.0,423.0
332.0,331.0,374.0,390.0,423.0,378.0
331.0,374.0,390.0,423.0,378.0,358.0
374.0,390.0,423.0,378.0,358.0,405.0
390.0,423.0,378.0,358.0,405.0,411.0
423.0,378.0,358.0,405.0,411.0,488.0
378.0,358.0,405.0,411.0,488.0,590.0
358.0,405.0,411.0,488.0,590.0,790.0
405.0,411.0,488.0,590.0,790.0,1171.0
411.0,488.0,590.0,790.0,1171.0,645.0
488.0,590.0,790.0,1171.0,645.0,1079.0
590.0,790.0,1171.0,645.0,1079.0,1090.0
790.0,1171.0,645.0,1079.0,1090.0,1074.0
1171.0,645.0,1079.0,1090.0,1074.0,1177.0
645.0,1079.0,1090.0,1074.0,1177.0,1316.0
1079.0,1090.0,1074.0,1177.0,1316.0,1423.0
1090.0,1074.0,1177.0,1316.0,1423.0,1376.0
1074.0,1177.0,1316.0,1423.0,1376.0,1175.0
1177.0,1316.0,1423.0,1376.0,1175.0,673.0
1316.0,1423.0,1376.0,1175.0,673.0,569.0
1423.0,1376.0,1175.0,673.0,569.0,471.0
1376.0,1175.0,673.0,569.0,471.0,398.0
1175.0,673.0,569.0,471.0,398.0,597.0
673.0,569.0,471.0,398.0,597.0,526.0
569.0,471.0,398.0,597.0,526.0,463.0
471.0,398.0,597.0,526.0,463.0,566.0
398.0,597.0,526.0,463.0,566.0,403.0
597.0,526.0,463.0,566.0,403.0,404.0
526.0,463.0,566.0,403.0,404.0,508.0
463.0,566.0,403.0,404.0,508.0,438.0
566.0,403.0,404.0,508.0,438.0,1112.0
403.0,404.0,508.0,438.0,1112.0,1216.0
404.0,508.0,438.0,1112.0,1216.0,448.0
508.0,438.0,1112.0,1216.0,448.0,567.0
438.0,1112.0,1216.0,448.0,567.0,1162.0
1112.0,1216.0,448.0,567.0,1162.0,1181.0
1216.0,448.0,567.0,1162.0,1181.0,1479.0
448.0,567.0,1162.0,1181.0,1479.0,1329.0
567.0,1162.0,1181.0,1479.0,1329.0,1135.0
1162.0,1181.0,1479.0,1329.0,1135.0,1015.0
1181.0,1479.0,1329.0,1135.0,1015.0,1197.0
1479.0,1329.0,1135.0,1015.0,1197.0,659.0
1329.0,1135.0,1015.0,1197.0,659.0,588.0
1135.0,1015.0,1197.0,659.0,588.0,928.0
1015.0,1197.0,659.0,588.0,928.0,464.0
1197.0,659.0,588.0,928.0,464.0,435.0
659.0,588.0,928.0,464.0,435.0,490.0
588.0,928.0,464.0,435.0,490.0,564.0
928.0,464.0,435.0,490.0,564.0,481.0
464.0,435.0,490.0,564.0,481.0,408.0
435.0,490.0,564.0,481.0,408.0,411.0
490.0,564.0,481.0,408.0,411.0,469.0
564.0,481.0,408.0,411.0,469.0,447.0
481.0,408.0,411.0,469.0,447.0,374.0
408.0,411.0,469.0,447.0,374.0,374.0
411.0,469.0,447.0,374.0,374.0,1054.0
469.0,447.0,374.0,374.0,1054.0,1507.0
447.0,374.0,374.0,1054.0,1507.0,475.0
374.0,374.0,1054.0,1507.0,475.0,1176.0
374.0,1054.0,1507.0,475.0,1176.0,480.0
1054.0,1507.0,475.0,1176.0,480.0,1190.0
1507.0,475.0,1176.0,480.0,1190.0,1194.0
475.0,1176.0,480.0,1190.0,1194.0,1147.0
1176.0,480.0,1190.0,1194.0,1147.0,1389.0
480.0,1190.0,1194.0,1147.0,1389.0,1041.0
1190.0,1194.0,1147.0,1389.0,1041.0,379.0
1194.0,1147.0,1389.0,1041.0,379.0,758.0
1147.0,1389.0,1041.0,379.0,758.0,511.0
1389.0,1041.0,379.0,758.0,511.0,366.0
1041.0,379.0,758.0,511.0,366.0,381.0
379.0,758.0,511.0,366.0,381.0,435.0
758.0,511.0,366.0,381.0,435.0,437.0
511.0,366.0,381.0,435.0,437.0,414.0
366.0,381.0,435.0,437.0,414.0,415.0
381.0,435.0,437.0,414.0,415.0,436.0
435.0,437.0,414.0,415.0,436.0,387.0
437.0,414.0,415.0,436.0,387.0,505.0
414.0,415.0,436.0,387.0,505.0,1169.0
415.0,436.0,387.0,505.0,1169.0,550.0
436.0,387.0,505.0,1169.0,550.0,1196.0
387.0,505.0,1169.0,550.0,1196.0,1544.0
505.0,1169.0,550.0,1196.0,1544.0,1276.0
1169.0,550.0,1196.0,1544.0,1276.0,1138.0
550.0,1196.0,1544.0,1276.0,1138.0,1344.0
1196.0,1544.0,1276.0,1138.0,1344.0,584.0
1544.0,1276.0,1138.0,1344.0,584.0,585.0
1276.0,1138.0,1344.0,584.0,585.0,1056.0
1138.0,1344.0,584.0,585.0,1056.0,1232.0
1344.0,584.0,585.0,1056.0,1232.0,1097.0
584.0,585.0,1056.0,1232.0,1097.0,1299.0
585.0,1056.0,1232.0,1097.0,1299.0,1272.0
1056.0,1232.0,1097.0,1299.0,1272.0,1113.0
1232.0,1097.0,1299.0,1272.0,1113.0,407.0
1097.0,1299.0,1272.0,1113.0,407.0,439.0
1299.0,1272.0,1113.0,407.0,439.0,547.0
1272.0,1113.0,407.0,439.0,547.0,486.0
1113.0,407.0,439.0,547.0,486.0,442.0
407.0,439.0,547.0,486.0,442.0,419.0
439.0,547.0,486.0,442.0,419.0,420.0
547.0,486.0,442.0,419.0,420.0,439.0
486.0,442.0,419.0,420.0,439.0,533.0
442.0,419.0,420.0,439.0,533.0,420.0
419.0,420.0,439.0,533.0,420.0,980.0
420.0,439.0,533.0,420.0,980.0,1310.0
439.0,533.0,420.0,980.0,1310.0,435.0
533.0,420.0,980.0,1310.0,435.0,1301.0
420.0,980.0,1310.0,435.0,1301.0,1075.0
980.0,1310.0,435.0,1301.0,1075.0,979.0
1310.0,435.0,1301.0,1075.0,979.0,1166.0
435.0,1301.0,1075.0,979.0,1166.0,1023.0
1301.0,1075.0,979.0,1166.0,1023.0,1199.0
1075.0,979.0,1166.0,1023.0,1199.0,1387.0
979.0,1166.0,1023.0,1199.0,1387.0,1887.0
1166.0,1023.0,1199.0,1387.0,1887.0,1243.0
1023.0,1199.0,1387.0,1887.0,1243.0,1106.0
1199.0,1387.0,1887.0,1243.0,1106.0,414.0
1387.0,1887.0,1243.0,1106.0,414.0,453.0
1887.0,1243.0,1106.0,414.0,453.0,411.0
1243.0,1106.0,414.0,453.0,411.0,753.0
1106.0,414.0,453.0,411.0,753.0,470.0
414.0,453.0,411.0,753.0,470.0,623.0
453.0,411.0,753.0,470.0,623.0,475.0
411.0,753.0,470.0,623.0,475.0,401.0
753.0,470.0,623.0,475.0,401.0,392.0
470.0,623.0,475.0,401.0,392.0,411.0
623.0,475.0,401.0,392.0,411.0,401.0
475.0,401.0,392.0,411.0,401.0,415.0
401.0,392.0,411.0,401.0,415.0,334.0
392.0,411.0,401.0,415.0,334.0,340.0
411.0,401.0,415.0,334.0,340.0,349.0
401.0,415.0,334.0,340.0,349.0,335.0
415.0,334.0,340.0,349.0,335.0,392.0
334.0,340.0,349.0,335.0,392.0,379.0
340.0,349.0,335.0,392.0,379.0,455.0
349.0,335.0,392.0,379.0,455.0,422.0
335.0,392.0,379.0,455.0,422.0,344.0
392.0,379.0,455.0,422.0,344.0,393.0
379.0,455.0,422.0,344.0,393.0,408.0
455.0,422.0,344.0,393.0,408.0,414.0
422.0,344.0,393.0,408.0,414.0,369.0
344.0,393.0,408.0,414.0,369.0,402.0
393.0,408.0,414.0,369.0,402.0,451.0
408.0,414.0,369.0,402.0,451.0,583.0
414.0,369.0,402.0,451.0,583.0,474.0
369.0,402.0,451.0,583.0,474.0,447.0
402.0,451.0,583.0,474.0,447.0,472.0
451.0,583.0,474.0,447.0,472.0,494.0
583.0,474.0,447.0,472.0,494.0,472.0
474.0,447.0,472.0,494.0,472.0,496.0
447.0,472.0,494.0,472.0,496.0,421.0
472.0,494.0,472.0,496.0,421.0,454.0
494.0,472.0,496.0,421.0,454.0,473.0
472.0,496.0,421.0,454.0,473.0,536.0
496.0,421.0,454.0,473.0,536.0,393.0
421.0,454.0,473.0,536.0,393.0,443.0
454.0,473.0,536.0,393.0,443.0,397.0
473.0,536.0,393.0,443.0,397.0,358.0
536.0,393.0,443.0,397.0,358.0,408.0
393.0,443.0,397.0,358.0,408.0,386.0
443.0,397.0,358.0,408.0,386.0,409.0
397.0,358.0,408.0,386.0,409.0,434.0
358.0,408.0,386.0,409.0,434.0,416.0
408.0,386.0,409.0,434.0,416.0,365.0
386.0,409.0,434.0,416.0,365.0,389.0
409.0,434.0,416.0,365.0,389.0,383.0
434.0,416.0,365.0,389.0,383.0,455.0
416.0,365.0,389.0,383.0,455.0,377.0
365.0,389.0,383.0,455.0,377.0,383.0
389.0,383.0,455.0,377.0,383.0,418.0
383.0,455.0,377.0,383.0,418.0,399.0
455.0,377.0,383.0,418.0,399.0,378.0
377.0,383.0,418.0,399.0,378.0,383.0
383.0,418.0,399.0,378.0,383.0,445.0
418.0,399.0,378.0,383.0,445.0,730.0
399.0,378.0,383.0,445.0,730.0,474.0
378.0,383.0,445.0,730.0,474.0,948.0
383.0,445.0,730.0,474.0,948.0,572.0
445.0,730.0,474.0,948.0,572.0,1013.0
730.0,474.0,948.0,572.0,1013.0,1228.0
474.0,948.0,572.0,1013.0,1228.0,1159.0
948.0,572.0,1013.0,1228.0,1159.0,1047.0
572.0,1013.0,1228.0,1159.0,1047.0,1312.0
1013.0,1228.0,1159.0,1047.0,1312.0,1554.0
1228.0,1159.0,1047.0,1312.0,1554.0,1213.0
1159.0,1047.0,1312.0,1554.0,1213.0,1359.0
1047.0,1312.0,1554.0,1213.0,1359.0,1013.0
1312.0,1554.0,1213.0,1359.0,1013.0,1423.0
1554.0,1213.0,1359.0,1013.0,1423.0,629.0
1213.0,1359.0,1013.0,1423.0,629.0,643.0
1359.0,1013.0,1423.0,629.0,643.0,473.0
1013.0,1423.0,629.0,643.0,473.0,482.0
1423.0,629.0,643.0,473.0,482.0,532.0
629.0,643.0,473.0,482.0,532.0,537.0
643.0,473.0,482.0,532.0,537.0,503.0
473.0,482.0,532.0,537.0,503.0,480.0
482.0,532.0,537.0,503.0,480.0,423.0
532.0,537.0,503.0,480.0,423.0,568.0
537.0,503.0,480.0,423.0,568.0,451.0
503.0,480.0,423.0,568.0,451.0,1239.0
480.0,423.0,568.0,451.0,1239.0,1533.0
423.0,568.0,451.0,1239.0,1533.0,1010.0
568.0,451.0,1239.0,1533.0,1010.0,530.0
451.0,1239.0,1533.0,1010.0,530.0,1437.0
1239.0,1533.0,1010.0,530.0,1437.0,1058.0
1533.0,1010.0,530.0,1437.0,1058.0,1244.0
1010.0,530.0,1437.0,1058.0,1244.0,1621.0
530.0,1437.0,1058.0,1244.0,1621.0,1161.0
1437.0,1058.0,1244.0,1621.0,1161.0,1144.0
1058.0,1244.0,1621.0,1161.0,1144.0,1331.0
1244.0,1621.0,1161.0,1144.0,1331.0,1251.0
1621.0,1161.0,1144.0,1331.0,1251.0,1452.0
1161.0,1144.0,1331.0,1251.0,1452.0,1192.0
1144.0,1331.0,1251.0,1452.0,1192.0,498.0
1331.0,1251.0,1452.0,1192.0,498.0,475.0
1251.0,1452.0,1192.0,498.0,475.0,523.0
1452.0,1192.0,498.0,475.0,523.0,527.0
1192.0,498.0,475.0,523.0,527.0,500.0
498.0,475.0,523.0,527.0,500.0,736.0
475.0,523.0,527.0,500.0,736.0,477.0
523.0,527.0,500.0,736.0,477.0,482.0
527.0,500.0,736.0,477.0,482.0,521.0
500.0,736.0,477.0,482.0,521.0,470.0
736.0,477.0,482.0,521.0,470.0,1261.0
477.0,482.0,521.0,470.0,1261.0,988.0
482.0,521.0,470.0,1261.0,988.0,1126.0
521.0,470.0,1261.0,988.0,1126.0,752.0
470.0,1261.0,988.0,1126.0,752.0,1286.0
1261.0,988.0,1126.0,752.0,1286.0,1204.0
988.0,1126.0,752.0,1286.0,1204.0,1147.0
1126.0,752.0,1286.0,1204.0,1147.0,1398.0
752.0,1286.0,1204.0,1147.0,1398.0,1444.0
1286.0,1204.0,1147.0,1398.0,1444.0,1384.0
1204.0,1147.0,1398.0,1444.0,1384.0,1324.0
1147.0,1398.0,1444.0,1384.0,1324.0,1155.0
1398.0,1444.0,1384.0,1324.0,1155.0,1206.0
1444.0,1384.0,1324.0,1155.0,1206.0,1336.0
1384.0,1324.0,1155.0,1206.0,1336.0,541.0
1324.0,1155.0,1206.0,1336.0,541.0,445.0
1155.0,1206.0,1336.0,541.0,445.0,478.0
1206.0,1336.0,541.0,445.0,478.0,717.0
1336.0,541.0,445.0,478.0,717.0,600.0
541.0,445.0,478.0,717.0,600.0,659.0
445.0,478.0,717.0,600.0,659.0,679.0
478.0,717.0,600.0,659.0,679.0,629.0
717.0,600.0,659.0,679.0,629.0,1097.0
600.0,659.0,679.0,629.0,1097.0,570.0
659.0,679.0,629.0,1097.0,570.0,868.0
679.0,629.0,1097.0,570.0,868.0,585.0
629.0,1097.0,570.0,868.0,585.0,1378.0
1097.0,570.0,868.0,585.0,1378.0,1292.0
570.0,868.0,585.0,1378.0,1292.0,1202.0
868.0,585.0,1378.0,1292.0,1202.0,1127.0
585.0,1378.0,1292.0,1202.0,1127.0,1222.0
1378.0,1292.0,1202.0,1127.0,1222.0,974.0
1292.0,1202.0,1127.0,1222.0,974.0,1416.0
1202.0,1127.0,1222.0,974.0,1416.0,1373.0
1127.0,1222.0,974.0,1416.0,1373.0,1422.0
1222.0,974.0,1416.0,1373.0,1422.0,1190.0
974.0,1416.0,1373.0,1422.0,1190.0,1227.0
1416.0,1373.0,1422.0,1190.0,1227.0,1002.0
1373.0,1422.0,1190.0,1227.0,1002.0,530.0
1422.0,1190.0,1227.0,1002.0,530.0,484.0
1190.0,1227.0,1002.0,530.0,484.0,486.0
1227.0,1002.0,530.0,484.0,486.0,460.0
1002.0,530.0,484.0,486.0,460.0,496.0
530.0,484.0,486.0,460.0,496.0,491.0
484.0,486.0,460.0,496.0,491.0,483.0
486.0,460.0,496.0,491.0,483.0,413.0
460.0,496.0,491.0,483.0,413.0,468.0
496.0,491.0,483.0,413.0,468.0,574.0
491.0,483.0,413.0,468.0,574.0,1111.0
483.0,413.0,468.0,574.0,1111.0,1386.0
413.0,468.0,574.0,1111.0,1386.0,1095.0
468.0,574.0,1111.0,1386.0,1095.0,826.0
574.0,1111.0,1386.0,1095.0,826.0,1369.0
1111.0,1386.0,1095.0,826.0,1369.0,1463.0
1386.0,1095.0,826.0,1369.0,1463.0,1156.0
1095.0,826.0,1369.0,1463.0,1156.0,1104.0
826.0,1369.0,1463.0,1156.0,1104.0,696.0
1369.0,1463.0,1156.0,1104.0,696.0,1280.0
1463.0,1156.0,1104.0,696.0,1280.0,1263.0
1156.0,1104.0,696.0,1280.0,1263.0,1220.0
1104.0,696.0,1280.0,1263.0,1220.0,1229.0
696.0,1280.0,1263.0,1220.0,1229.0,1388.0
1280.0,1263.0,1220.0,1229.0,1388.0,495.0
1263.0,1220.0,1229.0,1388.0,495.0,484.0
1220.0,1229.0,1388.0,495.0,484.0,479.0
1229.0,1388.0,495.0,484.0,479.0,542.0
1388.0,495.0,484.0,479.0,542.0,484.0
495.0,484.0,479.0,542.0,484.0,510.0
484.0,479.0,542.0,484.0,510.0,496.0
479.0,542.0,484.0,510.0,496.0,455.0
542.0,484.0,510.0,496.0,455.0,522.0
484.0,510.0,496.0,455.0,522.0,489.0
510.0,496.0,455.0,522.0,489.0,435.0
496.0,455.0,522.0,489.0,435.0,468.0
455.0,522.0,489.0,435.0,468.0,457.0
522.0,489.0,435.0,468.0,457.0,419.0
489.0,435.0,468.0,457.0,419.0,484.0
435.0,468.0,457.0,419.0,484.0,408.0
468.0,457.0,419.0,484.0,408.0,428.0
457.0,419.0,484.0,408.0,428.0,386.0
419.0,484.0,408.0,428.0,386.0,465.0
484.0,408.0,428.0,386.0,465.0,475.0
408.0,428.0,386.0,465.0,475.0,425.0
428.0,386.0,465.0,475.0,425.0,467.0
386.0,465.0,475.0,425.0,467.0,502.0
465.0,475.0,425.0,467.0,502.0,491.0
475.0,425.0,467.0,502.0,491.0,535.0
425.0,467.0,502.0,491.0,535.0,506.0
467.0,502.0,491.0,535.0,506.0,506.0
502.0,491.0,535.0,506.0,506.0,492.0
491.0,535.0,506.0,506.0,492.0,423.0
535.0,506.0,506.0,492.0,423.0,440.0
506.0,506.0,492.0,423.0,440.0,431.0
506.0,492.0,423.0,440.0,431.0,437.0
492.0,423.0,440.0,431.0,437.0,432.0
423.0,440.0,431.0,437.0,432.0,503.0
440.0,431.0,437.0,432.0,503.0,450.0
431.0,437.0,432.0,503.0,450.0,365.0
437.0,432.0,503.0,450.0,365.0,332.0
432.0,503.0,450.0,365.0,332.0,423.0
503.0,450.0,365.0,332.0,423.0,441.0
450.0,365.0,332.0,423.0,441.0,367.0
365.0,332.0,423.0,441.0,367.0,362.0
332.0,423.0,441.0,367.0,362.0,353.0
423.0,441.0,367.0,362.0,353.0,350.0
441.0,367.0,362.0,353.0,350.0,409.0
367.0,362.0,353.0,350.0,409.0,389.0
362.0,353.0,350.0,409.0,389.0,377.0
353.0,350.0,409.0,389.0,377.0,385.0
350.0,409.0,389.0,377.0,385.0,360.0
409.0,389.0,377.0,385.0,360.0,369.0
389.0,377.0,385.0,360.0,369.0,368.0
377.0,385.0,360.0,369.0,368.0,457.0
385.0,360.0,369.0,368.0,457.0,400.0
360.0,369.0,368.0,457.0,400.0,808.0
369.0,368.0,457.0,400.0,808.0,461.0
368.0,457.0,400.0,808.0,461.0,441.0
457.0,400.0,808.0,461.0,441.0,426.0
400.0,808.0,461.0,441.0,426.0,404.0
808.0,461.0,441.0,426.0,404.0,503.0
461.0,441.0,426.0,404.0,503.0,428.0
441.0,426.0,404.0,503.0,428.0,487.0
426.0,404.0,503.0,428.0,487.0,1045.0
404.0,503.0,428.0,487.0,1045.0,1159.0
503.0,428.0,487.0,1045.0,1159.0,1174.0
428.0,487.0,1045.0,1159.0,1174.0,1244.0
487.0,1045.0,1159.0,1174.0,1244.0,1008.0
1045.0,1159.0,1174.0,1244.0,1008.0,1198.0
1159.0,1174.0,1244.0,1008.0,1198.0,1025.0
1174.0,1244.0,1008.0,1198.0,1025.0,965.0
1244.0,1008.0,1198.0,1025.0,965.0,1317.0
1008.0,1198.0,1025.0,965.0,1317.0,1311.0
1198.0,1025.0,965.0,1317.0,1311.0,1235.0
1025.0,965.0,1317.0,1311.0,1235.0,1040.0
965.0,1317.0,1311.0,1235.0,1040.0,620.0
1317.0,1311.0,1235.0,1040.0,620.0,577.0
1311.0,1235.0,1040.0,620.0,577.0,580.0
1235.0,1040.0,620.0,577.0,580.0,501.0
1040.0,620.0,577.0,580.0,501.0,571.0
620.0,577.0,580.0,501.0,571.0,555.0
577.0,580.0,501.0,571.0,555.0,527.0
580.0,501.0,571.0,555.0,527.0,410.0
501.0,571.0,555.0,527.0,410.0,452.0
571.0,555.0,527.0,410.0,452.0,507.0
555.0,527.0,410.0,452.0,507.0,781.0
527.0,410.0,452.0,507.0,781.0,1446.0
410.0,452.0,507.0,781.0,1446.0,1139.0
452.0,507.0,781.0,1446.0,1139.0,526.0
507.0,781.0,1446.0,1139.0,526.0,1140.0
781.0,1446.0,1139.0,526.0,1140.0,904.0
1446.0,1139.0,526.0,1140.0,904.0,1458.0
1139.0,526.0,1140.0,904.0,1458.0,1198.0
526.0,1140.0,904.0,1458.0,1198.0,1175.0
1140.0,904.0,1458.0,1198.0,1175.0,619.0
904.0,1458.0,1198.0,1175.0,619.0,1438.0
1458.0,1198.0,1175.0,619.0,1438.0,1269.0
1198.0,1175.0,619.0,1438.0,1269.0,1283.0
1175.0,619.0,1438.0,1269.0,1283.0,1282.0
619.0,1438.0,1269.0,1283.0,1282.0,1279.0
1438.0,1269.0,1283.0,1282.0,1279.0,744.0
1269.0,1283.0,1282.0,1279.0,744.0,645.0
1283.0,1282.0,1279.0,744.0,645.0,418.0
1282.0,1279.0,744.0,645.0,418.0,401.0
1279.0,744.0,645.0,418.0,401.0,372.0
744.0,645.0,418.0,401.0,372.0,444.0
645.0,418.0,401.0,372.0,444.0,353.0
418.0,401.0,372.0,444.0,353.0,364.0
401.0,372.0,444.0,353.0,364.0,1108.0
372.0,444.0,353.0,364.0,1108.0,535.0
444.0,353.0,364.0,1108.0,535.0,1392.0
353.0,364.0,1108.0,535.0,1392.0,608.0
364.0,1108.0,535.0,1392.0,608.0,1187.0
1108.0,535.0,1392.0,608.0,1187.0,1299.0
535.0,1392.0,608.0,1187.0,1299.0,1560.0
1392.0,608.0,1187.0,1299.0,1560.0,1335.0
608.0,1187.0,1299.0,1560.0,1335.0,1099.0
1187.0,1299.0,1560.0,1335.0,1099.0,1442.0
1299.0,1560.0,1335.0,1099.0,1442.0,696.0
1560.0,1335.0,1099.0,1442.0,696.0,1257.0
1335.0,1099.0,1442.0,696.0,1257.0,1591.0
1099.0,1442.0,696.0,1257.0,1591.0,1238.0
1442.0,696.0,1257.0,1591.0,1238.0,938.0
696.0,1257.0,1591.0,1238.0,938.0,1083.0
1257.0,1591.0,1238.0,938.0,1083.0,528.0
1591.0,1238.0,938.0,1083.0,528.0,464.0
1238.0,938.0,1083.0,528.0,464.0,595.0
938.0,1083.0,528.0,464.0,595.0,523.0
1083.0,528.0,464.0,595.0,523.0,475.0
528.0,464.0,595.0,523.0,475.0,616.0
464.0,595.0,523.0,475.0,616.0,426.0
595.0,523.0,475.0,616.0,426.0,401.0
523.0,475.0,616.0,426.0,401.0,485.0
475.0,616.0,426.0,401.0,485.0,1231.0
616.0,426.0,401.0,485.0,1231.0,1264.0
426.0,401.0,485.0,1231.0,1264.0,519.0
401.0,485.0,1231.0,1264.0,519.0,794.0
485.0,1231.0,1264.0,519.0,794.0,1127.0
1231.0,1264.0,519.0,794.0,1127.0,569.0
1264.0,519.0,794.0,1127.0,569.0,1295.0
519.0,794.0,1127.0,569.0,1295.0,912.0
794.0,1127.0,569.0,1295.0,912.0,1305.0
1127.0,569.0,1295.0,912.0,1305.0,733.0
569.0,1295.0,912.0,1305.0,733.0,1425.0
1295.0,912.0,1305.0,733.0,1425.0,1321.0
912.0,1305.0,733.0,1425.0,1321.0,921.0
1305.0,733.0,1425.0,1321.0,921.0,1377.0
733.0,1425.0,1321.0,921.0,1377.0,1345.0
1425.0,1321.0,921.0,1377.0,1345.0,465.0
1321.0,921.0,1377.0,1345.0,465.0,789.0
921.0,1377.0,1345.0,465.0,789.0,534.0
1377.0,1345.0,465.0,789.0,534.0,459.0
1345.0,465.0,789.0,534.0,459.0,535.0
465.0,789.0,534.0,459.0,535.0,498.0
789.0,534.0,459.0,535.0,498.0,399.0
534.0,459.0,535.0,498.0,399.0,393.0
459.0,535.0,498.0,399.0,393.0,499.0
535.0,498.0,399.0,393.0,499.0,411.0
498.0,399.0,393.0,499.0,411.0,355.0
399.0,393.0,499.0,411.0,355.0,625.0
393.0,499.0,411.0,355.0,625.0,420.0
499.0,411.0,355.0,625.0,420.0,438.0
411.0,355.0,625.0,420.0,438.0,481.0
355.0,625.0,420.0,438.0,481.0,376.0
625.0,420.0,438.0,481.0,376.0,451.0
420.0,438.0,481.0,376.0,451.0,435.0
438.0,481.0,376.0,451.0,435.0,415.0
481.0,376.0,451.0,435.0,415.0,471.0
376.0,451.0,435.0,415.0,471.0,364.0
451.0,435.0,415.0,471.0,364.0,390.0
435.0,415.0,471.0,364.0,390.0,356.0
415.0,471.0,364.0,390.0,356.0,414.0
471.0,364.0,390.0,356.0,414.0,411.0
364.0,390.0,356.0,414.0,411.0,402.0
390.0,356.0,414.0,411.0,402.0,468.0
356.0,414.0,411.0,402.0,468.0,472.0
414.0,411.0,402.0,468.0,472.0,472.0
411.0,402.0,468.0,472.0,472.0,432.0
402.0,468.0,472.0,472.0,432.0,463.0
468.0,472.0,472.0,432.0,463.0,418.0
472.0,472.0,432.0,463.0,418.0,452.0
472.0,432.0,463.0,418.0,452.0,446.0
432.0,463.0,418.0,452.0,446.0,385.0
463.0,418.0,452.0,446.0,385.0,420.0
418.0,452.0,446.0,385.0,420.0,379.0
452.0,446.0,385.0,420.0,379.0,384.0
446.0,385.0,420.0,379.0,384.0,396.0
385.0,420.0,379.0,384.0,396.0,422.0
420.0,379.0,384.0,396.0,422.0,449.0
379.0,384.0,396.0,422.0,449.0,416.0
384.0,396.0,422.0,449.0,416.0,416.0
396.0,422.0,449.0,416.0,416.0,411.0
422.0,449.0,416.0,416.0,411.0,409.0
449.0,416.0,416.0,411.0,409.0,414.0
416.0,416.0,411.0,409.0,414.0,380.0
416.0,411.0,409.0,414.0,380.0,463.0
411.0,409.0,414.0,380.0,463.0,397.0
409.0,414.0,380.0,463.0,397.0,507.0
414.0,380.0,463.0,397.0,507.0,480.0
380.0,463.0,397.0,507.0,480.0,435.0
463.0,397.0,507.0,480.0,435.0,377.0
397.0,507.0,480.0,435.0,377.0,384.0
507.0,480.0,435.0,377.0,384.0,392.0
480.0,435.0,377.0,384.0,392.0,332.0
435.0,377.0,384.0,392.0,332.0,424.0
377.0,384.0,392.0,332.0,424.0,387.0
384.0,392.0,332.0,424.0,387.0,366.0
392.0,332.0,424.0,387.0,366.0,347.0
332.0,424.0,387.0,366.0,347.0,345.0
424.0,387.0,366.0,347.0,345.0,357.0
387.0,366.0,347.0,345.0,357.0,501.0
366.0,347.0,345.0,357.0,501.0,396.0
347.0,345.0,357.0,501.0,396.0,358.0
345.0,357.0,501.0,396.0,358.0,447.0
357.0,501.0,396.0,358.0,447.0,393.0
501.0,396.0,358.0,447.0,393.0,338.0
396.0,358.0,447.0,393.0,338.0,352.0
358.0,447.0,393.0,338.0,352.0,330.0
447.0,393.0,338.0,352.0,330.0,371.0
393.0,338.0,352.0,330.0,371.0,389.0
338.0,352.0,330.0,371.0,389.0,436.0
352.0,330.0,371.0,389.0,436.0,507.0
330.0,371.0,389.0,436.0,507.0,465.0
371.0,389.0,436.0,507.0,465.0,334.0
389.0,436.0,507.0,465.0,334.0,390.0
436.0,507.0,465.0,334.0,390.0,353.0
507.0,465.0,334.0,390.0,353.0,413.0
465.0,334.0,390.0,353.0,413.0,389.0
334.0,390.0,353.0,413.0,389.0,573.0
390.0,353.0,413.0,389.0,573.0,1013.0
353.0,413.0,389.0,573.0,1013.0,908.0
413.0,389.0,573.0,1013.0,908.0,1245.0
389.0,573.0,1013.0,908.0,1245.0,1354.0
573.0,1013.0,908.0,1245.0,1354.0,745.0
1013.0,908.0,1245.0,1354.0,745.0,795.0
908.0,1245.0,1354.0,745.0,795.0,1330.0
1245.0,1354.0,745.0,795.0,1330.0,1137.0
1354.0,745.0,795.0,1330.0,1137.0,1457.0
745.0,795.0,1330.0,1137.0,1457.0,639.0
795.0,1330.0,1137.0,1457.0,639.0,783.0
1330.0,1137.0,1457.0,639.0,783.0,1482.0
1137.0,1457.0,639.0,783.0,1482.0,1423.0
1457.0,639.0,783.0,1482.0,1423.0,1258.0
639.0,783.0,1482.0,1423.0,1258.0,1273.0
783.0,1482.0,1423.0,1258.0,1273.0,451.0
1482.0,1423.0,1258.0,1273.0,451.0,494.0
1423.0,1258.0,1273.0,451.0,494.0,503.0
1258.0,1273.0,451.0,494.0,503.0,539.0
1273.0,451.0,494.0,503.0,539.0,641.0
451.0,494.0,503.0,539.0,641.0,441.0
494.0,503.0,539.0,641.0,441.0,407.0
503.0,539.0,641.0,441.0,407.0,456.0
539.0,641.0,441.0,407.0,456.0,605.0
641.0,441.0,407.0,456.0,605.0,542.0
441.0,407.0,456.0,605.0,542.0,882.0
407.0,456.0,605.0,542.0,882.0,1164.0
456.0,605.0,542.0,882.0,1164.0,1209.0
605.0,542.0,882.0,1164.0,1209.0,1259.0
542.0,882.0,1164.0,1209.0,1259.0,1455.0
882.0,1164.0,1209.0,1259.0,1455.0,601.0
1164.0,1209.0,1259.0,1455.0,601.0,537.0
1209.0,1259.0,1455.0,601.0,537.0,584.0
1259.0,1455.0,601.0,537.0,584.0,1522.0
1455.0,601.0,537.0,584.0,1522.0,1425.0
601.0,537.0,584.0,1522.0,1425.0,1261.0
537.0,584.0,1522.0,1425.0,1261.0,1292.0
584.0,1522.0,1425.0,1261.0,1292.0,1109.0
1522.0,1425.0,1261.0,1292.0,1109.0,1271.0
1425.0,1261.0,1292.0,1109.0,1271.0,745.0
1261.0,1292.0,1109.0,1271.0,745.0,500.0
1292.0,1109.0,1271.0,745.0,500.0,455.0
1109.0,1271.0,745.0,500.0,455.0,497.0
1271.0,745.0,500.0,455.0,497.0,457.0
745.0,500.0,455.0,497.0,457.0,520.0
500.0,455.0,497.0,457.0,520.0,477.0
455.0,497.0,457.0,520.0,477.0,477.0
497.0,457.0,520.0,477.0,477.0,623.0
457.0,520.0,477.0,477.0,623.0,441.0
520.0,477.0,477.0,623.0,441.0,549.0
477.0,477.0,623.0,441.0,549.0,1265.0
477.0,623.0,441.0,549.0,1265.0,1833.0
623.0,441.0,549.0,1265.0,1833.0,1471.0
441.0,549.0,1265.0,1833.0,1471.0,1214.0
549.0,1265.0,1833.0,1471.0,1214.0,1508.0
1265.0,1833.0,1471.0,1214.0,1508.0,1088.0
1833.0,1471.0,1214.0,1508.0,1088.0,1484.0
1471.0,1214.0,1508.0,1088.0,1484.0,1530.0
1214.0,1508.0,1088.0,1484.0,1530.0,1667.0
1508.0,1088.0,1484.0,1530.0,1667.0,1378.0
1088.0,1484.0,1530.0,1667.0,1378.0,996.0
1484.0,1530.0,1667.0,1378.0,996.0,1582.0
1530.0,1667.0,1378.0,996.0,1582.0,667.0
1667.0,1378.0,996.0,1582.0,667.0,869.0
1378.0,996.0,1582.0,667.0,869.0,758.0
996.0,1582.0,667.0,869.0,758.0,593.0
1582.0,667.0,869.0,758.0,593.0,550.0
667.0,869.0,758.0,593.0,550.0,664.0
869.0,758.0,593.0,550.0,664.0,572.0
758.0,593.0,550.0,664.0,572.0,677.0
593.0,550.0,664.0,572.0,677.0,399.0
550.0,664.0,572.0,677.0,399.0,454.0
664.0,572.0,677.0,399.0,454.0,521.0
572.0,677.0,399.0,454.0,521.0,472.0
677.0,399.0,454.0,521.0,472.0,1176.0
399.0,454.0,521.0,472.0,1176.0,1280.0
454.0,521.0,472.0,1176.0,1280.0,1353.0
521.0,472.0,1176.0,1280.0,1353.0,1253.0
472.0,1176.0,1280.0,1353.0,1253.0,1352.0
1176.0,1280.0,1353.0,1253.0,1352.0,1317.0
1280.0,1353.0,1253.0,1352.0,1317.0,1583.0
1353.0,1253.0,1352.0,1317.0,1583.0,1525.0
1253.0,1352.0,1317.0,1583.0,1525.0,1480.0
1352.0,1317.0,1583.0,1525.0,1480.0,1531.0
1317.0,1583.0,1525.0,1480.0,1531.0,655.0
1583.0,1525.0,1480.0,1531.0,655.0,1010.0
1525.0,1480.0,1531.0,655.0,1010.0,1459.0
1480.0,1531.0,655.0,1010.0,1459.0,1236.0
1531.0,655.0,1010.0,1459.0,1236.0,494.0
655.0,1010.0,1459.0,1236.0,494.0,546.0
1010.0,1459.0,1236.0,494.0,546.0,467.0
1459.0,1236.0,494.0,546.0,467.0,476.0
1236.0,494.0,546.0,467.0,476.0,466.0
494.0,546.0,467.0,476.0,466.0,516.0
546.0,467.0,476.0,466.0,516.0,468.0
467.0,476.0,466.0,516.0,468.0,1019.0
476.0,466.0,516.0,468.0,1019.0,570.0
466.0,516.0,468.0,1019.0,570.0,527.0
516.0,468.0,1019.0,570.0,527.0,467.0
468.0,1019.0,570.0,527.0,467.0,1163.0
1019.0,570.0,527.0,467.0,1163.0,1220.0
570.0,527.0,467.0,1163.0,1220.0,1317.0
527.0,467.0,1163.0,1220.0,1317.0,1029.0
467.0,1163.0,1220.0,1317.0,1029.0,1189.0
1163.0,1220.0,1317.0,1029.0,1189.0,1197.0
1220.0,1317.0,1029.0,1189.0,1197.0,1255.0
1317.0,1029.0,1189.0,1197.0,1255.0,1149.0
1029.0,1189.0,1197.0,1255.0,1149.0,1241.0
1189.0,1197.0,1255.0,1149.0,1241.0,939.0
1197.0,1255.0,1149.0,1241.0,939.0,1109.0
1255.0,1149.0,1241.0,939.0,1109.0,793.0
1149.0,1241.0,939.0,1109.0,793.0,444.0
1241.0,939.0,1109.0,793.0,444.0,436.0
939.0,1109.0,793.0,444.0,436.0,487.0
1109.0,793.0,444.0,436.0,487.0,433.0
793.0,444.0,436.0,487.0,433.0,525.0
444.0,436.0,487.0,433.0,525.0,497.0
436.0,487.0,433.0,525.0,497.0,470.0
487.0,433.0,525.0,497.0,470.0,504.0
433.0,525.0,497.0,470.0,504.0,536.0
525.0,497.0,470.0,504.0,536.0,449.0
497.0,470.0,504.0,536.0,449.0,506.0
470.0,504.0,536.0,449.0,506.0,459.0
504.0,536.0,449.0,506.0,459.0,507.0
536.0,449.0,506.0,459.0,507.0,550.0
449.0,506.0,459.0,507.0,550.0,466.0
506.0,459.0,507.0,550.0,466.0,482.0
459.0,507.0,550.0,466.0,482.0,470.0
507.0,550.0,466.0,482.0,470.0,569.0
550.0,466.0,482.0,470.0,569.0,830.0
466.0,482.0,470.0,569.0,830.0,774.0
482.0,470.0,569.0,830.0,774.0,475.0
470.0,569.0,830.0,774.0,475.0,464.0
569.0,830.0,774.0,475.0,464.0,547.0
830.0,774.0,475.0,464.0,547.0,536.0
774.0,475.0,464.0,547.0,536.0,487.0
475.0,464.0,547.0,536.0,487.0,507.0
464.0,547.0,536.0,487.0,507.0,482.0
547.0,536.0,487.0,507.0,482.0,386.0
536.0,487.0,507.0,482.0,386.0,400.0
487.0,507.0,482.0,386.0,400.0,407.0
507.0,482.0,386.0,400.0,407.0,348.0
482.0,386.0,400.0,407.0,348.0,390.0
386.0,400.0,407.0,348.0,390.0,360.0
400.0,407.0,348.0,390.0,360.0,343.0
407.0,348.0,390.0,360.0,343.0,317.0
348.0,390.0,360.0,343.0,317.0,468.0
390.0,360.0,343.0,317.0,468.0,491.0
360.0,343.0,317.0,468.0,491.0,559.0
343.0,317.0,468.0,491.0,559.0,529.0
317.0,468.0,491.0,559.0,529.0,453.0
468.0,491.0,559.0,529.0,453.0,362.0
491.0,559.0,529.0,453.0,362.0,695.0
559.0,529.0,453.0,362.0,695.0,340.0
529.0,453.0,362.0,695.0,340.0,358.0
453.0,362.0,695.0,340.0,358.0,384.0
362.0,695.0,340.0,358.0,384.0,358.0
695.0,340.0,358.0,384.0,358.0,385.0
340.0,358.0,384.0,358.0,385.0,598.0
358.0,384.0,358.0,385.0,598.0,504.0
384.0,358.0,385.0,598.0,504.0,347.0
358.0,385.0,598.0,504.0,347.0,344.0
385.0,598.0,504.0,347.0,344.0,331.0
598.0,504.0,347.0,344.0,331.0,376.0
504.0,347.0,344.0,331.0,376.0,327.0
347.0,344.0,331.0,376.0,327.0,322.0
344.0,331.0,376.0,327.0,322.0,444.0
331.0,376.0,327.0,322.0,444.0,479.0
376.0,327.0,322.0,444.0,479.0,1109.0
327.0,322.0,444.0,479.0,1109.0,1259.0
322.0,444.0,479.0,1109.0,1259.0,552.0
444.0,479.0,1109.0,1259.0,552.0,895.0
479.0,1109.0,1259.0,552.0,895.0,967.0
1109.0,1259.0,552.0,895.0,967.0,1066.0
1259.0,552.0,895.0,967.0,1066.0,1129.0
552.0,895.0,967.0,1066.0,1129.0,1246.0
895.0,967.0,1066.0,1129.0,1246.0,1283.0
967.0,1066.0,1129.0,1246.0,1283.0,1204.0
1066.0,1129.0,1246.0,1283.0,1204.0,1407.0
1129.0,1246.0,1283.0,1204.0,1407.0,1248.0
1246.0,1283.0,1204.0,1407.0,1248.0,1113.0
1283.0,1204.0,1407.0,1248.0,1113.0,1154.0
1204.0,1407.0,1248.0,1113.0,1154.0,1018.0
1407.0,1248.0,1113.0,1154.0,1018.0,528.0
1248.0,1113.0,1154.0,1018.0,528.0,482.0
1113.0,1154.0,1018.0,528.0,482.0,614.0
1154.0,1018.0,528.0,482.0,614.0,466.0
1018.0,528.0,482.0,614.0,466.0,564.0
528.0,482.0,614.0,466.0,564.0,474.0
482.0,614.0,466.0,564.0,474.0,462.0
614.0,466.0,564.0,474.0,462.0,459.0
466.0,564.0,474.0,462.0,459.0,1265.0
564.0,474.0,462.0,459.0,1265.0,419.0
474.0,462.0,459.0,1265.0,419.0,520.0
462.0,459.0,1265.0,419.0,520.0,880.0
459.0,1265.0,419.0,520.0,880.0,1250.0
1265.0,419.0,520.0,880.0,1250.0,1101.0
419.0,520.0,880.0,1250.0,1101.0,1206.0
520.0,880.0,1250.0,1101.0,1206.0,1268.0
880.0,1250.0,1101.0,1206.0,1268.0,1338.0
1250.0,1101.0,1206.0,1268.0,1338.0,1294.0
1101.0,1206.0,1268.0,1338.0,1294.0,1399.0
1206.0,1268.0,1338.0,1294.0,1399.0,1192.0
1268.0,1338.0,1294.0,1399.0,1192.0,1267.0
1338.0,1294.0,1399.0,1192.0,1267.0,1071.0
1294.0,1399.0,1192.0,1267.0,1071.0,1007.0
1399.0,1192.0,1267.0,1071.0,1007.0,1211.0
1192.0,1267.0,1071.0,1007.0,1211.0,668.0
1267.0,1071.0,1007.0,1211.0,668.0,449.0
1071.0,1007.0,1211.0,668.0,449.0,487.0
1007.0,1211.0,668.0,449.0,487.0,518.0
1211.0,668.0,449.0,487.0,518.0,504.0
668.0,449.0,487.0,518.0,504.0,447.0
449.0,487.0,518.0,504.0,447.0,400.0
487.0,518.0,504.0,447.0,400.0,402.0
518.0,504.0,447.0,400.0,402.0,480.0
504.0,447.0,400.0,402.0,480.0,588.0
447.0,400.0,402.0,480.0,588.0,2174.0
400.0,402.0,480.0,588.0,2174.0,1264.0
402.0,480.0,588.0,2174.0,1264.0,2005.0
480.0,588.0,2174.0,1264.0,2005.0,2372.0
588.0,2174.0,1264.0,2005.0,2372.0,2575.0
2174.0,1264.0,2005.0,2372.0,2575.0,1694.0
1264.0,2005.0,2372.0,2575.0,1694.0,1837.0
2005.0,2372.0,2575.0,1694.0,1837.0,1716.0
2372.0,2575.0,1694.0,1837.0,1716.0,1734.0
2575.0,1694.0,1837.0,1716.0,1734.0,1281.0
1694.0,1837.0,1716.0,1734.0,1281.0,1070.0
1837.0,1716.0,1734.0,1281.0,1070.0,912.0
1716.0,1734.0,1281.0,1070.0,912.0,761.0
1734.0,1281.0,1070.0,912.0,761.0,861.0
1281.0,1070.0,912.0,761.0,861.0,523.0
1070.0,912.0,761.0,861.0,523.0,529.0
912.0,761.0,861.0,523.0,529.0,560.0
761.0,861.0,523.0,529.0,560.0,429.0
861.0,523.0,529.0,560.0,429.0,439.0
523.0,529.0,560.0,429.0,439.0,448.0
529.0,560.0,429.0,439.0,448.0,416.0
560.0,429.0,439.0,448.0,416.0,387.0
429.0,439.0,448.0,416.0,387.0,393.0
439.0,448.0,416.0,387.0,393.0,373.0
448.0,416.0,387.0,393.0,373.0,440.0
416.0,387.0,393.0,373.0,440.0,459.0
387.0,393.0,373.0,440.0,459.0,448.0
393.0,373.0,440.0,459.0,448.0,464.0
373.0,440.0,459.0,448.0,464.0,494.0
440.0,459.0,448.0,464.0,494.0,464.0
459.0,448.0,464.0,494.0,464.0,435.0
448.0,464.0,494.0,464.0,435.0,445.0
464.0,494.0,464.0,435.0,445.0,495.0
494.0,464.0,435.0,445.0,495.0,463.0
464.0,435.0,445.0,495.0,463.0,422.0
435.0,445.0,495.0,463.0,422.0,430.0
445.0,495.0,463.0,422.0,430.0,587.0
495.0,463.0,422.0,430.0,587.0,661.0
463.0,422.0,430.0,587.0,661.0,502.0
422.0,430.0,587.0,661.0,502.0,457.0
430.0,587.0,661.0,502.0,457.0,458.0
587.0,661.0,502.0,457.0,458.0,457.0
661.0,502.0,457.0,458.0,457.0,443.0
502.0,457.0,458.0,457.0,443.0,471.0
457.0,458.0,457.0,443.0,471.0,455.0
458.0,457.0,443.0,471.0,455.0,446.0
457.0,443.0,471.0,455.0,446.0,571.0
443.0,471.0,455.0,446.0,571.0,575.0
471.0,455.0,446.0,571.0,575.0,464.0
455.0,446.0,571.0,575.0,464.0,634.0
446.0,571.0,575.0,464.0,634.0,603.0
571.0,575.0,464.0,634.0,603.0,1159.0
575.0,464.0,634.0,603.0,1159.0,1639.0
464.0,634.0,603.0,1159.0,1639.0,1412.0
634.0,603.0,1159.0,1639.0,1412.0,945.0
603.0,1159.0,1639.0,1412.0,945.0,1458.0
1159.0,1639.0,1412.0,945.0,1458.0,1359.0
1639.0,1412.0,945.0,1458.0,1359.0,887.0
1412.0,945.0,1458.0,1359.0,887.0,841.0
945.0,1458.0,1359.0,887.0,841.0,848.0
1458.0,1359.0,887.0,841.0,848.0,573.0
1359.0,887.0,841.0,848.0,573.0,712.0
887.0,841.0,848.0,573.0,712.0,443.0
841.0,848.0,573.0,712.0,443.0,389.0
848.0,573.0,712.0,443.0,389.0,464.0
573.0,712.0,443.0,389.0,464.0,404.0
712.0,443.0,389.0,464.0,404.0,438.0
443.0,389.0,464.0,404.0,438.0,531.0
389.0,464.0,404.0,438.0,531.0,471.0
464.0,404.0,438.0,531.0,471.0,457.0
404.0,438.0,531.0,471.0,457.0,507.0
438.0,531.0,471.0,457.0,507.0,474.0
531.0,471.0,457.0,507.0,474.0,378.0
471.0,457.0,507.0,474.0,378.0,373.0
457.0,507.0,474.0,378.0,373.0,428.0
507.0,474.0,378.0,373.0,428.0,431.0
474.0,378.0,373.0,428.0,431.0,455.0
378.0,373.0,428.0,431.0,455.0,421.0
373.0,428.0,431.0,455.0,421.0,453.0
428.0,431.0,455.0,421.0,453.0,423.0
431.0,455.0,421.0,453.0,423.0,418.0
455.0,421.0,453.0,423.0,418.0,390.0
421.0,453.0,423.0,418.0,390.0,461.0
453.0,423.0,418.0,390.0,461.0,401.0
423.0,418.0,390.0,461.0,401.0,385.0
418.0,390.0,461.0,401.0,385.0,418.0
390.0,461.0,401.0,385.0,418.0,409.0
461.0,401.0,385.0,418.0,409.0,366.0
401.0,385.0,418.0,409.0,366.0,416.0
385.0,418.0,409.0,366.0,416.0,376.0
418.0,409.0,366.0,416.0,376.0,418.0
409.0,366.0,416.0,376.0,418.0,473.0
366.0,416.0,376.0,418.0,473.0,357.0
416.0,376.0,418.0,473.0,357.0,393.0
376.0,418.0,473.0,357.0,393.0,403.0
418.0,473.0,357.0,393.0,403.0,372.0
473.0,357.0,393.0,403.0,372.0,342.0
357.0,393.0,403.0,372.0,342.0,431.0
393.0,403.0,372.0,342.0,431.0,381.0
403.0,372.0,342.0,431.0,381.0,304.0
372.0,342.0,431.0,381.0,304.0,424.0
342.0,431.0,381.0,304.0,424.0,357.0
431.0,381.0,304.0,424.0,357.0,379.0
381.0,304.0,424.0,357.0,379.0,426.0
304.0,424.0,357.0,379.0,426.0,386.0
424.0,357.0,379.0,426.0,386.0,351.0
357.0,379.0,426.0,386.0,351.0,364.0
379.0,426.0,386.0,351.0,364.0,338.0
426.0,386.0,351.0,364.0,338.0,474.0
386.0,351.0,364.0,338.0,474.0,455.0
351.0,364.0,338.0,474.0,455.0,370.0
364.0,338.0,474.0,455.0,370.0,633.0
338.0,474.0,455.0,370.0,633.0,455.0
474.0,455.0,370.0,633.0,455.0,630.0
455.0,370.0,633.0,455.0,630.0,424.0
370.0,633.0,455.0,630.0,424.0,447.0
633.0,455.0,630.0,424.0,447.0,460.0
455.0,630.0,424.0,447.0,460.0,418.0
630.0,424.0,447.0,460.0,418.0,567.0
424.0,447.0,460.0,418.0,567.0,457.0
447.0,460.0,418.0,567.0,457.0,986.0
460.0,418.0,567.0,457.0,986.0,1722.0
418.0,567.0,457.0,986.0,1722.0,1125.0
567.0,457.0,986.0,1722.0,1125.0,2006.0
457.0,986.0,1722.0,1125.0,2006.0,1558.0
986.0,1722.0,1125.0,2006.0,1558.0,1801.0
1722.0,1125.0,2006.0,1558.0,1801.0,1652.0
1125.0,2006.0,1558.0,1801.0,1652.0,1778.0
2006.0,1558.0,1801.0,1652.0,1778.0,1139.0
1558.0,1801.0,1652.0,1778.0,1139.0,977.0
1801.0,1652.0,1778.0,1139.0,977.0,997.0
1652.0,1778.0,1139.0,977.0,997.0,918.0
1778.0,1139.0,977.0,997.0,918.0,858.0
1139.0,977.0,997.0,918.0,858.0,652.0
977.0,997.0,918.0,858.0,652.0,662.0
997.0,918.0,858.0,652.0,662.0,498.0
918.0,858.0,652.0,662.0,498.0,516.0
858.0,652.0,662.0,498.0,516.0,517.0
652.0,662.0,498.0,516.0,517.0,555.0
662.0,498.0,516.0,517.0,555.0,495.0
498.0,516.0,517.0,555.0,495.0,423.0
516.0,517.0,555.0,495.0,423.0,519.0
517.0,555.0,495.0,423.0,519.0,539.0
555.0,495.0,423.0,519.0,539.0,1622.0
495.0,423.0,519.0,539.0,1622.0,1387.0
423.0,519.0,539.0,1622.0,1387.0,509.0
519.0,539.0,1622.0,1387.0,509.0,1386.0
539.0,1622.0,1387.0,509.0,1386.0,1175.0
1622.0,1387.0,509.0,1386.0,1175.0,1660.0
1387.0,509.0,1386.0,1175.0,1660.0,707.0
509.0,1386.0,1175.0,1660.0,707.0,2253.0
1386.0,1175.0,1660.0,707.0,2253.0,1581.0
1175.0,1660.0,707.0,2253.0,1581.0,2025.0
1660.0,707.0,2253.0,1581.0,2025.0,1058.0
707.0,2253.0,1581.0,2025.0,1058.0,1070.0
2253.0,1581.0,2025.0,1058.0,1070.0,598.0
1581.0,2025.0,1058.0,1070.0,598.0,900.0
2025.0,1058.0,1070.0,598.0,900.0,1097.0
1058.0,1070.0,598.0,900.0,1097.0,574.0
1070.0,598.0,900.0,1097.0,574.0,531.0
598.0,900.0,1097.0,574.0,531.0,472.0
900.0,1097.0,574.0,531.0,472.0,409.0
1097.0,574.0,531.0,472.0,409.0,385.0
574.0,531.0,472.0,409.0,385.0,427.0
531.0,472.0,409.0,385.0,427.0,381.0
472.0,409.0,385.0,427.0,381.0,389.0
409.0,385.0,427.0,381.0,389.0,426.0
385.0,427.0,381.0,389.0,426.0,691.0
427.0,381.0,389.0,426.0,691.0,737.0
381.0,389.0,426.0,691.0,737.0,1379.0
389.0,426.0,691.0,737.0,1379.0,3684.0
426.0,691.0,737.0,1379.0,3684.0,3721.0
691.0,737.0,1379.0,3684.0,3721.0,5880.0
737.0,1379.0,3684.0,3721.0,5880.0,2292.0
1379.0,3684.0,3721.0,5880.0,2292.0,3943.0
3684.0,3721.0,5880.0,2292.0,3943.0,4093.0
3721.0,5880.0,2292.0,3943.0,4093.0,4390.0
5880.0,2292.0,3943.0,4093.0,4390.0,3963.0
2292.0,3943.0,4093.0,4390.0,3963.0,4852.0
3943.0,4093.0,4390.0,3963.0,4852.0,4017.0
4093.0,4390.0,3963.0,4852.0,4017.0,1297.0
4390.0,3963.0,4852.0,4017.0,1297.0,3734.0
3963.0,4852.0,4017.0,1297.0,3734.0,479.0
4852.0,4017.0,1297.0,3734.0,479.0,445.0
4017.0,1297.0,3734.0,479.0,445.0,507.0
1297.0,3734.0,479.0,445.0,507.0,506.0
3734.0,479.0,445.0,507.0,506.0,490.0
479.0,445.0,507.0,506.0,490.0,494.0
445.0,507.0,506.0,490.0,494.0,487.0
507.0,506.0,490.0,494.0,487.0,535.0
506.0,490.0,494.0,487.0,535.0,707.0
490.0,494.0,487.0,535.0,707.0,722.0
494.0,487.0,535.0,707.0,722.0,4553.0
487.0,535.0,707.0,722.0,4553.0,4980.0
535.0,707.0,722.0,4553.0,4980.0,5320.0
707.0,722.0,4553.0,4980.0,5320.0,2571.0
722.0,4553.0,4980.0,5320.0,2571.0,4158.0
4553.0,4980.0,5320.0,2571.0,4158.0,5094.0
4980.0,5320.0,2571.0,4158.0,5094.0,3984.0
5320.0,2571.0,4158.0,5094.0,3984.0,4073.0
2571.0,4158.0,5094.0,3984.0,4073.0,5344.0
4158.0,5094.0,3984.0,4073.0,5344.0,5109.0
5094.0,3984.0,4073.0,5344.0,5109.0,4426.0
3984.0,4073.0,5344.0,5109.0,4426.0,4733.0
4073.0,5344.0,5109.0,4426.0,4733.0,4828.0
5344.0,5109.0,4426.0,4733.0,4828.0,4455.0
5109.0,4426.0,4733.0,4828.0,4455.0,632.0
4426.0,4733.0,4828.0,4455.0,632.0,606.0
4733.0,4828.0,4455.0,632.0,606.0,657.0
4828.0,4455.0,632.0,606.0,657.0,661.0
4455.0,632.0,606.0,657.0,661.0,579.0
632.0,606.0,657.0,661.0,579.0,594.0
606.0,657.0,661.0,579.0,594.0,592.0
657.0,661.0,579.0,594.0,592.0,673.0
661.0,579.0,594.0,592.0,673.0,1303.0
579.0,594.0,592.0,673.0,1303.0,4043.0
594.0,592.0,673.0,1303.0,4043.0,3523.0
592.0,673.0,1303.0,4043.0,3523.0,1263.0
673.0,1303.0,4043.0,3523.0,1263.0,4104.0
1303.0,4043.0,3523.0,1263.0,4104.0,4993.0
4043.0,3523.0,1263.0,4104.0,4993.0,4311.0
3523.0,1263.0,4104.0,4993.0,4311.0,4349.0
1263.0,4104.0,4993.0,4311.0,4349.0,4592.0
4104.0,4993.0,4311.0,4349.0,4592.0,4721.0
4993.0,4311.0,4349.0,4592.0,4721.0,5346.0
4311.0,4349.0,4592.0,4721.0,5346.0,5920.0
4349.0,4592.0,4721.0,5346.0,5920.0,4711.0
4592.0,4721.0,5346.0,5920.0,4711.0,4670.0
4721.0,5346.0,5920.0,4711.0,4670.0,5173.0
5346.0,5920.0,4711.0,4670.0,5173.0,4614.0
5920.0,4711.0,4670.0,5173.0,4614.0,629.0
4711.0,4670.0,5173.0,4614.0,629.0,520.0
4670.0,5173.0,4614.0,629.0,520.0,465.0
5173.0,4614.0,629.0,520.0,465.0,492.0
4614.0,629.0,520.0,465.0,492.0,499.0
629.0,520.0,465.0,492.0,499.0,525.0
520.0,465.0,492.0,499.0,525.0,460.0
465.0,492.0,499.0,525.0,460.0,492.0
492.0,499.0,525.0,460.0,492.0,488.0
499.0,525.0,460.0,492.0,488.0,525.0
525.0,460.0,492.0,488.0,525.0,427.0
460.0,492.0,488.0,525.0,427.0,477.0
492.0,488.0,525.0,427.0,477.0,441.0
488.0,525.0,427.0,477.0,441.0,503.0
525.0,427.0,477.0,441.0,503.0,443.0
427.0,477.0,441.0,503.0,443.0,498.0
477.0,441.0,503.0,443.0,498.0,435.0
441.0,503.0,443.0,498.0,435.0,407.0
503.0,443.0,498.0,435.0,407.0,435.0
443.0,498.0,435.0,407.0,435.0,406.0
498.0,435.0,407.0,435.0,406.0,524.0
435.0,407.0,435.0,406.0,524.0,424.0
407.0,435.0,406.0,524.0,424.0,428.0
435.0,406.0,524.0,424.0,428.0,445.0
406.0,524.0,424.0,428.0,445.0,432.0
524.0,424.0,428.0,445.0,432.0,348.0
424.0,428.0,445.0,432.0,348.0,462.0
428.0,445.0,432.0,348.0,462.0,418.0
445.0,432.0,348.0,462.0,418.0,452.0
432.0,348.0,462.0,418.0,452.0,441.0
348.0,462.0,418.0,452.0,441.0,369.0
462.0,418.0,452.0,441.0,369.0,386.0
418.0,452.0,441.0,369.0,386.0,443.0
452.0,441.0,369.0,386.0,443.0,362.0
441.0,369.0,386.0,443.0,362.0,331.0
369.0,386.0,443.0,362.0,331.0,330.0
386.0,443.0,362.0,331.0,330.0,413.0
443.0,362.0,331.0,330.0,413.0,352.0
362.0,331.0,330.0,413.0,352.0,389.0
331.0,330.0,413.0,352.0,389.0,376.0
330.0,413.0,352.0,389.0,376.0,448.0
413.0,352.0,389.0,376.0,448.0,437.0
352.0,389.0,376.0,448.0,437.0,390.0
389.0,376.0,448.0,437.0,390.0,474.0
376.0,448.0,437.0,390.0,474.0,695.0
448.0,437.0,390.0,474.0,695.0,321.0
437.0,390.0,474.0,695.0,321.0,392.0
390.0,474.0,695.0,321.0,392.0,368.0
474.0,695.0,321.0,392.0,368.0,332.0
695.0,321.0,392.0,368.0,332.0,393.0
321.0,392.0,368.0,332.0,393.0,437.0
392.0,368.0,332.0,393.0,437.0,414.0
368.0,332.0,393.0,437.0,414.0,466.0
332.0,393.0,437.0,414.0,466.0,685.0
393.0,437.0,414.0,466.0,685.0,499.0
437.0,414.0,466.0,685.0,499.0,469.0
414.0,466.0,685.0,499.0,469.0,3578.0
466.0,685.0,499.0,469.0,3578.0,4072.0
685.0,499.0,469.0,3578.0,4072.0,4769.0
499.0,469.0,3578.0,4072.0,4769.0,4521.0
469.0,3578.0,4072.0,4769.0,4521.0,4700.0
3578.0,4072.0,4769.0,4521.0,4700.0,1166.0
4072.0,4769.0,4521.0,4700.0,1166.0,3889.0
4769.0,4521.0,4700.0,1166.0,3889.0,5210.0
4521.0,4700.0,1166.0,3889.0,5210.0,6433.0
4700.0,1166.0,3889.0,5210.0,6433.0,5908.0
1166.0,3889.0,5210.0,6433.0,5908.0,6603.0
3889.0,5210.0,6433.0,5908.0,6603.0,6825.0
5210.0,6433.0,5908.0,6603.0,6825.0,6146.0
6433.0,5908.0,6603.0,6825.0,6146.0,7220.0
5908.0,6603.0,6825.0,6146.0,7220.0,1597.0
6603.0,6825.0,6146.0,7220.0,1597.0,3051.0
6825.0,6146.0,7220.0,1597.0,3051.0,660.0
6146.0,7220.0,1597.0,3051.0,660.0,641.0
7220.0,1597.0,3051.0,660.0,641.0,646.0
1597.0,3051.0,660.0,641.0,646.0,658.0
3051.0,660.0,641.0,646.0,658.0,643.0
660.0,641.0,646.0,658.0,643.0,612.0
641.0,646.0,658.0,643.0,612.0,552.0
646.0,658.0,643.0,612.0,552.0,504.0
658.0,643.0,612.0,552.0,504.0,1051.0
643.0,612.0,552.0,504.0,1051.0,1037.0
612.0,552.0,504.0,1051.0,1037.0,6080.0
552.0,504.0,1051.0,1037.0,6080.0,2249.0
504.0,1051.0,1037.0,6080.0,2249.0,5322.0
1051.0,1037.0,6080.0,2249.0,5322.0,5195.0
1037.0,6080.0,2249.0,5322.0,5195.0,2586.0
6080.0,2249.0,5322.0,5195.0,2586.0,5634.0
2249.0,5322.0,5195.0,2586.0,5634.0,5411.0
5322.0,5195.0,2586.0,5634.0,5411.0,4877.0
5195.0,2586.0,5634.0,5411.0,4877.0,5138.0
2586.0,5634.0,5411.0,4877.0,5138.0,6384.0
5634.0,5411.0,4877.0,5138.0,6384.0,6292.0
5411.0,4877.0,5138.0,6384.0,6292.0,3115.0
4877.0,5138.0,6384.0,6292.0,3115.0,5692.0
5138.0,6384.0,6292.0,3115.0,5692.0,4079.0
6384.0,6292.0,3115.0,5692.0,4079.0,640.0
6292.0,3115.0,5692.0,4079.0,640.0,588.0
3115.0,5692.0,4079.0,640.0,588.0,646.0
5692.0,4079.0,640.0,588.0,646.0,493.0
4079.0,640.0,588.0,646.0,493.0,499.0
640.0,588.0,646.0,493.0,499.0,514.0
588.0,646.0,493.0,499.0,514.0,439.0
646.0,493.0,499.0,514.0,439.0,488.0
493.0,499.0,514.0,439.0,488.0,772.0
499.0,514.0,439.0,488.0,772.0,509.0
514.0,439.0,488.0,772.0,509.0,2072.0
439.0,488.0,772.0,509.0,2072.0,1951.0
488.0,772.0,509.0,2072.0,1951.0,4506.0
772.0,509.0,2072.0,1951.0,4506.0,6726.0
509.0,2072.0,1951.0,4506.0,6726.0,5919.0
2072.0,1951.0,4506.0,6726.0,5919.0,5506.0
1951.0,4506.0,6726.0,5919.0,5506.0,6847.0
4506.0,6726.0,5919.0,5506.0,6847.0,6707.0
6726.0,5919.0,5506.0,6847.0,6707.0,7353.0
5919.0,5506.0,6847.0,6707.0,7353.0,7534.0
5506.0,6847.0,6707.0,7353.0,7534.0,7507.0
6847.0,6707.0,7353.0,7534.0,7507.0,6229.0
6707.0,7353.0,7534.0,7507.0,6229.0,7142.0
7353.0,7534.0,7507.0,6229.0,7142.0,1535.0
7534.0,7507.0,6229.0,7142.0,1535.0,545.0
7507.0,6229.0,7142.0,1535.0,545.0,566.0
6229.0,7142.0,1535.0,545.0,566.0,644.0
7142.0,1535.0,545.0,566.0,644.0,559.0
1535.0,545.0,566.0,644.0,559.0,642.0
545.0,566.0,644.0,559.0,642.0,546.0
566.0,644.0,559.0,642.0,546.0,486.0
644.0,559.0,642.0,546.0,486.0,502.0
559.0,642.0,546.0,486.0,502.0,564.0
642.0,546.0,486.0,502.0,564.0,587.0
546.0,486.0,502.0,564.0,587.0,6162.0
486.0,502.0,564.0,587.0,6162.0,5440.0
502.0,564.0,587.0,6162.0,5440.0,1617.0
564.0,587.0,6162.0,5440.0,1617.0,1736.0
587.0,6162.0,5440.0,1617.0,1736.0,1630.0
6162.0,5440.0,1617.0,1736.0,1630.0,1427.0
5440.0,1617.0,1736.0,1630.0,1427.0,1554.0
1617.0,1736.0,1630.0,1427.0,1554.0,1583.0
1736.0,1630.0,1427.0,1554.0,1583.0,1954.0
1630.0,1427.0,1554.0,1583.0,1954.0,2042.0
1427.0,1554.0,1583.0,1954.0,2042.0,1845.0
1554.0,1583.0,1954.0,2042.0,1845.0,1912.0
1583.0,1954.0,2042.0,1845.0,1912.0,1540.0
1954.0,2042.0,1845.0,1912.0,1540.0,721.0
2042.0,1845.0,1912.0,1540.0,721.0,525.0
1845.0,1912.0,1540.0,721.0,525.0,601.0
1912.0,1540.0,721.0,525.0,601.0,500.0
1540.0,721.0,525.0,601.0,500.0,442.0
721.0,525.0,601.0,500.0,442.0,454.0
525.0,601.0,500.0,442.0,454.0,425.0
601.0,500.0,442.0,454.0,425.0,410.0
500.0,442.0,454.0,425.0,410.0,457.0
442.0,454.0,425.0,410.0,457.0,539.0
454.0,425.0,410.0,457.0,539.0,562.0
425.0,410.0,457.0,539.0,562.0,1664.0
410.0,457.0,539.0,562.0,1664.0,1428.0
457.0,539.0,562.0,1664.0,1428.0,1205.0
539.0,562.0,1664.0,1428.0,1205.0,1565.0
562.0,1664.0,1428.0,1205.0,1565.0,1824.0
1664.0,1428.0,1205.0,1565.0,1824.0,1804.0
1428.0,1205.0,1565.0,1824.0,1804.0,1964.0
1205.0,1565.0,1824.0,1804.0,1964.0,2031.0
1565.0,1824.0,1804.0,1964.0,2031.0,2321.0
1824.0,1804.0,1964.0,2031.0,2321.0,1845.0
1804.0,1964.0,2031.0,2321.0,1845.0,1931.0
1964.0,2031.0,2321.0,1845.0,1931.0,1681.0
2031.0,2321.0,1845.0,1931.0,1681.0,1701.0
2321.0,1845.0,1931.0,1681.0,1701.0,1558.0
1845.0,1931.0,1681.0,1701.0,1558.0,498.0
1931.0,1681.0,1701.0,1558.0,498.0,501.0
1681.0,1701.0,1558.0,498.0,501.0,532.0
1701.0,1558.0,498.0,501.0,532.0,453.0
1558.0,498.0,501.0,532.0,453.0,432.0
498.0,501.0,532.0,453.0,432.0,498.0
501.0,532.0,453.0,432.0,498.0,437.0
532.0,453.0,432.0,498.0,437.0,436.0
453.0,432.0,498.0,437.0,436.0,464.0
432.0,498.0,437.0,436.0,464.0,486.0
498.0,437.0,436.0,464.0,486.0,446.0
437.0,436.0,464.0,486.0,446.0,425.0
436.0,464.0,486.0,446.0,425.0,462.0
464.0,486.0,446.0,425.0,462.0,468.0
486.0,446.0,425.0,462.0,468.0,463.0
446.0,425.0,462.0,468.0,463.0,474.0
425.0,462.0,468.0,463.0,474.0,491.0
462.0,468.0,463.0,474.0,491.0,505.0
468.0,463.0,474.0,491.0,505.0,561.0
463.0,474.0,491.0,505.0,561.0,483.0
474.0,491.0,505.0,561.0,483.0,478.0
491.0,505.0,561.0,483.0,478.0,502.0
505.0,561.0,483.0,478.0,502.0,418.0
561.0,483.0,478.0,502.0,418.0,492.0
483.0,478.0,502.0,418.0,492.0,398.0
478.0,502.0,418.0,492.0,398.0,437.0
502.0,418.0,492.0,398.0,437.0,455.0
418.0,492.0,398.0,437.0,455.0,588.0
492.0,398.0,437.0,455.0,588.0,438.0
398.0,437.0,455.0,588.0,438.0,478.0
437.0,455.0,588.0,438.0,478.0,555.0
455.0,588.0,438.0,478.0,555.0,449.0
588.0,438.0,478.0,555.0,449.0,461.0
438.0,478.0,555.0,449.0,461.0,403.0
478.0,555.0,449.0,461.0,403.0,370.0
555.0,449.0,461.0,403.0,370.0,484.0
449.0,461.0,403.0,370.0,484.0,408.0
461.0,403.0,370.0,484.0,408.0,365.0
403.0,370.0,484.0,408.0,365.0,440.0
370.0,484.0,408.0,365.0,440.0,466.0
484.0,408.0,365.0,440.0,466.0,425.0
408.0,365.0,440.0,466.0,425.0,425.0
365.0,440.0,466.0,425.0,425.0,419.0
440.0,466.0,425.0,425.0,419.0,370.0
466.0,425.0,425.0,419.0,370.0,449.0
425.0,425.0,419.0,370.0,449.0,382.0
425.0,419.0,370.0,449.0,382.0,355.0
419.0,370.0,449.0,382.0,355.0,409.0
370.0,449.0,382.0,355.0,409.0,370.0
449.0,382.0,355.0,409.0,370.0,668.0
382.0,355.0,409.0,370.0,668.0,494.0
355.0,409.0,370.0,668.0,494.0,440.0
409.0,370.0,668.0,494.0,440.0,427.0
370.0,668.0,494.0,440.0,427.0,557.0
668.0,494.0,440.0,427.0,557.0,392.0
494.0,440.0,427.0,557.0,392.0,458.0
440.0,427.0,557.0,392.0,458.0,546.0
427.0,557.0,392.0,458.0,546.0,405.0
557.0,392.0,458.0,546.0,405.0,918.0
392.0,458.0,546.0,405.0,918.0,845.0
458.0,546.0,405.0,918.0,845.0,1290.0
546.0,405.0,918.0,845.0,1290.0,1888.0
405.0,918.0,845.0,1290.0,1888.0,1298.0
918.0,845.0,1290.0,1888.0,1298.0,1617.0
845.0,1290.0,1888.0,1298.0,1617.0,2068.0
1290.0,1888.0,1298.0,1617.0,2068.0,788.0
1888.0,1298.0,1617.0,2068.0,788.0,1256.0
1298.0,1617.0,2068.0,788.0,1256.0,1142.0
1617.0,2068.0,788.0,1256.0,1142.0,1000.0
2068.0,788.0,1256.0,1142.0,1000.0,1195.0
788.0,1256.0,1142.0,1000.0,1195.0,984.0
1256.0,1142.0,1000.0,1195.0,984.0,1077.0
1142.0,1000.0,1195.0,984.0,1077.0,560.0
1000.0,1195.0,984.0,1077.0,560.0,544.0
1195.0,984.0,1077.0,560.0,544.0,514.0
984.0,1077.0,560.0,544.0,514.0,523.0
1077.0,560.0,544.0,514.0,523.0,521.0
560.0,544.0,514.0,523.0,521.0,512.0
544.0,514.0,523.0,521.0,512.0,508.0
514.0,523.0,521.0,512.0,508.0,573.0
523.0,521.0,512.0,508.0,573.0,601.0
521.0,512.0,508.0,573.0,601.0,587.0
512.0,508.0,573.0,601.0,587.0,519.0
508.0,573.0,601.0,587.0,519.0,842.0
573.0,601.0,587.0,519.0,842.0,1181.0
601.0,587.0,519.0,842.0,1181.0,1154.0
587.0,519.0,842.0,1181.0,1154.0,956.0
519.0,842.0,1181.0,1154.0,956.0,1156.0
842.0,1181.0,1154.0,956.0,1156.0,1093.0
1181.0,1154.0,956.0,1156.0,1093.0,1110.0
1154.0,956.0,1156.0,1093.0,1110.0,1427.0
956.0,1156.0,1093.0,1110.0,1427.0,1173.0
1156.0,1093.0,1110.0,1427.0,1173.0,1053.0
1093.0,1110.0,1427.0,1173.0,1053.0,1251.0
1110.0,1427.0,1173.0,1053.0,1251.0,894.0
1427.0,1173.0,1053.0,1251.0,894.0,840.0
1173.0,1053.0,1251.0,894.0,840.0,624.0
1053.0,1251.0,894.0,840.0,624.0,679.0
1251.0,894.0,840.0,624.0,679.0,635.0
894.0,840.0,624.0,679.0,635.0,598.0
840.0,624.0,679.0,635.0,598.0,615.0
624.0,679.0,635.0,598.0,615.0,588.0
679.0,635.0,598.0,615.0,588.0,519.0
635.0,598.0,615.0,588.0,519.0,526.0
598.0,615.0,588.0,519.0,526.0,534.0
615.0,588.0,519.0,526.0,534.0,540.0
588.0,519.0,526.0,534.0,540.0,536.0
519.0,526.0,534.0,540.0,536.0,850.0
526.0,534.0,540.0,536.0,850.0,1070.0
534.0,540.0,536.0,850.0,1070.0,955.0
540.0,536.0,850.0,1070.0,955.0,933.0
536.0,850.0,1070.0,955.0,933.0,920.0
850.0,1070.0,955.0,933.0,920.0,1125.0
1070.0,955.0,933.0,920.0,1125.0,983.0
955.0,933.0,920.0,1125.0,983.0,1343.0
933.0,920.0,1125.0,983.0,1343.0,1123.0
920.0,1125.0,983.0,1343.0,1123.0,1210.0
1125.0,983.0,1343.0,1123.0,1210.0,1008.0
983.0,1343.0,1123.0,1210.0,1008.0,953.0
1343.0,1123.0,1210.0,1008.0,953.0,1200.0
1123.0,1210.0,1008.0,953.0,1200.0,527.0
1210.0,1008.0,953.0,1200.0,527.0,581.0
1008.0,953.0,1200.0,527.0,581.0,553.0
953.0,1200.0,527.0,581.0,553.0,536.0
1200.0,527.0,581.0,553.0,536.0,529.0
527.0,581.0,553.0,536.0,529.0,776.0
581.0,553.0,536.0,529.0,776.0,575.0
553.0,536.0,529.0,776.0,575.0,627.0
536.0,529.0,776.0,575.0,627.0,567.0
529.0,776.0,575.0,627.0,567.0,557.0
776.0,575.0,627.0,567.0,557.0,831.0
575.0,627.0,567.0,557.0,831.0,910.0
627.0,567.0,557.0,831.0,910.0,1021.0
567.0,557.0,831.0,910.0,1021.0,1343.0
557.0,831.0,910.0,1021.0,1343.0,1274.0
831.0,910.0,1021.0,1343.0,1274.0,1213.0
910.0,1021.0,1343.0,1274.0,1213.0,1074.0
1021.0,1343.0,1274.0,1213.0,1074.0,1042.0
1343.0,1274.0,1213.0,1074.0,1042.0,1302.0
1274.0,1213.0,1074.0,1042.0,1302.0,1071.0
1213.0,1074.0,1042.0,1302.0,1071.0,1095.0
1074.0,1042.0,1302.0,1071.0,1095.0,1061.0
1042.0,1302.0,1071.0,1095.0,1061.0,1076.0
1302.0,1071.0,1095.0,1061.0,1076.0,1164.0
1071.0,1095.0,1061.0,1076.0,1164.0,531.0
1095.0,1061.0,1076.0,1164.0,531.0,559.0
1061.0,1076.0,1164.0,531.0,559.0,600.0
1076.0,1164.0,531.0,559.0,600.0,547.0
1164.0,531.0,559.0,600.0,547.0,492.0
531.0,559.0,600.0,547.0,492.0,572.0
559.0,600.0,547.0,492.0,572.0,443.0
600.0,547.0,492.0,572.0,443.0,559.0
547.0,492.0,572.0,443.0,559.0,564.0
492.0,572.0,443.0,559.0,564.0,522.0
572.0,443.0,559.0,564.0,522.0,676.0
443.0,559.0,564.0,522.0,676.0,1117.0
559.0,564.0,522.0,676.0,1117.0,795.0
564.0,522.0,676.0,1117.0,795.0,1076.0
522.0,676.0,1117.0,795.0,1076.0,1165.0
676.0,1117.0,795.0,1076.0,1165.0,1066.0
1117.0,795.0,1076.0,1165.0,1066.0,995.0
795.0,1076.0,1165.0,1066.0,995.0,1178.0
1076.0,1165.0,1066.0,995.0,1178.0,1149.0
1165.0,1066.0,995.0,1178.0,1149.0,1271.0
1066.0,995.0,1178.0,1149.0,1271.0,1632.0
995.0,1178.0,1149.0,1271.0,1632.0,1602.0
1178.0,1149.0,1271.0,1632.0,1602.0,1636.0
1149.0,1271.0,1632.0,1602.0,1636.0,1417.0
1271.0,1632.0,1602.0,1636.0,1417.0,1132.0
1632.0,1602.0,1636.0,1417.0,1132.0,998.0
1602.0,1636.0,1417.0,1132.0,998.0,593.0
1636.0,1417.0,1132.0,998.0,593.0,561.0
1417.0,1132.0,998.0,593.0,561.0,504.0
1132.0,998.0,593.0,561.0,504.0,556.0
998.0,593.0,561.0,504.0,556.0,543.0
593.0,561.0,504.0,556.0,543.0,566.0
561.0,504.0,556.0,543.0,566.0,552.0
504.0,556.0,543.0,566.0,552.0,536.0
556.0,543.0,566.0,552.0,536.0,561.0
543.0,566.0,552.0,536.0,561.0,489.0
566.0,552.0,536.0,561.0,489.0,969.0
552.0,536.0,561.0,489.0,969.0,621.0
536.0,561.0,489.0,969.0,621.0,565.0
561.0,489.0,969.0,621.0,565.0,576.0
489.0,969.0,621.0,565.0,576.0,591.0
969.0,621.0,565.0,576.0,591.0,482.0
621.0,565.0,576.0,591.0,482.0,518.0
565.0,576.0,591.0,482.0,518.0,490.0
576.0,591.0,482.0,518.0,490.0,479.0
591.0,482.0,518.0,490.0,479.0,505.0
482.0,518.0,490.0,479.0,505.0,492.0
518.0,490.0,479.0,505.0,492.0,573.0
490.0,479.0,505.0,492.0,573.0,562.0
479.0,505.0,492.0,573.0,562.0,524.0
505.0,492.0,573.0,562.0,524.0,536.0
492.0,573.0,562.0,524.0,536.0,616.0
573.0,562.0,524.0,536.0,616.0,604.0
562.0,524.0,536.0,616.0,604.0,536.0
524.0,536.0,616.0,604.0,536.0,485.0
536.0,616.0,604.0,536.0,485.0,488.0
616.0,604.0,536.0,485.0,488.0,666.0
604.0,536.0,485.0,488.0,666.0,438.0
536.0,485.0,488.0,666.0,438.0,505.0
485.0,488.0,666.0,438.0,505.0,591.0
488.0,666.0,438.0,505.0,591.0,508.0
666.0,438.0,505.0,591.0,508.0,538.0
438.0,505.0,591.0,508.0,538.0,529.0
505.0,591.0,508.0,538.0,529.0,539.0
591.0,508.0,538.0,529.0,539.0,484.0
508.0,538.0,529.0,539.0,484.0,490.0
538.0,529.0,539.0,484.0,490.0,452.0
529.0,539.0,484.0,490.0,452.0,500.0
539.0,484.0,490.0,452.0,500.0,479.0
484.0,490.0,452.0,500.0,479.0,535.0
490.0,452.0,500.0,479.0,535.0,513.0
452.0,500.0,479.0,535.0,513.0,569.0
500.0,479.0,535.0,513.0,569.0,485.0
479.0,535.0,513.0,569.0,485.0,467.0
535.0,513.0,569.0,485.0,467.0,570.0
513.0,569.0,485.0,467.0,570.0,624.0
569.0,485.0,467.0,570.0,624.0,593.0
485.0,467.0,570.0,624.0,593.0,586.0
467.0,570.0,624.0,593.0,586.0,497.0
570.0,624.0,593.0,586.0,497.0,624.0
624.0,593.0,586.0,497.0,624.0,613.0
593.0,586.0,497.0,624.0,613.0,610.0
586.0,497.0,624.0,613.0,610.0,653.0
497.0,624.0,613.0,610.0,653.0,720.0
624.0,613.0,610.0,653.0,720.0,901.0
613.0,610.0,653.0,720.0,901.0,1083.0
610.0,653.0,720.0,901.0,1083.0,945.0
653.0,720.0,901.0,1083.0,945.0,1024.0
720.0,901.0,1083.0,945.0,1024.0,1212.0
901.0,1083.0,945.0,1024.0,1212.0,1228.0
1083.0,945.0,1024.0,1212.0,1228.0,1561.0
945.0,1024.0,1212.0,1228.0,1561.0,1134.0
1024.0,1212.0,1228.0,1561.0,1134.0,1283.0
1212.0,1228.0,1561.0,1134.0,1283.0,971.0
1228.0,1561.0,1134.0,1283.0,971.0,1139.0
1561.0,1134.0,1283.0,971.0,1139.0,1236.0
1134.0,1283.0,971.0,1139.0,1236.0,607.0
1283.0,971.0,1139.0,1236.0,607.0,494.0
971.0,1139.0,1236.0,607.0,494.0,537.0
1139.0,1236.0,607.0,494.0,537.0,580.0
1236.0,607.0,494.0,537.0,580.0,510.0
607.0,494.0,537.0,580.0,510.0,602.0
494.0,537.0,580.0,510.0,602.0,524.0
537.0,580.0,510.0,602.0,524.0,477.0
580.0,510.0,602.0,524.0,477.0,668.0
510.0,602.0,524.0,477.0,668.0,496.0
602.0,524.0,477.0,668.0,496.0,1093.0
524.0,477.0,668.0,496.0,1093.0,619.0
477.0,668.0,496.0,1093.0,619.0,1024.0
668.0,496.0,1093.0,619.0,1024.0,953.0
496.0,1093.0,619.0,1024.0,953.0,766.0
1093.0,619.0,1024.0,953.0,766.0,651.0
619.0,1024.0,953.0,766.0,651.0,733.0
1024.0,953.0,766.0,651.0,733.0,975.0
953.0,766.0,651.0,733.0,975.0,1081.0
766.0,651.0,733.0,975.0,1081.0,1043.0
651.0,733.0,975.0,1081.0,1043.0,932.0
733.0,975.0,1081.0,1043.0,932.0,831.0
975.0,1081.0,1043.0,932.0,831.0,1136.0
1081.0,1043.0,932.0,831.0,1136.0,932.0
1043.0,932.0,831.0,1136.0,932.0,647.0
932.0,831.0,1136.0,932.0,647.0,709.0
831.0,1136.0,932.0,647.0,709.0,635.0
1136.0,932.0,647.0,709.0,635.0,798.0
932.0,647.0,709.0,635.0,798.0,682.0
647.0,709.0,635.0,798.0,682.0,582.0
709.0,635.0,798.0,682.0,582.0,549.0
635.0,798.0,682.0,582.0,549.0,614.0
798.0,682.0,582.0,549.0,614.0,797.0
682.0,582.0,549.0,614.0,797.0,586.0
582.0,549.0,614.0,797.0,586.0,591.0
549.0,614.0,797.0,586.0,591.0,662.0
614.0,797.0,586.0,591.0,662.0,850.0
797.0,586.0,591.0,662.0,850.0,903.0
586.0,591.0,662.0,850.0,903.0,843.0
591.0,662.0,850.0,903.0,843.0,771.0
662.0,850.0,903.0,843.0,771.0,994.0
850.0,903.0,843.0,771.0,994.0,910.0
903.0,843.0,771.0,994.0,910.0,1020.0
843.0,771.0,994.0,910.0,1020.0,965.0
771.0,994.0,910.0,1020.0,965.0,809.0
994.0,910.0,1020.0,965.0,809.0,801.0
910.0,1020.0,965.0,809.0,801.0,690.0
1020.0,965.0,809.0,801.0,690.0,718.0
965.0,809.0,801.0,690.0,718.0,557.0
809.0,801.0,690.0,718.0,557.0,531.0
801.0,690.0,718.0,557.0,531.0,559.0
690.0,718.0,557.0,531.0,559.0,501.0
718.0,557.0,531.0,559.0,501.0,524.0
557.0,531.0,559.0,501.0,524.0,559.0
531.0,559.0,501.0,524.0,559.0,582.0
559.0,501.0,524.0,559.0,582.0,575.0
501.0,524.0,559.0,582.0,575.0,633.0
524.0,559.0,582.0,575.0,633.0,767.0
559.0,582.0,575.0,633.0,767.0,679.0
582.0,575.0,633.0,767.0,679.0,816.0
575.0,633.0,767.0,679.0,816.0,633.0
633.0,767.0,679.0,816.0,633.0,900.0
767.0,679.0,816.0,633.0,900.0,812.0
679.0,816.0,633.0,900.0,812.0,877.0
816.0,633.0,900.0,812.0,877.0,876.0
633.0,900.0,812.0,877.0,876.0,952.0
900.0,812.0,877.0,876.0,952.0,1266.0
812.0,877.0,876.0,952.0,1266.0,1333.0
877.0,876.0,952.0,1266.0,1333.0,1217.0
876.0,952.0,1266.0,1333.0,1217.0,854.0
952.0,1266.0,1333.0,1217.0,854.0,1020.0
1266.0,1333.0,1217.0,854.0,1020.0,676.0
1333.0,1217.0,854.0,1020.0,676.0,537.0
1217.0,854.0,1020.0,676.0,537.0,526.0
854.0,1020.0,676.0,537.0,526.0,557.0
1020.0,676.0,537.0,526.0,557.0,600.0
676.0,537.0,526.0,557.0,600.0,487.0
537.0,526.0,557.0,600.0,487.0,470.0
526.0,557.0,600.0,487.0,470.0,1232.0
557.0,600.0,487.0,470.0,1232.0,553.0
600.0,487.0,470.0,1232.0,553.0,677.0
487.0,470.0,1232.0,553.0,677.0,814.0
470.0,1232.0,553.0,677.0,814.0,614.0
1232.0,553.0,677.0,814.0,614.0,1086.0
553.0,677.0,814.0,614.0,1086.0,995.0
677.0,814.0,614.0,1086.0,995.0,896.0
814.0,614.0,1086.0,995.0,896.0,1131.0
614.0,1086.0,995.0,896.0,1131.0,882.0
1086.0,995.0,896.0,1131.0,882.0,1090.0
995.0,896.0,1131.0,882.0,1090.0,1062.0
896.0,1131.0,882.0,1090.0,1062.0,898.0
1131.0,882.0,1090.0,1062.0,898.0,1195.0
882.0,1090.0,1062.0,898.0,1195.0,855.0
1090.0,1062.0,898.0,1195.0,855.0,618.0
1062.0,898.0,1195.0,855.0,618.0,841.0
898.0,1195.0,855.0,618.0,841.0,839.0
1195.0,855.0,618.0,841.0,839.0,698.0
855.0,618.0,841.0,839.0,698.0,499.0
618.0,841.0,839.0,698.0,499.0,823.0
841.0,839.0,698.0,499.0,823.0,623.0
839.0,698.0,499.0,823.0,623.0,685.0
698.0,499.0,823.0,623.0,685.0,830.0
499.0,823.0,623.0,685.0,830.0,662.0
823.0,623.0,685.0,830.0,662.0,695.0
623.0,685.0,830.0,662.0,695.0,770.0
685.0,830.0,662.0,695.0,770.0,633.0
830.0,662.0,695.0,770.0,633.0,678.0
662.0,695.0,770.0,633.0,678.0,765.0
695.0,770.0,633.0,678.0,765.0,573.0
770.0,633.0,678.0,765.0,573.0,485.0
633.0,678.0,765.0,573.0,485.0,768.0
678.0,765.0,573.0,485.0,768.0,595.0
765.0,573.0,485.0,768.0,595.0,600.0
573.0,485.0,768.0,595.0,600.0,667.0
485.0,768.0,595.0,600.0,667.0,531.0
768.0,595.0,600.0,667.0,531.0,555.0
595.0,600.0,667.0,531.0,555.0,537.0
600.0,667.0,531.0,555.0,537.0,723.0
667.0,531.0,555.0,537.0,723.0,505.0
531.0,555.0,537.0,723.0,505.0,563.0
555.0,537.0,723.0,505.0,563.0,515.0
537.0,723.0,505.0,563.0,515.0,457.0
723.0,505.0,563.0,515.0,457.0,515.0
505.0,563.0,515.0,457.0,515.0,590.0
563.0,515.0,457.0,515.0,590.0,552.0
515.0,457.0,515.0,590.0,552.0,557.0
457.0,515.0,590.0,552.0,557.0,504.0
515.0,590.0,552.0,557.0,504.0,440.0
590.0,552.0,557.0,504.0,440.0,624.0
552.0,557.0,504.0,440.0,624.0,567.0
557.0,504.0,440.0,624.0,567.0,444.0
504.0,440.0,624.0,567.0,444.0,563.0
440.0,624.0,567.0,444.0,563.0,485.0
624.0,567.0,444.0,563.0,485.0,458.0
567.0,444.0,563.0,485.0,458.0,573.0
444.0,563.0,485.0,458.0,573.0,542.0
563.0,485.0,458.0,573.0,542.0,495.0
485.0,458.0,573.0,542.0,495.0,408.0
458.0,573.0,542.0,495.0,408.0,543.0
573.0,542.0,495.0,408.0,543.0,538.0
542.0,495.0,408.0,543.0,538.0,408.0
495.0,408.0,543.0,538.0,408.0,732.0
408.0,543.0,538.0,408.0,732.0,413.0
543.0,538.0,408.0,732.0,413.0,704.0
538.0,408.0,732.0,413.0,704.0,488.0
408.0,732.0,413.0,704.0,488.0,483.0
732.0,413.0,704.0,488.0,483.0,568.0
413.0,704.0,488.0,483.0,568.0,803.0
704.0,488.0,483.0,568.0,803.0,453.0
488.0,483.0,568.0,803.0,453.0,685.0
483.0,568.0,803.0,453.0,685.0,866.0
568.0,803.0,453.0,685.0,866.0,563.0
803.0,453.0,685.0,866.0,563.0,518.0
453.0,685.0,866.0,563.0,518.0,712.0
685.0,866.0,563.0,518.0,712.0,665.0
866.0,563.0,518.0,712.0,665.0,583.0
563.0,518.0,712.0,665.0,583.0,404.0
518.0,712.0,665.0,583.0,404.0,438.0
712.0,665.0,583.0,404.0,438.0,597.0
665.0,583.0,404.0,438.0,597.0,751.0
583.0,404.0,438.0,597.0,751.0,476.0
404.0,438.0,597.0,751.0,476.0,422.0
438.0,597.0,751.0,476.0,422.0,454.0
597.0,751.0,476.0,422.0,454.0,464.0
751.0,476.0,422.0,454.0,464.0,503.0
476.0,422.0,454.0,464.0,503.0,553.0
422.0,454.0,464.0,503.0,553.0,524.0
454.0,464.0,503.0,553.0,524.0,521.0
464.0,503.0,553.0,524.0,521.0,429.0
503.0,553.0,524.0,521.0,429.0,498.0
553.0,524.0,521.0,429.0,498.0,707.0
524.0,521.0,429.0,498.0,707.0,515.0
521.0,429.0,498.0,707.0,515.0,649.0
429.0,498.0,707.0,515.0,649.0,676.0
498.0,707.0,515.0,649.0,676.0,867.0
707.0,515.0,649.0,676.0,867.0,492.0
515.0,649.0,676.0,867.0,492.0,611.0
649.0,676.0,867.0,492.0,611.0,856.0
676.0,867.0,492.0,611.0,856.0,920.0
867.0,492.0,611.0,856.0,920.0,734.0
492.0,611.0,856.0,920.0,734.0,839.0
611.0,856.0,920.0,734.0,839.0,980.0
856.0,920.0,734.0,839.0,980.0,763.0
920.0,734.0,839.0,980.0,763.0,925.0
734.0,839.0,980.0,763.0,925.0,836.0
839.0,980.0,763.0,925.0,836.0,1029.0
980.0,763.0,925.0,836.0,1029.0,1089.0
763.0,925.0,836.0,1029.0,1089.0,1074.0
925.0,836.0,1029.0,1089.0,1074.0,817.0
836.0,1029.0,1089.0,1074.0,817.0,934.0
1029.0,1089.0,1074.0,817.0,934.0,989.0
1089.0,1074.0,817.0,934.0,989.0,856.0
1074.0,817.0,934.0,989.0,856.0,620.0
817.0,934.0,989.0,856.0,620.0,518.0
934.0,989.0,856.0,620.0,518.0,905.0
989.0,856.0,620.0,518.0,905.0,728.0
856.0,620.0,518.0,905.0,728.0,520.0
620.0,518.0,905.0,728.0,520.0,554.0
518.0,905.0,728.0,520.0,554.0,455.0
905.0,728.0,520.0,554.0,455.0,445.0
728.0,520.0,554.0,455.0,445.0,529.0
520.0,554.0,455.0,445.0,529.0,686.0
554.0,455.0,445.0,529.0,686.0,567.0
455.0,445.0,529.0,686.0,567.0,647.0
445.0,529.0,686.0,567.0,647.0,655.0
529.0,686.0,567.0,647.0,655.0,727.0
686.0,567.0,647.0,655.0,727.0,730.0
567.0,647.0,655.0,727.0,730.0,761.0
647.0,655.0,727.0,730.0,761.0,811.0
655.0,727.0,730.0,761.0,811.0,738.0
727.0,730.0,761.0,811.0,738.0,818.0
730.0,761.0,811.0,738.0,818.0,743.0
761.0,811.0,738.0,818.0,743.0,796.0
811.0,738.0,818.0,743.0,796.0,683.0
738.0,818.0,743.0,796.0,683.0,707.0
818.0,743.0,796.0,683.0,707.0,910.0
743.0,796.0,683.0,707.0,910.0,791.0
796.0,683.0,707.0,910.0,791.0,436.0
683.0,707.0,910.0,791.0,436.0,603.0
707.0,910.0,791.0,436.0,603.0,780.0
910.0,791.0,436.0,603.0,780.0,543.0
791.0,436.0,603.0,780.0,543.0,587.0
436.0,603.0,780.0,543.0,587.0,480.0
603.0,780.0,543.0,587.0,480.0,793.0
780.0,543.0,587.0,480.0,793.0,506.0
543.0,587.0,480.0,793.0,506.0,475.0
587.0,480.0,793.0,506.0,475.0,621.0
480.0,793.0,506.0,475.0,621.0,710.0
793.0,506.0,475.0,621.0,710.0,614.0
506.0,475.0,621.0,710.0,614.0,579.0
475.0,621.0,710.0,614.0,579.0,699.0
621.0,710.0,614.0,579.0,699.0,824.0
710.0,614.0,579.0,699.0,824.0,757.0
614.0,579.0,699.0,824.0,757.0,821.0
579.0,699.0,824.0,757.0,821.0,898.0
699.0,824.0,757.0,821.0,898.0,888.0
824.0,757.0,821.0,898.0,888.0,880.0
757.0,821.0,898.0,888.0,880.0,881.0
821.0,898.0,888.0,880.0,881.0,671.0
898.0,888.0,880.0,881.0,671.0,700.0
888.0,880.0,881.0,671.0,700.0,753.0
880.0,881.0,671.0,700.0,753.0,468.0
881.0,671.0,700.0,753.0,468.0,523.0
671.0,700.0,753.0,468.0,523.0,683.0
700.0,753.0,468.0,523.0,683.0,518.0
753.0,468.0,523.0,683.0,518.0,591.0
468.0,523.0,683.0,518.0,591.0,598.0
523.0,683.0,518.0,591.0,598.0,679.0
683.0,518.0,591.0,598.0,679.0,702.0
518.0,591.0,598.0,679.0,702.0,757.0
591.0,598.0,679.0,702.0,757.0,796.0
598.0,679.0,702.0,757.0,796.0,756.0
679.0,702.0,757.0,796.0,756.0,801.0
702.0,757.0,796.0,756.0,801.0,592.0
757.0,796.0,756.0,801.0,592.0,780.0
796.0,756.0,801.0,592.0,780.0,798.0
756.0,801.0,592.0,780.0,798.0,793.0
801.0,592.0,780.0,798.0,793.0,957.0
592.0,780.0,798.0,793.0,957.0,1066.0
780.0,798.0,793.0,957.0,1066.0,1038.0
798.0,793.0,957.0,1066.0,1038.0,817.0
793.0,957.0,1066.0,1038.0,817.0,853.0
957.0,1066.0,1038.0,817.0,853.0,633.0
1066.0,1038.0,817.0,853.0,633.0,758.0
1038.0,817.0,853.0,633.0,758.0,549.0
817.0,853.0,633.0,758.0,549.0,642.0
853.0,633.0,758.0,549.0,642.0,694.0
633.0,758.0,549.0,642.0,694.0,545.0
758.0,549.0,642.0,694.0,545.0,651.0
549.0,642.0,694.0,545.0,651.0,582.0
642.0,694.0,545.0,651.0,582.0,695.0
694.0,545.0,651.0,582.0,695.0,586.0
545.0,651.0,582.0,695.0,586.0,728.0
651.0,582.0,695.0,586.0,728.0,530.0
582.0,695.0,586.0,728.0,530.0,442.0
695.0,586.0,728.0,530.0,442.0,619.0
586.0,728.0,530.0,442.0,619.0,697.0
728.0,530.0,442.0,619.0,697.0,523.0
530.0,442.0,619.0,697.0,523.0,682.0
442.0,619.0,697.0,523.0,682.0,497.0
619.0,697.0,523.0,682.0,497.0,567.0
697.0,523.0,682.0,497.0,567.0,446.0
523.0,682.0,497.0,567.0,446.0,556.0
682.0,497.0,567.0,446.0,556.0,558.0
497.0,567.0,446.0,556.0,558.0,263.0
