0.100000 	 0.100000 
0.102690 	 0.107774 
0.115062 	 0.124449 
0.135899 	 0.149438 
0.165146 	 0.183148 
0.203616 	 0.226762 
0.252843 	 0.282161 
0.315061 	 0.351938 
0.393242 	 0.439478 
0.491215 	 0.549092 
0.613827 	 0.686220 
0.767170 	 0.857678 
0.958867 	 1.071986 
1.198432 	 1.339762 
1.497707 	 1.674199 
1.871379 	 2.091627 
2.337575 	 2.612131 
2.918494 	 3.260172 
3.640987 	 4.065075 
4.536869 	 5.061064 
5.642543 	 6.286264 
6.997085 	 7.779504 
8.637282 	 9.572927 
10.586992 	 11.677151 
12.837018 	 14.054718 
15.311222 	 16.578594 
17.818375 	 18.980528 
20.003532 	 20.816379 
21.343162 	 21.510662 
21.258490 	 20.550257 
19.383022 	 17.791869 
15.847285 	 13.645302 
11.293013 	 8.893678 
6.535289 	 4.284559 
2.186108 	 0.265229 
-1.467664 	 -3.012402 
-4.375076 	 -5.565017 
-6.592738 	 -7.468670 
-8.202512 	 -8.803019 
-9.278063 	 -9.634875 
-9.880365 	 -10.021456 
-10.065382 	 -10.019908 
-9.893459 	 -9.695133 
-9.434622 	 -9.122040 
-8.767685 	 -8.381777 
-7.974187 	 -7.554185 
-7.130235 	 -6.709845 
-6.299474 	 -5.904496 
-5.529215 	 -5.176925 
-4.849995 	 -4.549975 
-4.277717 	 -4.033489 
-3.817096 	 -3.627984 
-3.465337 	 -3.328165 
-3.215378 	 -3.125840 
-3.058429 	 -3.012066 
-2.985755 	 -2.978600 
-2.989824 	 -3.018782 
-3.064964 	 -3.128000 
-3.207663 	 -3.303866 
-3.416657 	 -3.546217 
-3.692853 	 -3.856989 
-4.039160 	 -4.239998 
-4.460221 	 -4.700614 
-4.962012 	 -5.245273 
-5.551251 	 -5.880749 
-6.234482 	 -6.613011 
-7.016675 	 -7.445506 
-7.899123 	 -8.376617 
-8.876408 	 -9.396097 
-9.932293 	 -10.480441 
-11.034653 	 -11.587559 
-12.130196 	 -12.651976 
-13.140746 	 -13.582994 
-13.964216 	 -14.269482 
-14.484183 	 -14.594955 
-14.590695 	 -14.463580 
-14.209965 	 -13.831006 
-13.332911 	 -12.726726 
-12.027673 	 -11.254108 
-10.426239 	 -9.564777 
-8.689682 	 -7.819140 
-6.968845 	 -6.151585 
-5.377134 	 -4.652360 
-3.981493 	 -3.366499 
-2.807472 	 -2.303038 
-1.850722 	 -1.447274 
-1.088939 	 -0.771679 
-0.491350 	 -0.243832 
-0.025126 	 0.168578 
0.340862 	 0.495053 
0.634217 	 0.761160 
0.878440 	 0.988380 
1.093095 	 1.194507 
1.294372 	 1.394304 
1.495799 	 1.600256 
1.709000 	 1.823302 
1.944400 	 2.073515 
2.211866 	 2.360692 
2.521256 	 2.694866 
2.882880 	 3.086717 
3.307860 	 3.547867 
3.808363 	 4.091039 
4.397644 	 4.729965 
5.089804 	 5.478936 
5.899064 	 6.351740 
6.838283 	 7.359650 
7.916294 	 8.507971 
9.133517 	 9.790574 
10.475285 	 11.181945 
11.902647 	 12.626928 
13.341479 	 14.029962 
14.673037 	 15.248653 
15.732734 	 16.100294 
16.327014 	 16.391212 
16.276022 	 15.971500 
15.476306 	 14.798578 
13.955772 	 12.973384 
11.882729 	 10.718167 
9.514233 	 8.303113 
7.112784 	 5.965917 
4.879517 	 3.865137 
2.929477 	 2.075179 
1.301679 	 0.606016 
-0.016459 	 -0.571493 
-1.065458 	 -1.504996 
-1.896755 	 -2.247201 
-2.562491 	 -2.848401 
-3.110279 	 -3.353031 
-3.581125 	 -3.798603 
-4.009107 	 -4.215907 
-4.421928 	 -4.629781 
-4.841789 	 -5.060015 
-5.286277 	 -5.522163 
-5.769044 	 -6.028075 
-6.300189 	 -6.586089 
-6.886226 	 -7.200776 
-7.529602 	 -7.872213 
-8.227716 	 -8.594757 
-8.971467 	 -9.355393 
-9.743449 	 -10.131857 
-10.516120 	 -10.891004 
-11.250559 	 -11.588183 
-11.896735 	 -12.168708 
-12.396464 	 -12.572530 
-12.689952 	 -12.742672 
-12.725923 	 -12.636587 
-12.473501 	 -12.237647 
-11.932221 	 -11.562552 
-11.135873 	 -10.660969 
-10.147724 	 -9.606624 
-9.048257 	 -8.482856 
-7.919909 	 -7.367877 
-6.833998 	 -6.324203 
-5.843110 	 -5.394082 
-4.979340 	 -4.600103 
-4.256742 	 -3.948940 
-3.675841 	 -3.436191 
-3.228461 	 -3.050950 
-2.901878 	 -2.779456 
-2.681943 	 -2.607689 
-2.555170 	 -2.523010 
-2.509995 	 -2.515086 
-2.537417 	 -2.576302 
-2.631229 	 -2.701859 
-2.788018 	 -2.889693 
-3.007027 	 -3.140307 
-3.289963 	 -3.456555 
-3.640770 	 -3.843406 
-4.065367 	 -4.307646 
-4.571310 	 -4.857476 
-5.167290 	 -5.501884 
-5.862342 	 -6.249638 
-6.664570 	 -7.107675 
-7.579122 	 -8.078589 
-8.605109 	 -9.156896 
-9.731150 	 -10.323835 
-10.929461 	 -11.540853 
-12.148969 	 -12.742756 
-13.309126 	 -13.833060 
-14.297923 	 -14.686006 
-14.979340 	 -15.160764 
-15.215188 	 -15.130953 
-14.901112 	 -14.524452 
-14.006053 	 -13.357256 
-12.594996 	 -11.740570 
-10.818007 	 -9.852293 
-8.867689 	 -7.886337 
-6.927278 	 -6.005911 
-5.133842 	 -4.319051 
-3.566263 	 -2.877440 
-2.252307 	 -1.688863 
-1.183849 	 -0.733140 
-0.332078 	 0.024268 
0.340906 	 0.622767 
0.874608 	 1.100939 
1.305983 	 1.493657 
1.667568 	 1.831023 
1.987043 	 2.138389 
2.287584 	 2.436946 
2.588607 	 2.744551 
2.906631 	 3.076598 
3.256122 	 3.446809 
3.650219 	 3.867877 
4.101281 	 4.351907 
4.621204 	 4.910591 
5.221436 	 5.555036 
5.912582 	 6.295111 
6.703448 	 7.138125 
7.599291 	 8.086593 
8.599038 	 9.134831 
9.691201 	 10.264201 
10.848504 	 11.437214 
12.021694 	 12.591464 
13.134178 	 13.635751 
14.080649 	 14.452402 
14.734350 	 14.910604 
14.967194 	 14.893280 
14.682311 	 14.332940 
13.849546 	 13.242239 
12.526301 	 11.721120 
10.848761 	 9.932382 
8.994697 	 8.056681 
7.136618 	 6.249537 
5.407010 	 4.617237 
3.885347 	 3.213815 
2.602929 	 2.051262 
1.556106 	 1.113849 
0.720294 	 0.370921 
0.061081 	 -0.213851 
-0.458363 	 -0.676737 
-0.872998 	 -1.050891 
-1.213874 	 -1.365118 
-1.507524 	 -1.643739 
-1.776182 	 -1.907068 
-2.038432 	 -2.172162 
-2.310019 	 -2.453663 
-2.604678 	 -2.764594 
-2.934900 	 -3.117067 
-3.312560 	 -3.522849 
-3.749414 	 -3.993755 
-4.257384 	 -4.541826 
-4.848602 	 -5.179208 
-5.535088 	 -5.917592 
-6.327914 	 -6.767028 
-7.235588 	 -7.733816 
-8.261357 	 -8.817113 
-9.399042 	 -10.003938 
-10.627179 	 -11.262478 
-11.901637 	 -12.534343 
-13.148035 	 -13.727904 
-14.257073 	 -14.717019 
-15.088276 	 -15.351451 
-15.488516 	 -15.484291 
-15.327980 	 -15.014525 
-14.545568 	 -13.929811 
-13.182646 	 -12.325079 
-11.382076 	 -10.380600 
-9.347623 	 -8.308376 
-7.285042 	 -6.295936 
-5.355184 	 -4.472796 
-3.655021 	 -2.904872 
-2.222718 	 -1.606867 
-1.054108 	 -0.560177 
-0.120143 	 0.271288 
0.619529 	 0.929949 
1.207739 	 1.457836 
1.684871 	 1.893142 
2.086611 	 2.268908 
2.443350 	 2.612960 
2.780500 	 2.948491 
3.119249 	 3.294911 
3.477457 	 3.668740 
3.870501 	 4.084389 
4.311970 	 4.554738 
4.814116 	 5.091452 
5.388006 	 5.704932 
6.043250 	 6.403803 
6.787211 	 7.193799 
7.623521 	 8.075858 
8.549711 	 9.043264 
9.553844 	 10.077769 
10.610191 	 11.144955 
11.674482 	 12.189702 
12.680063 	 13.133650 
13.537431 	 13.877670 
14.140513 	 14.312728 
14.382582 	 14.340771 
14.181312 	 13.902275 
13.506241 	 13.000400 
12.396230 	 11.708792 
10.955723 	 10.156048 
9.328978 	 8.492818 
7.664099 	 6.856979 
6.082930 	 5.350660 
4.666244 	 4.033376 
3.453706 	 2.927206 
2.452523 	 2.027316 
1.648543 	 1.312713 
1.016081 	 0.754810 
0.525090 	 0.323227 
0.145707 	 -0.010771 
-0.149266 	 -0.272589 
-0.383307 	 -0.483749 
-0.576020 	 -0.662023 
-0.743475 	 -0.821931 
-0.898803 	 -0.975383 
-1.052865 	 -1.132362 
-1.214926 	 -1.301566 
-1.393264 	 -1.490993 
-1.595726 	 -1.708456 
-1.830206 	 -1.962042 
-2.105083 	 -2.260512 
-2.429588 	 -2.613653 
-2.814140 	 -3.032580 
-3.270604 	 -3.529946 
-3.812443 	 -4.120022 
-4.454690 	 -4.818512 
-5.213575 	 -5.641938 
-6.105568 	 -6.606246 
-7.145446 	 -7.724180 
-8.342797 	 -9.000735 
-9.696218 	 -10.425897 
-11.184441 	 -11.964086 
-12.754177 	 -13.540742 
-14.306175 	 -15.029122 
-15.684680 	 -16.245053 
-16.680759 	 -16.962454 
-17.063321 	 -16.961830 
-16.644504 	 -16.108216 
-15.361501 	 -14.424490 
-13.327350 	 -12.107452 
-10.805770 	 -9.463198 
-8.117375 	 -6.800428 
-5.537769 	 -4.347828 
-3.242511 	 -2.228084 
-1.306242 	 -0.475196 
0.269342 	 0.933334 
1.523744 	 2.048030 
2.513775 	 2.928410 
3.299049 	 3.632363 
3.934527 	 4.211181 
4.467435 	 4.707872 
4.936577 	 5.157164 
5.372806 	 5.586267 
5.799930 	 6.015827 
6.235657 	 6.460807 
6.692363 	 6.931117 
7.177569 	 7.431925 
7.694087 	 7.963642 
8.239845 	 8.521603 
8.807454 	 9.095552 
9.383651 	 9.669099 
9.948845 	 10.219449 
10.477119 	 10.717766 
10.937082 	 11.130641 
11.294027 	 11.422986 
11.513595 	 11.562437 
11.566785 	 11.524762 
11.435482 	 11.299149 
11.117106 	 10.891826 
10.626841 	 10.326618 
9.996388 	 9.641934 
9.269364 	 8.884891 
8.494608 	 8.104308 
7.719332 	 7.344453 
6.983806 	 6.640861 
6.318417 	 6.018634 
5.743083 	 5.492804 
5.268385 	 5.070029 
4.897631 	 4.750845 
4.629154 	 4.531919 
4.458435 	 4.407970 
4.379800 	 4.373240 
4.387660 	 4.422505 
4.477303 	 4.551676 
4.645335 	 4.758084 
4.889811 	 5.040484 
5.210136 	 5.398848 
5.606737 	 5.833927 
6.080524 	 6.346583 
6.632073 	 6.936827 
7.260495 	 7.602486 
7.961899 	 8.337451 
8.727399 	 9.129457 
9.540710 	 9.957532 
10.375520 	 10.789437 
11.193188 	 11.579843 
11.941702 	 12.270432 
12.557285 	 12.793386 
12.970108 	 13.079506 
13.114796 	 13.070837 
12.944557 	 12.735303 
12.445039 	 12.078365 
11.642356 	 11.146210 
10.600750 	 10.017838 
9.409740 	 8.788535 
8.165587 	 7.551143 
6.954051 	 6.381614 
5.839547 	 5.332039 
4.861878 	 4.430610 
4.038739 	 3.685911 
3.371105 	 3.092806 
2.849151 	 2.638064 
2.457360 	 2.304834 
2.178325 	 2.075775 
1.995260 	 1.935019 
1.893470 	 1.869221 
1.861070 	 1.868008 
1.889215 	 1.924052 
1.972059 	 2.032941 
2.106568 	 2.192965 
2.292303 	 2.404899 
2.531206 	 2.671810 
2.827427 	 2.998899 
3.187187 	 3.393371 
3.618639 	 3.864285 
4.131693 	 4.422324 
4.737695 	 5.079355 
5.448841 	 5.847635 
6.277095 	 6.738373 
7.232308 	 7.759297 
8.319122 	 8.910762 
9.532152 	 10.179919 
10.849081 	 11.532737 
12.221757 	 12.904520 
13.566736 	 14.191424 
14.759116 	 15.248366 
15.636617 	 15.901468 
16.022289 	 15.982076 
15.769335 	 15.379704 
14.817013 	 14.093527 
13.229246 	 12.250322 
11.186838 	 10.070313 
8.931323 	 7.797553 
6.692467 	 5.634625 
4.637580 	 3.710197 
2.857243 	 2.080106 
1.377522 	 0.746267 
0.181744 	 -0.321519 
-0.769486 	 -1.168304 
-1.524095 	 -1.842792 
-2.130039 	 -2.391129 
-2.630968 	 -2.854065 
-3.064539 	 -3.266135 
-3.462245 	 -3.655940 
-3.849996 	 -4.046923 
-4.248997 	 -4.458277 
-4.676632 	 -4.905756 
-5.147177 	 -5.402265 
-5.672227 	 -5.958102 
-6.260744 	 -6.580795 
-6.918650 	 -7.274415 
-7.647851 	 -8.038306 
-8.444644 	 -8.865159 
-9.297483 	 -9.738496 
-10.184235 	 -10.629820 
-11.069396 	 -11.496111 
-11.902153 	 -12.278842 
-12.616809 	 -12.906265 
-13.137371 	 -13.300696 
-13.387743 	 -13.391519 
-13.307085 	 -13.132034 
-12.866833 	 -12.514976 
-12.082917 	 -11.579772 
-11.016818 	 -10.406842 
-9.763418 	 -9.100182 
-8.430173 	 -7.765304 
-7.115979 	 -6.490871 
-5.896837 	 -5.338960 
-4.820677 	 -4.343961 
-3.909542 	 -3.517130 
-3.165637 	 -2.853374 
-2.578235 	 -2.337847 
-2.129695 	 -1.951226 
-1.799927 	 -1.673383 
-1.569322 	 -1.485648 
-1.420450 	 -1.372020 
-1.338854 	 -1.319646 
-1.313290 	 -1.318865 
-1.335629 	 -1.363013 
-1.400606 	 -1.448147 
-1.505520 	 -1.572745 
-1.649969 	 -1.737466 
-1.835629 	 -1.944970 
-2.066117 	 -2.199812 
-2.346916 	 -2.508404 
-2.685367 	 -2.879016 
-3.090680 	 -3.321803 
-3.573945 	 -3.848772 
-4.148049 	 -4.473623 
-4.827399 	 -5.211304 
-5.627243 	 -6.077032 
-6.562313 	 -7.084440 
-7.644332 	 -8.242291 
-8.877774 	 -9.549114 
-10.253194 	 -10.985072 
-11.737578 	 -12.500890 
-13.262146 	 -14.005153 
-14.710254 	 -15.354493 
-15.912147 	 -16.355769 
-16.657761 	 -16.792479 
-16.738692 	 -16.482126 
-16.017667 	 -15.350765 
-14.497686 	 -13.484414 
-12.344346 	 -11.115165 
-9.835468 	 -8.541696 
-7.265798 	 -6.033814 
-4.865356 	 -3.773796 
-2.766947 	 -1.847984 
-1.016436 	 -0.269130 
0.398987 	 0.994178 
1.523376 	 1.993785 
2.412592 	 2.786757 
3.122885 	 3.427140 
3.705206 	 3.962265 
4.203011 	 4.431657 
4.651966 	 4.867281 
5.080550 	 5.294358 
5.510959 	 5.732290 
5.959998 	 6.195450 
6.439744 	 6.693706 
6.957890 	 7.232570 
7.517716 	 7.812979 
8.117662 	 8.430689 
8.750571 	 9.075376 
9.402694 	 9.729617 
10.052720 	 10.368068 
10.671232 	 10.957339 
11.221152 	 11.457186 
11.659855 	 11.823663 
11.943424 	 12.014501 
12.033057 	 11.996296 
11.902669 	 11.752034 
11.545747 	 11.286662 
10.979058 	 10.628464 
10.241427 	 9.825218 
9.387521 	 8.936110 
8.478561 	 8.021993 
7.572875 	 7.136884 
6.718827 	 6.322618 
5.951292 	 5.607067 
5.291415 	 5.005165 
4.748599 	 4.521555 
4.323525 	 4.153746 
4.011277 	 3.895074 
3.804044 	 3.737098 
3.693189 	 3.671340 
3.670672 	 3.690419 
3.729939 	 3.788719 
3.866380 	 3.962675 
4.077489 	 4.210825 
4.362805 	 4.533653 
4.723682 	 4.933281 
5.162892 	 5.412988 
5.684044 	 5.976504 
6.290736 	 6.626986 
6.985322 	 7.365558 
7.767180 	 8.189253 
8.630314 	 9.088261 
9.560230 	 10.042470 
10.530222 	 11.017615 
11.497591 	 11.961877 
12.401023 	 12.804537 
13.161123 	 13.459052 
13.686655 	 13.832942 
13.888301 	 13.845229 
13.699017 	 13.448305 
13.095418 	 12.646432 
12.110920 	 11.501415 
10.832630 	 10.120542 
9.381450 	 8.631089 
7.883911 	 7.152553 
6.447524 	 5.777088 
5.147300 	 4.562177 
4.023936 	 3.533269 
3.089637 	 2.691544 
2.336790 	 2.022687 
1.746249 	 1.504336 
1.293776 	 1.111456 
0.954384 	 0.819742 
0.704906 	 0.607474 
0.525262 	 0.456308 
0.398866 	 0.351391 
0.312530 	 0.281106 
0.256101 	 0.236641 
0.221986 	 0.211508 
0.204686 	 0.201087 
0.200360 	 0.202226 
0.206469 	 0.212926 
0.221486 	 0.232081 
0.244684 	 0.259305 
0.275986 	 0.294802 
0.315860 	 0.339297 
0.365279 	 0.394002 
0.425697 	 0.460623 
0.499079 	 0.541398 
0.587954 	 0.639165 
0.695497 	 0.757468 
0.825653 	 0.900688 
0.983281 	 1.074214 
1.174353 	 1.284655 
1.406179 	 1.540094 
1.687687 	 1.850381 
2.029738 	 2.227474 
2.445472 	 2.685790 
2.950667 	 3.242537 
3.564021 	 3.917934 
4.307260 	 4.735138 
5.204810 	 5.719559 
6.282610 	 6.896988 
7.565324 	 8.289592 
9.070758 	 9.908328 
10.799781 	 11.739874 
12.719825 	 13.726408 
14.741025 	 15.738871 
16.688395 	 17.551303 
18.283432 	 18.836799 
19.163049 	 19.218236 
18.968508 	 18.395770 
17.502034 	 16.311176 
14.867273 	 13.229610 
11.465447 	 9.642248 
7.821053 	 6.052089 
4.372881 	 2.808458 
1.372934 	 0.071727 
-1.096138 	 -2.135974 
-3.055758 	 -3.864883 
-4.573259 	 -5.190721 
-5.726657 	 -6.189794 
-6.588106 	 -6.928785 
-7.218270 	 -7.462293 
-7.665949 	 -7.833764 
-7.969767 	 -8.077558 
-8.160369 	 -8.221114 
-8.262444 	 -8.286778 
-8.296341 	 -8.293188 
-8.279226 	 -8.256230 
-8.225857 	 -8.189650 
-8.149051 	 -8.105402 
-8.059946 	 -8.013835 
-7.968129 	 -7.923793 
-7.881708 	 -7.842664 
-7.807366 	 -7.776435 
-7.750412 	 -7.729757 
-7.714855 	 -7.706017 
-7.703484 	 -7.707429 
-7.717958 	 -7.735117 
-7.758887 	 -7.789192 
-7.825900 	 -7.868817 
-7.917699 	 -7.972243 
-8.032092 	 -8.096835 
-8.166007 	 -8.239087 
-8.315504 	 -8.394632 
-8.475795 	 -8.558271 
-8.641290 	 -8.724043 
-8.805684 	 -8.885341 
-8.962120 	 -9.035116 
-9.103427 	 -9.166163 
-9.222460 	 -9.271498 
-9.312513 	 -9.344814 
-9.367799 	 -9.380971 
-9.383949 	 -9.376481 
-9.358456 	 -9.329908 
-9.291018 	 -9.242120 
-9.183693 	 -9.116354 
-9.040852 	 -8.958049 
-8.868909 	 -8.774476 
-8.675859 	 -8.574207 
-8.470695 	 -8.366500 
-8.262783 	 -8.160676 
-8.061263 	 -7.965570 
-7.874557 	 -7.789106 
-7.710016 	 -7.638003 
-7.573698 	 -7.517642 
-7.470294 	 -7.432029 
-7.403145 	 -7.383861 
-7.374326 	 -7.374620 
-7.384757 	 -7.404690 
-7.434310 	 -7.473450 
-7.521885 	 -7.579333 
-7.645453 	 -7.719844 
-7.802044 	 -7.891524 
-7.987690 	 -8.089879 
-8.197353 	 -8.309297 
-8.424821 	 -8.542956 
-8.662652 	 -8.782787 
-8.902163 	 -9.019519 
-9.133537 	 -9.242856 
-9.346086 	 -9.441830 
-9.528703 	 -9.605359 
-9.670518 	 -9.722996 
-9.761732 	 -9.785824 
-9.794551 	 -9.787403 
-9.764099 	 -9.724607 
-9.669150 	 -9.598212 
-9.512529 	 -9.413082 
-9.301073 	 -9.177899 
-9.045122 	 -8.904436 
-8.757622 	 -8.606517 
-8.452974 	 -8.298822 
-8.145842 	 -7.995733 
-7.850090 	 -7.710388 
-7.577969 	 -7.454034 
-7.339637 	 -7.235690 
-7.142965 	 -7.062099 
-6.993606 	 -6.937884 
-6.895223 	 -6.865821 
-6.849789 	 -6.847163 
-6.857909 	 -6.881933 
-6.919081 	 -6.969150 
-7.031880 	 -7.106964 
-7.194037 	 -7.292678 
-7.402406 	 -7.522665 
-7.652828 	 -7.792178 
-7.939903 	 -8.095086 
-8.256694 	 -8.423568 
-8.594416 	 -8.767807 
-8.942166 	 -9.115775 
-9.286780 	 -9.453197 
-9.612934 	 -9.763811 
-9.903592 	 -10.030027 
-10.140895 	 -10.234061 
-10.307531 	 -10.359517 
-10.388496 	 -10.393272 
-10.373030 	 -10.327380 
-10.256386 	 -10.160590 
-10.041005 	 -9.899100 
-9.736768 	 -9.556269 
-9.360170 	 -9.151274 
-8.932535 	 -8.706987 
-8.477658 	 -8.247504 
-8.019350 	 -7.795832 
-7.579366 	 -7.372116 
-7.175981 	 -6.992593 
-6.823317 	 -6.669268 
-6.531325 	 -6.410155 
-6.306237 	 -6.219885 
-6.151277 	 -6.100473 
-6.067445 	 -6.052087 
-6.054242 	 -6.073707 
-6.110249 	 -6.163615 
-6.233528 	 -6.319697 
-6.421811 	 -6.539535 
-6.672504 	 -6.820308 
-6.982483 	 -7.158494 
-7.347715 	 -7.549406 
-7.762696 	 -7.986550 
-8.219750 	 -8.460865 
-8.708228 	 -8.959911 
-9.213710 	 -9.467129 
-9.717374 	 -9.961369 
-10.195764 	 -10.416982 
-10.621267 	 -10.804764 
-10.963608 	 -11.094039 
-11.192531 	 -11.255928 
-11.281589 	 -11.267520 
-11.212497 	 -11.116162 
-10.979079 	 -10.802758 
-10.589628 	 -10.342963 
-10.066769 	 -9.765640 
-9.444587 	 -9.108855 
-8.763747 	 -8.414452 
-8.065902 	 -7.722655 
-7.388800 	 -7.067912 
-6.763015 	 -6.476586 
-6.210578 	 -5.966452 
-5.745229 	 -5.547546 
-5.373713 	 -5.223772 
-5.097558 	 -4.994743 
-4.914891 	 -4.857498 
-4.822024 	 -4.807926 
-4.814678 	 -4.841795 
-4.888840 	 -4.955436 
-5.041270 	 -5.146092 
-5.269711 	 -5.411990 
-5.572834 	 -5.752175 
-5.949956 	 -6.166107 
-6.400517 	 -6.653008 
-6.923293 	 -7.210940 
-7.515320 	 -7.835558 
-8.170475 	 -8.518526 
-8.877735 	 -9.245629 
-9.619181 	 -9.994748 
-10.368035 	 -10.734073 
-11.087227 	 -11.421241 
-11.729330 	 -12.004329 
-12.238896 	 -12.425773 
-12.558101 	 -12.629776 
-12.635806 	 -12.572672 
-12.438623 	 -12.233894 
-11.960816 	 -11.623782 
-11.229081 	 -10.784607 
-10.299466 	 -9.783519 
-9.246909 	 -8.699614 
-8.151050 	 -7.609767 
-7.083223 	 -6.577669 
-6.098105 	 -5.648310 
-5.230929 	 -4.847593 
-4.499057 	 -4.185351 
-3.905925 	 -3.659786 
-3.445625 	 -3.261921 
-3.107036 	 -2.979290 
-2.877027 	 -2.798657 
-2.742694 	 -2.707789 
-2.692739 	 -2.696508 
-2.718226 	 -2.757199 
-2.812901 	 -2.884978 
-2.973240 	 -3.077653 
-3.198341 	 -3.335569 
-3.489743 	 -3.661395 
-3.851179 	 -4.059857 
-4.288285 	 -4.537399 
-4.808193 	 -5.101697 
-5.418944 	 -5.760931 
-6.128569 	 -6.522626 
-6.943644 	 -7.391856 
-7.867066 	 -8.368521 
-8.894756 	 -9.443418 
-10.011071 	 -10.592994 
-11.182974 	 -11.773119 
-12.353717 	 -12.913170 
-13.438042 	 -13.913272 
-14.322585 	 -14.649132 
-14.876375 	 -14.989165 
-14.974963 	 -14.825051 
-14.535602 	 -14.108402 
-13.551105 	 -12.876921 
-12.103748 	 -11.252866 
-10.347371 	 -9.410570 
-8.464540 	 -7.529009 
-6.620603 	 -5.752503 
-4.934407 	 -4.172760 
-3.471132 	 -2.830680 
-2.250633 	 -1.728744 
-1.261703 	 -0.845481 
-0.475623 	 -0.147467 
0.143681 	 0.402420 
0.633165 	 0.840090 
1.027094 	 1.197788 
1.355490 	 1.503241 
1.643816 	 1.779750 
1.913361 	 2.046780 
2.181970 	 2.320763 
2.464875 	 2.615937 
2.775515 	 2.945128 
3.126267 	 3.320409 
3.529031 	 3.753615 
3.995653 	 4.256652 
4.538120 	 4.841565 
5.168464 	 5.520244 
5.898235 	 6.303620 
6.737361 	 7.200112 
7.692106 	 8.213019 
8.761803 	 9.336498 
9.934014 	 10.549892 
11.178060 	 11.810591 
12.437503 	 13.046626 
13.623595 	 14.152004 
14.613804 	 14.989964 
15.261430 	 15.410358 
15.421552 	 15.283947 
14.991955 	 14.546451 
13.955187 	 13.232519 
12.398432 	 11.476998 
10.494492 	 9.477444 
8.450907 	 7.437112 
6.454604 	 5.517864 
4.637326 	 3.819683 
3.068377 	 2.384169 
1.765711 	 1.210081 
0.713252 	 0.270480 
-0.123383 	 -0.473642 
-0.785587 	 -1.064354 
-1.314842 	 -1.541659 
-1.749093 	 -1.941097 
-2.121303 	 -2.293028 
-2.459301 	 -2.622886 
-2.786312 	 -2.951900 
-3.121791 	 -3.297974 
-3.482309 	 -3.676549 
-3.882359 	 -4.101328 
-4.334982 	 -4.584786 
-4.852145 	 -5.138395 
-5.444791 	 -5.772481 
-6.122473 	 -6.495592 
-6.892418 	 -7.313215 
-7.757843 	 -8.225646 
-8.715333 	 -9.224833 
-9.751138 	 -10.290140 
-10.836470 	 -11.383345 
-11.922458 	 -12.443921 
-12.936303 	 -13.386789 
-13.781487 	 -14.105925 
-14.345719 	 -14.487422 
-14.519482 	 -14.433234 
-14.223811 	 -13.890838 
-13.438796 	 -12.876958 
-12.218891 	 -11.481565 
-10.684175 	 -9.846853 
-8.989414 	 -8.130282 
-7.285687 	 -6.469164 
-5.691342 	 -4.959976 
-4.280154 	 -3.654622 
-3.084160 	 -2.567971 
-2.104051 	 -1.689519 
-1.320902 	 -0.994370 
-0.705921 	 -0.451529 
-0.227250 	 -0.029298 
0.145901 	 0.301685 
0.441135 	 0.567076 
0.682086 	 0.788504 
0.888453 	 0.983859 
1.076472 	 1.167891 
1.259588 	 1.352925 
1.449183 	 1.549575 
1.655273 	 1.767419 
1.887148 	 2.015599 
2.153931 	 2.303340 
2.465064 	 2.640403 
2.830717 	 3.037446 
3.262107 	 3.506299 
3.771705 	 4.060083 
4.373260 	 4.713112 
5.081534 	 5.480407 
5.911534 	 6.376575 
6.876943 	 7.413675 
7.987278 	 8.597519 
9.243184 	 9.921781 
10.629207 	 11.359369 
12.103791 	 12.851236 
13.587384 	 14.294649 
14.952211 	 15.536377 
16.021360 	 16.380554 
16.588318 	 16.622173 
16.465199 	 16.108302 
15.551918 	 14.806788 
13.893525 	 12.840964 
11.683544 	 10.458191 
9.201225 	 7.945774 
6.719972 	 5.546025 
4.440044 	 3.412448 
2.468723 	 1.610332 
0.835638 	 0.140754 
-0.479739 	 -1.032205 
-1.523496 	 -1.960614 
-2.350462 	 -2.699683 
-3.014544 	 -3.300875 
-3.564040 	 -3.808927 
-4.039957 	 -4.261108 
-4.475936 	 -4.687607 
-4.898928 	 -5.112373 
-5.330111 	 -5.554026 
-5.785735 	 -6.026601 
-6.277735 	 -6.539999 
-6.813997 	 -7.100061 
-7.398229 	 -7.708221 
-8.029401 	 -8.360740 
-8.700776 	 -9.047566 
-9.398647 	 -9.750995 
-10.101004 	 -10.444466 
-10.776586 	 -11.092022 
-11.384959 	 -11.649230 
-11.878473 	 -12.066350 
-12.206792 	 -12.294290 
-12.324189 	 -12.292989 
-12.198610 	 -12.040592 
-11.820228 	 -11.540580 
-11.206394 	 -10.823909 
-10.400568 	 -9.944672 
-9.464993 	 -8.970390 
-8.469458 	 -7.970224 
-7.479916 	 -7.004809 
-6.550140 	 -6.120090 
-5.717821 	 -5.345550 
-5.004652 	 -4.695777 
-4.418975 	 -4.173812 
-3.959490 	 -3.774946 
-3.618945 	 -3.490155 
-3.387214 	 -3.308780 
-3.253575 	 -3.220418 
-3.208242 	 -3.216118 
-3.243262 	 -3.289043 
-3.352982 	 -3.434757 
-3.534192 	 -3.651261 
-3.786074 	 -3.938870 
-4.110012 	 -4.299968 
-4.509302 	 -4.738652 
-4.988717 	 -5.260225 
-5.553907 	 -5.870458 
-6.210494 	 -6.574496 
-6.962741 	 -7.375228 
-7.811579 	 -8.270932 
-8.751813 	 -9.251997 
-9.768355 	 -10.296695 
-10.831605 	 -11.366317 
-11.892604 	 -12.400736 
-12.879524 	 -13.316489 
-13.698169 	 -14.010604 
-14.239988 	 -14.373474 
-14.400094 	 -14.311691 
-14.103771 	 -13.776150 
-13.333275 	 -12.784161 
-12.141906 	 -11.422843 
-10.645429 	 -9.829029 
-8.992726 	 -8.154306 
-7.329483 	 -6.531418 
-5.770507 	 -5.054392 
-4.388156 	 -3.774618 
-3.214687 	 -2.707733 
-2.251939 	 -1.844617 
-1.482486 	 -1.161903 
-0.879038 	 -0.630028 
-0.411076 	 -0.218532 
-0.048943 	 0.100914 
0.234017 	 0.353093 
0.460628 	 0.558872 
0.649863 	 0.735439 
0.817265 	 0.896849 
0.975570 	 1.054694 
1.135397 	 1.218784 
1.305907 	 1.397784 
1.495415 	 1.599796 
1.711934 	 1.832860 
1.963644 	 2.105405 
2.259320 	 2.426640 
2.608691 	 2.806891 
3.022749 	 3.257873 
3.513972 	 3.792852 
4.096411 	 4.426625 
4.785527 	 5.175173 
5.597599 	 6.054752 
6.548406 	 7.080042 
7.650702 	 8.260796 
8.909859 	 9.596268 
10.316887 	 11.066679 
11.838260 	 12.621458 
13.402887 	 14.165620 
14.889056 	 15.549068 
16.118591 	 16.568728 
16.870465 	 16.996934 
16.926085 	 16.643411 
16.144287 	 15.435412 
14.534955 	 13.471248 
12.280173 	 11.001732 
9.676412 	 8.341974 
7.031077 	 5.769929 
4.577881 	 3.467763 
2.446688 	 1.517080 
0.677744 	 -0.075152 
-0.747231 	 -1.345222 
-1.876436 	 -2.348368 
-2.768418 	 -3.143700 
-3.480918 	 -3.786294 
-4.065531 	 -4.323808 
-4.565785 	 -4.795625 
-5.017022 	 -5.233231 
-5.447098 	 -5.661092 
-5.877328 	 -6.097596 
-6.323372 	 -6.555838 
-6.795884 	 -7.044113 
-7.300839 	 -7.566075 
-7.839523 	 -8.120553 
-8.408187 	 -8.701075 
-8.997471 	 -9.295219 
-9.591736 	 -9.884011 
-10.168608 	 -10.441699 
-10.699102 	 -10.936357 
-11.148821 	 -11.331794 
-11.480670 	 -11.591111 
-11.659237 	 -11.681824 
-11.656487 	 -11.581847 
-11.457657 	 -11.284878 
-11.065693 	 -10.803455 
-10.502573 	 -10.168339 
-9.806713 	 -9.424080 
-9.027005 	 -8.621988 
-8.215256 	 -7.812587 
-7.419175 	 -7.039545 
-6.677506 	 -6.336148 
-6.017864 	 -5.724406 
-5.456940 	 -5.216135 
-5.002233 	 -4.815133 
-4.654468 	 -4.519674 
-4.410051 	 -4.324824 
-4.263179 	 -4.224314 
-4.207458 	 -4.211905 
-4.237026 	 -4.282283 
-4.347237 	 -4.431552 
-4.534996 	 -4.657434 
-4.798823 	 -4.959203 
-5.138682 	 -5.337422 
-5.555618 	 -5.793470 
-6.051159 	 -6.328813 
-6.626459 	 -6.943985 
-7.281077 	 -7.637162 
-8.011331 	 -8.402264 
-8.808140 	 -9.226549 
-9.654394 	 -10.087808 
-10.522071 	 -10.951556 
-11.369702 	 -11.769037 
-12.141258 	 -12.477390 
-12.768030 	 -13.003678 
-13.175160 	 -13.274118 
-13.293541 	 -13.228292 
-13.075574 	 -12.835278 
-12.510171 	 -12.105867 
-11.630596 	 -11.094767 
-10.510382 	 -9.890365 
-9.247866 	 -8.595624 
-7.945429 	 -7.307721 
-6.691339 	 -6.103403 
-5.549323 	 -5.032895 
-4.556462 	 -4.121112 
-3.726891 	 -3.373012 
-3.058055 	 -2.780144 
-2.537102 	 -2.326575 
-2.146143 	 -1.993400 
-1.866018 	 -1.761795 
-1.678687 	 -1.614832 
-1.568558 	 -1.538394 
-1.523067 	 -1.521499 
-1.532801 	 -1.556268 
-1.591365 	 -1.637725 
-1.695136 	 -1.763535 
-1.843002 	 -1.933752 
-2.036132 	 -2.150617 
-2.277806 	 -2.418420 
-2.573301 	 -2.743413 
-2.929837 	 -3.133772 
-3.356532 	 -3.599540 
-3.864325 	 -4.152509 
-4.465792 	 -4.805927 
-5.174694 	 -5.573848 
-6.005070 	 -6.469877 
-6.969531 	 -7.504903 
-8.076310 	 -8.683311 
-9.324464 	 -9.997036 
-10.696670 	 -11.417025 
-12.149401 	 -12.882383 
-13.601561 	 -14.289382 
-14.925237 	 -15.485860 
-15.946148 	 -16.280452 
-16.464333 	 -16.476694 
-16.302061 	 -15.932680 
-15.370059 	 -14.625570 
-13.719926 	 -12.681509 
-11.543829 	 -10.342555 
-9.112595 	 -7.885691 
-6.688744 	 -5.542967 
-4.463738 	 -3.461002 
-2.539984 	 -1.702059 
-0.945625 	 -0.266911 
0.339337 	 0.879293 
1.359614 	 1.787111 
2.168512 	 2.510295 
2.818586 	 3.099094 
3.357076 	 3.597335 
3.824228 	 4.041679 
4.253212 	 4.461979 
4.670784 	 4.882118 
5.098183 	 5.320912 
5.551989 	 5.792861 
6.044742 	 6.308616 
6.585227 	 6.875066 
7.178347 	 7.494981 
7.824539 	 8.166207 
8.518737 	 8.880400 
9.248925 	 9.621457 
9.994503 	 10.363910 
10.724848 	 11.071831 
11.398771 	 11.699077 
11.965805 	 12.191868 
12.370293 	 12.494533 
12.558805 	 12.558445 
12.490236 	 12.352695 
12.146266 	 11.873415 
11.538581 	 11.148015 
10.709485 	 10.231896 
9.724850 	 9.198199 
8.661612 	 8.124202 
7.594239 	 7.078936 
6.584341 	 6.115295 
5.675467 	 5.267432 
4.892785 	 4.552282 
4.245974 	 3.973355 
3.733488 	 3.525128 
3.346827 	 3.197022 
3.074107 	 2.976497 
2.902674 	 2.851220 
2.820849 	 2.810418 
2.818945 	 2.845615 
2.889779 	 2.950957 
3.028836 	 3.123262 
3.234239 	 3.361917 
3.506589 	 3.668682 
3.848743 	 4.047435 
4.265517 	 4.503835 
4.763299 	 5.044861 
5.349486 	 5.678115 
6.031623 	 6.410761 
6.816085 	 7.247875 
7.706034 	 8.189964 
8.698426 	 9.229380 
9.779806 	 10.345513 
10.920940 	 11.498982 
12.070834 	 12.625909 
13.151849 	 13.634670 
14.059090 	 14.409059 
14.668517 	 14.822352 
14.857508 	 14.764151 
14.536733 	 14.174820 
13.683511 	 13.073362 
12.359777 	 11.561932 
10.701388 	 9.800571 
8.881332 	 7.963740 
7.065211 	 6.200008 
5.379068 	 4.610107 
3.897911 	 3.244742 
2.650783 	 2.114590 
1.633498 	 1.203989 
0.821989 	 0.483118 
0.182877 	 -0.083206 
-0.319467 	 -0.530045 
-0.718825 	 -0.889425 
-1.045180 	 -1.189148 
-1.324125 	 -1.452659 
-1.577079 	 -1.699511 
-1.821912 	 -1.946089 
-2.073733 	 -2.206432 
-2.345703 	 -2.493012 
-2.649788 	 -2.817446 
-2.997401 	 -3.191078 
-3.399927 	 -3.625426 
-3.869085 	 -4.132448 
-4.417086 	 -4.724582 
-5.056516 	 -5.414432 
-5.799798 	 -6.213951 
-6.658022 	 -7.132844 
-7.638835 	 -8.175849 
-8.743005 	 -9.338475 
-9.959245 	 -10.600855 
-11.257113 	 -11.919825 
-12.578545 	 -13.220407 
-13.830082 	 -14.389923 
-14.880363 	 -15.280631 
-15.569811 	 -15.728221 
-15.739036 	 -15.589990 
-15.274924 	 -14.794907 
-14.158710 	 -13.382457 
-12.488476 	 -11.503488 
-10.456432 	 -9.376253 
-8.289975 	 -7.221249 
-6.189483 	 -5.209508 
-4.291694 	 -3.442368 
-2.664408 	 -1.957900 
-1.320785 	 -0.749438 
-0.239171 	 0.215359 
0.619834 	 0.980024 
1.301616 	 1.590088 
1.850626 	 2.088080 
2.306939 	 2.511326 
2.705012 	 2.891433 
3.073713 	 3.254692 
3.436959 	 3.622876 
3.814608 	 4.014148 
4.223334 	 4.443873 
4.677348 	 4.925228 
5.188868 	 5.469504 
5.768239 	 6.086025 
6.423625 	 6.781578 
7.160142 	 7.559229 
7.978325 	 8.416400 
8.871799 	 9.342133 
9.824153 	 10.313628 
10.805239 	 11.292486 
11.767636 	 12.221735 
12.644699 	 13.025501 
13.352491 	 13.613835 
13.798093 	 13.894893 
13.895662 	 13.794352 
13.588067 	 13.277514 
12.867190 	 12.365268 
11.783173 	 11.134893 
10.436093 	 9.703168 
8.952306 	 8.198686 
7.455855 	 6.735321 
6.046353 	 5.395961 
4.789014 	 4.228458 
3.715588 	 3.250331 
2.831542 	 2.457261 
2.124955 	 1.831715 
1.574420 	 1.349874 
1.154901 	 0.986430 
0.841540 	 0.717502 
0.611798 	 0.522133 
0.446434 	 0.382847 
0.329727 	 0.285625 
0.249272 	 0.219567 
0.195560 	 0.176435 
0.161499 	 0.150162 
0.141933 	 0.136400 
0.133226 	 0.132136 
0.132913 	 0.135384 
0.139422 	 0.144936 
0.151869 	 0.160193 
0.169907 	 0.181035 
0.193624 	 0.207743 
0.223483 	 0.240955 
0.260293 	 0.281653 
0.305211 	 0.331171 
0.359762 	 0.391239 
0.425889 	 0.464033 
0.506026 	 0.552264 
0.603188 	 0.659284 
0.721094 	 0.789219 
0.864325 	 0.947148 
1.038506 	 1.139302 
1.250539 	 1.373323 
1.508879 	 1.658557 
1.823851 	 2.006403 
2.208020 	 2.430687 
2.676574 	 2.948050 
3.247689 	 3.578271 
3.942779 	 4.344386 
4.786426 	 5.272348 
5.805643 	 6.389737 
7.027834 	 7.722699 
8.476368 	 9.289756 
10.162152 	 11.090584 
12.069039 	 13.087554 
14.131216 	 15.179140 
16.203592 	 17.169470 
18.034466 	 18.750256 
19.265081 	 19.527895 
19.493952 	 19.131179 
18.426166 	 17.388276 
16.050470 	 14.466221 
12.702971 	 10.833704 
8.928634 	 7.048758 
5.242154 	 3.542970 
1.972448 	 0.541099 
-0.748730 	 -1.900410 
-2.920969 	 -3.819498 
-4.606007 	 -5.290644 
-5.883209 	 -6.392869 
-6.828028 	 -7.196294 
-7.504496 	 -7.758753 
-7.964551 	 -8.126828 
-8.250056 	 -8.338321 
-8.395390 	 -8.424765 
-8.429728 	 -8.413377 
-8.378649 	 -8.328339 
-8.265100 	 -8.191457 
-8.109799 	 -8.022378 
-7.931303 	 -7.838538 
-7.745897 	 -7.655038 
-7.567468 	 -7.484537 
-7.407445 	 -7.337244 
-7.274847 	 -7.221029 
-7.176443 	 -7.141621 
-7.116985 	 -7.102859 
-7.099471 	 -7.106966 
-7.125408 	 -7.154789 
-7.195029 	 -7.245985 
-7.307446 	 -7.379140 
-7.460726 	 -7.551799 
-7.651880 	 -7.760419 
-7.876785 	 -8.000261 
-8.130041 	 -8.265223 
-8.404805 	 -8.547681 
-8.692637 	 -8.838355 
-8.983411 	 -9.126284 
-9.265367 	 -9.398978 
-9.525379 	 -9.642805 
-9.749488 	 -9.843692 
-9.923753 	 -9.988120 
-10.035394 	 -10.064377 
-10.074109 	 -10.063909 
-10.033406 	 -9.982561 
-9.911683 	 -9.821433 
-9.712815 	 -9.587156 
-9.446076 	 -9.291447 
-9.125349 	 -8.950012 
-8.767765 	 -8.580981 
-8.392020 	 -8.203187 
-8.016684 	 -7.834581 
-7.658783 	 -7.491016 
-7.332813 	 -7.185511 
-7.050251 	 -6.927988 
-6.819497 	 -6.725391 
-6.646135 	 -6.582061 
-6.533385 	 -6.500226 
-6.482614 	 -6.480510 
-6.493813 	 -6.522370 
-6.565983 	 -6.624414 
-6.697384 	 -6.784576 
-6.885630 	 -7.000139 
-7.127639 	 -7.267604 
-7.419427 	 -7.582415 
-7.755766 	 -7.938561 
-8.129740 	 -8.328090 
-8.532227 	 -8.740583 
-8.951393 	 -9.162692 
-9.372306 	 -9.577864 
-9.776807 	 -9.966416 
-10.143844 	 -10.306165 
-10.450434 	 -10.573757 
-10.673375 	 -10.746752 
-10.791670 	 -10.806318 
-10.789385 	 -10.740129 
-10.658436 	 -10.544852 
-10.400592 	 -10.227520 
-10.028098 	 -9.805310 
-9.562570 	 -9.303611 
-9.032363 	 -8.752833 
-8.468997 	 -8.184689 
-7.903520 	 -7.628809 
-7.363530 	 -7.110286 
-6.871299 	 -6.648407 
-6.443087 	 -6.256476 
-6.089408 	 -5.942445 
-5.815922 	 -5.709984 
-5.624621 	 -5.559706 
-5.515023 	 -5.490298 
-5.485220 	 -5.499460 
-5.532687 	 -5.584579 
-5.654828 	 -5.743144 
-5.849252 	 -5.972893 
-6.113810 	 -6.271739 
-6.446395 	 -6.637452 
-6.844520 	 -7.067123 
-7.304666 	 -7.556402 
-7.821399 	 -8.098499 
-8.386278 	 -8.683005 
-8.986600 	 -9.294599 
-9.604123 	 -9.911853 
-10.214028 	 -10.506451 
-10.784524 	 -11.043315 
-11.277643 	 -11.482210 
-11.651763 	 -11.781280 
-11.866187 	 -11.902582 
-11.887458 	 -11.818904 
-11.696266 	 -11.520253 
-11.292974 	 -11.017893 
-10.699706 	 -10.344156 
-9.957783 	 -9.547645 
-9.121026 	 -8.685157 
-8.246966 	 -7.812867 
-7.388607 	 -6.979167 
-6.588708 	 -6.220568 
-5.877296 	 -5.560710 
-5.271978 	 -5.011704 
-4.780025 	 -4.576702 
-4.401205 	 -4.252796 
-4.130598 	 -4.033656 
-3.960988 	 -3.911627 
-3.884656 	 -3.879234 
-3.894613 	 -3.930155 
-3.985338 	 -4.059762 
-4.153149 	 -4.265341 
-4.396292 	 -4.546064 
-4.714814 	 -4.902779 
-5.110263 	 -5.337611 
-5.585189 	 -5.853354 
-6.142417 	 -6.452602 
-6.783997 	 -7.136496 
-7.509728 	 -7.902982 
-8.315119 	 -8.744471 
-9.188736 	 -9.644869 
-10.108967 	 -10.576172 
-11.040583 	 -11.495211 
-11.931971 	 -12.341756 
-12.714584 	 -13.039854 
-13.306719 	 -13.504557 
-13.623553 	 -13.655332 
-13.593603 	 -13.434743 
-13.178251 	 -12.826994 
-12.387205 	 -11.868209 
-11.281905 	 -10.642051 
-9.963444 	 -9.261081 
-8.549391 	 -7.841606 
-7.149301 	 -6.482123 
-5.847686 	 -5.251610 
-4.697665 	 -4.187984 
-3.723306 	 -3.303238 
-2.926502 	 -2.591161 
-2.294819 	 -2.034792 
-1.808248 	 -1.612314 
-1.444165 	 -1.301087 
-1.180520 	 -1.080091 
-0.997631 	 -0.931179 
-0.878991 	 -0.839528 
-0.811453 	 -0.793618 
-0.785053 	 -0.784956 
-0.792675 	 -0.807703 
-0.829660 	 -0.858291 
-0.893448 	 -0.935092 
-0.983280 	 -1.038162 
-1.099978 	 -1.169057 
-1.245813 	 -1.330745 
-1.424443 	 -1.527584 
-1.640939 	 -1.765376 
-1.901863 	 -2.051475 
-2.215401 	 -2.394945 
-2.591537 	 -2.806735 
-3.042228 	 -3.299841 
-3.581533 	 -3.889387 
-4.225608 	 -4.592494 
-4.992410 	 -5.427743 
-5.900835 	 -6.413893 
-6.968867 	 -7.567291 
-8.210069 	 -8.897210 
-9.627496 	 -10.398077 
-11.203996 	 -12.037653 
-12.888239 	 -13.741175 
-14.577648 	 -15.374354 
-16.103582 	 -16.733833 
-17.231105 	 -17.560966 
-17.691396 	 -17.596164 
-17.258328 	 -16.673210 
-15.850160 	 -14.812569 
-13.595930 	 -12.244249 
-10.805506 	 -9.327061 
-7.851817 	 -6.415631 
-5.046088 	 -3.762452 
-2.576444 	 -1.493461 
-0.513961 	 0.365229 
1.149765 	 1.846857 
2.464558 	 3.011229 
3.495172 	 3.924376 
4.306356 	 4.648063 
4.955839 	 5.235401 
5.491854 	 5.729715 
5.952942 	 6.164973 
6.368759 	 6.566805 
6.761198 	 6.953642 
7.145482 	 7.337728 
7.531078 	 7.725927 
7.922386 	 8.120291 
8.319212 	 8.518460 
8.717097 	 8.913943 
9.107594 	 9.296427 
9.478631 	 9.652227 
9.815102 	 9.965051 
10.099824 	 10.217183 
10.314964 	 10.391148 
10.443925 	 10.471773 
10.473519 	 10.448401 
10.396119 	 10.316865 
10.211342 	 10.080759 
9.926811 	 9.751634 
9.557750 	 9.347988 
9.125407 	 8.893207 
8.654639 	 8.412927 
8.171191 	 7.932382 
7.699233 	 7.474219 
7.259538 	 7.057092 
6.868493 	 6.695071 
6.537888 	 6.397764 
6.275296 	 6.170896 
6.084808 	 6.017142 
5.967900 	 5.936994 
5.924275 	 5.929541 
5.952560 	 5.993075 
6.050816 	 6.125499 
6.216833 	 6.324512 
6.448213 	 6.587587 
6.742244 	 6.911744 
7.095574 	 7.293129 
7.503692 	 7.726402 
7.960234 	 8.203965 
8.456147 	 8.715076 
8.978772 	 9.244947 
9.511000 	 9.774001 
10.030700 	 10.277548 
10.510730 	 10.726228 
10.919897 	 11.087569 
11.225176 	 11.328894 
11.395294 	 11.421502 
11.405350 	 11.345514 
11.241617 	 11.094300 
10.905240 	 10.677118 
10.413536 	 10.118888 
9.798193 	 9.456903 
9.100698 	 8.735288 
8.366230 	 7.998767 
7.637704 	 7.287318 
6.951304 	 6.632750 
6.334147 	 6.057414 
5.803949 	 5.574681 
5.370137 	 5.190507 
5.035710 	 4.905455 
4.799298 	 4.716690 
4.657026 	 4.619676 
4.604021 	 4.609471 
4.635491 	 4.681607 
4.747420 	 4.832607 
4.936924 	 5.060198 
5.202324 	 5.363255 
5.542985 	 5.741531 
5.958917 	 6.195141 
6.450149 	 6.723798 
7.015810 	 7.325733 
7.652879 	 7.996267 
8.354558 	 8.725979 
9.108258 	 9.498543 
9.893337 	 10.288441 
10.678910 	 11.059043 
11.422409 	 11.761913 
12.069929 	 12.338496 
12.559579 	 12.725401 
12.828821 	 12.863754 
12.825578 	 12.711512 
12.520913 	 12.255447 
11.919122 	 11.518150 
11.060659 	 10.556279 
10.015637 	 9.449816 
8.869828 	 8.286151 
7.708349 	 7.144804 
6.602557 	 6.087247 
5.603142 	 5.153225 
4.739328 	 4.362293 
4.022137 	 3.718224 
3.449413 	 3.214208 
3.010870 	 2.837529 
2.692266 	 2.573180 
2.478446 	 2.406348 
2.355313 	 2.323932 
2.310964 	 2.315355 
2.336229 	 2.372892 
2.424831 	 2.491702 
2.573334 	 2.669712 
2.780979 	 2.907427 
3.049488 	 3.207730 
3.382849 	 3.575664 
3.787102 	 4.018196 
4.270065 	 4.543901 
4.840946 	 5.162465 
5.509713 	 5.883881 
6.286047 	 6.717096 
7.177626 	 7.667840 
8.187399 	 8.735264 
9.309496 	 9.907045 
10.523500 	 11.152850 
11.787233 	 12.416730 
13.029226 	 13.610389 
14.143820 	 14.611428 
14.994086 	 15.272582 
15.428846 	 15.447393 
15.316825 	 15.031202 
14.591059 	 14.003861 
13.283761 	 12.450646 
11.528606 	 10.544032 
9.523658 	 8.492789 
7.473929 	 6.485892 
5.543399 	 4.657086 
3.833803 	 3.077111 
2.387847 	 1.764709 
1.204793 	 0.704072 
0.257787 	 -0.139233 
-0.492326 	 -0.806815 
-1.087871 	 -1.340430 
-1.569134 	 -1.778302 
-1.971921 	 -2.153647 
-2.326824 	 -2.494503 
-2.659470 	 -2.824269 
-2.991238 	 -3.162531 
-3.340146 	 -3.525951 
-3.721706 	 -3.929077 
-4.149654 	 -4.384959 
-4.636449 	 -4.905519 
-5.193489 	 -5.501592 
-5.830948 	 -6.182530 
-6.557116 	 -6.955234 
-7.377083 	 -7.822443 
-8.290569 	 -8.780066 
-9.288744 	 -9.813465 
-10.349985 	 -10.892789 
-11.434954 	 -11.968046 
-12.482076 	 -12.965554 
-13.405662 	 -13.788592 
-14.100042 	 -14.325912 
-14.453146 	 -14.470681 
-14.370418 	 -14.148092 
-13.803916 	 -13.342889 
-12.774682 	 -12.113101 
-11.375176 	 -10.579989 
-9.747405 	 -8.896863 
-8.046342 	 -7.211608 
-6.405747 	 -5.638985 
-4.918735 	 -4.249813 
-3.634760 	 -3.074216 
-2.567298 	 -2.111960 
-1.705318 	 -1.343920 
-1.023978 	 -0.741546 
-0.492664 	 -0.273454 
-0.080204 	 0.090592 
0.242201 	 0.377638 
0.499664 	 0.610796 
0.713315 	 0.809290 
0.900594 	 0.988928 
1.075843 	 1.162761 
1.251001 	 1.341795 
1.436312 	 1.535676 
1.640981 	 1.753313 
1.873760 	 2.003431 
2.143467 	 2.295053 
2.459431 	 2.637909 
2.831868 	 3.042775 
3.272181 	 3.521727 
3.793141 	 4.088236 
4.408892 	 4.757041 
5.134638 	 5.543613 
5.985815 	 6.462935 
6.976393 	 7.527206 
8.115813 	 8.741857 
9.403923 	 10.099219 
10.823224 	 11.569279 
12.328185 	 13.087799 
13.832726 	 14.544150 
15.199927 	 15.775037 
16.242501 	 16.574831 
16.746006 	 16.733853 
16.522574 	 16.105020 
15.484295 	 14.674258 
13.698732 	 12.589461 
11.383157 	 10.118171 
8.831351 	 7.555548 
6.318006 	 5.139650 
4.035140 	 3.013439 
2.078691 	 1.231201 
0.468377 	 -0.214419 
-0.823172 	 -1.364648 
-1.845974 	 -2.274316 
-2.656664 	 -2.999681 
-3.309613 	 -3.592233 
-3.852823 	 -4.096176 
-4.326606 	 -4.547973 
-4.763713 	 -4.976866 
-5.190105 	 -5.405767 
-5.625875 	 -5.852159 
-6.086071 	 -6.328794 
-6.581247 	 -6.844078 
-7.117662 	 -7.402079 
-7.697096 	 -8.002141 
-8.316269 	 -8.638131 
-8.965937 	 -9.297420 
-9.629810 	 -9.959813 
-10.283603 	 -10.596835 
-10.894680 	 -11.171899 
-11.422940 	 -11.642084 
-11.823624 	 -11.962081 
-12.052448 	 -12.090449 
-12.072792 	 -11.997403 
-11.863611 	 -11.672267 
-11.425785 	 -11.128082 
-10.784438 	 -10.401271 
-9.985849 	 -9.545967 
-9.089614 	 -8.624660 
-8.158577 	 -7.698215 
-7.249638 	 -6.818032 
-6.407656 	 -6.021854 
-5.663104 	 -5.333094 
-5.032818 	 -4.762679 
-4.522595 	 -4.312105 
-4.130459 	 -3.976707 
-3.849777 	 -3.748530 
-3.671824 	 -3.618546 
-3.587656 	 -3.578205 
-3.589356 	 -3.620400 
-3.670760 	 -3.739995 
-3.827805 	 -3.934022 
-4.058610 	 -4.201653 
-4.363351 	 -4.544003 
-4.743996 	 -4.963785 
-5.203874 	 -5.464788 
-5.747046 	 -6.051120 
-6.377392 	 -6.726105 
-7.097293 	 -7.490709 
-7.905743 	 -8.341316 
-8.795770 	 -9.266751 
-9.751072 	 -10.244588 
-10.742070 	 -11.237104 
-11.722021 	 -12.187890 
-12.624581 	 -13.020943 
-13.365092 	 -13.644845 
-13.848285 	 -13.964441 
-13.984048 	 -13.900303 
-13.709552 	 -13.411796 
-13.010944 	 -12.514754 
-11.934448 	 -11.284029 
-10.579396 	 -9.837349 
-9.074611 	 -8.306967 
-7.548588 	 -6.811576 
-6.105731 	 -5.438511 
-4.815142 	 -4.238833 
-3.711058 	 -3.231849 
-2.800104 	 -2.413857 
-2.070531 	 -1.767144 
-1.500486 	 -1.267255 
-1.064169 	 -0.888041 
-0.735839 	 -0.604722 
-0.492063 	 -0.395465 
-0.312751 	 -0.241972 
-0.181388 	 -0.129456 
-0.084817 	 -0.046281 
-0.012805 	 0.016519 
0.042482 	 0.065771 
0.086985 	 0.106646 
0.125212 	 0.143087 
0.160629 	 0.178162 
0.195981 	 0.214357 
0.233549 	 0.253804 
0.275366 	 0.298477 
0.323385 	 0.350345 
0.379625 	 0.411509 
0.446302 	 0.484333 
0.525958 	 0.571567 
0.621585 	 0.676481 
0.736769 	 0.803016 
0.875846 	 0.955951 
1.044090 	 1.141105 
1.247924 	 1.365573 
1.495182 	 1.637998 
1.795397 	 1.968889 
2.160136 	 2.370961 
2.603358 	 2.859500 
3.141750 	 3.452660 
3.794975 	 4.171617 
4.585668 	 5.040333 
5.538883 	 6.084566 
6.680485 	 7.329422 
8.033600 	 8.794368 
9.611782 	 10.484086 
11.407058 	 12.373238 
13.371053 	 14.383888 
15.389204 	 16.357879 
17.253988 	 18.035344 
18.655101 	 19.064696 
19.218185 	 19.077669 
18.619070 	 17.837070 
16.747891 	 15.388859 
13.814520 	 12.090039 
10.283450 	 8.458490 
6.669378 	 4.958071 
3.353806 	 1.874276 
0.527692 	 -0.684911 
-1.767509 	 -2.727284 
-3.573233 	 -4.315150 
-4.962941 	 -5.526175 
-6.013827 	 -6.434143 
-6.794590 	 -7.101871 
-7.361959 	 -7.580167 
-7.761208 	 -7.909275 
-8.028102 	 -8.121033 
-8.191075 	 -8.240946 
-8.273124 	 -8.289875 
-8.293287 	 -8.285291 
-8.267680 	 -8.242123 
-8.210177 	 -8.173291 
-8.132817 	 -8.090009 
-8.046030 	 -8.001951 
-7.958754 	 -7.917333 
-7.878498 	 -7.842974 
-7.811402 	 -7.784345 
-7.762287 	 -7.745636 
-7.734729 	 -7.729831 
-7.731140 	 -7.738789 
-7.752849 	 -7.773328 
-7.800176 	 -7.833287 
-7.872496 	 -7.917585 
-7.968280 	 -8.024256 
-8.085131 	 -8.150471 
-8.219792 	 -8.292554 
-8.368170 	 -8.446001 
-8.525362 	 -8.605523 
-8.685715 	 -8.765133 
-8.842942 	 -8.918287 
-8.990298 	 -9.058104 
-9.120844 	 -9.177676 
-9.227796 	 -9.270449 
-9.304944 	 -9.330673 
-9.347119 	 -9.353874 
-9.350649 	 -9.337285 
-9.313761 	 -9.280195 
-9.236851 	 -9.184132 
-9.122578 	 -9.052856 
-8.975750 	 -8.892145 
-8.803013 	 -8.709394 
-8.612378 	 -8.513083 
-8.412643 	 -8.312184 
-8.212810 	 -8.115586 
-8.021532 	 -7.931601 
-7.846682 	 -7.767586 
-7.695044 	 -7.629707 
-7.572140 	 -7.522828 
-7.482173 	 -7.450502 
-7.428062 	 -7.415032 
-7.411520 	 -7.417569 
-7.433159 	 -7.458210 
-7.492581 	 -7.536075 
-7.588438 	 -7.649356 
-7.718458 	 -7.795313 
-7.879426 	 -7.970238 
-8.067122 	 -8.169384 
-8.276254 	 -8.386889 
-8.500372 	 -8.615711 
-8.731839 	 -8.847623 
-8.961862 	 -9.073304 
-9.180648 	 -9.282567 
-9.377719 	 -9.464767 
-9.542409 	 -9.609393 
-9.664554 	 -9.706833 
-9.735315 	 -9.749247 
-9.748068 	 -9.731433 
-9.699222 	 -9.651559 
-9.588814 	 -9.511601 
-9.420769 	 -9.317386 
-9.202717 	 -9.078196 
-8.945396 	 -8.805990 
-8.661721 	 -8.514360 
-8.365675 	 -8.217398 
-8.071200 	 -7.928661 
-7.791256 	 -7.660338 
-7.537130 	 -7.422719 
-7.318054 	 -7.223947 
-7.141082 	 -7.070016 
-7.011194 	 -6.964951 
-6.931526 	 -6.911070 
-6.903655 	 -6.909281 
-6.927884 	 -6.959339 
-7.003466 	 -7.060030 
-7.128746 	 -7.209271 
-7.301208 	 -7.404095 
-7.517408 	 -7.640544 
-7.772823 	 -7.913471 
-8.061615 	 -8.216275 
-8.376353 	 -8.540624 
-8.707734 	 -8.876194 
-9.044380 	 -9.210538 
-9.372792 	 -9.529157 
-9.677563 	 -9.815885 
-9.941969 	 -10.053685 
-10.148969 	 -10.225878 
-10.282648 	 -10.317751 
-10.329953 	 -10.318364 
-10.282485 	 -10.222240 
-10.137995 	 -10.030569 
-9.901214 	 -9.751597 
-9.583750 	 -9.400020 
-9.203001 	 -8.995462 
-8.780274 	 -8.560338 
-8.338510 	 -8.117548 
-7.900055 	 -7.688438 
-7.484880 	 -7.291320 
-7.109443 	 -6.940684 
-6.786233 	 -6.647050 
-6.523882 	 -6.417289 
-6.327660 	 -6.255241 
-6.200158 	 -6.162435 
-6.142016 	 -6.138781 
-6.152561 	 -6.183147 
-6.230302 	 -6.293762 
-6.373243 	 -6.468436 
-6.579008 	 -6.704590 
-6.844772 	 -6.999091 
-7.167012 	 -7.347916 
-7.541078 	 -7.745644 
-7.960613 	 -8.184809 
-8.416859 	 -8.655169 
-8.897902 	 -9.142963 
-9.387987 	 -9.630330 
-9.867084 	 -10.095084 
-10.310951 	 -10.511133 
-10.691979 	 -10.849816 
-10.981061 	 -11.082329 
-11.150566 	 -11.183175 
-11.178146 	 -11.134173 
-11.050740 	 -10.928191 
-10.767753 	 -10.571519 
-10.342398 	 -10.084015 
-9.800582 	 -9.496751 
-9.177443 	 -8.847684 
-8.512443 	 -8.176495 
-7.844294 	 -7.519891 
-7.206865 	 -6.908293 
-6.626735 	 -6.364254 
-6.122438 	 -5.902443 
-5.705044 	 -5.530687 
-5.379542 	 -5.251561 
-5.146526 	 -5.064093 
-5.003837 	 -4.965283 
-4.947941 	 -4.951324 
-4.974973 	 -5.018465 
-5.081429 	 -5.163543 
-5.264545 	 -5.384218 
-5.522395 	 -5.678941 
-5.853744 	 -6.046694 
-6.257663 	 -6.486482 
-6.732904 	 -6.996577 
-7.277000 	 -7.573477 
-7.885072 	 -8.210548 
-8.548318 	 -8.896379 
-9.252255 	 -9.612940 
-9.974856 	 -10.333812 
-10.684995 	 -11.022984 
-11.341799 	 -11.634994 
-11.895800 	 -12.117321 
-12.292783 	 -12.415820 
-12.480805 	 -12.483174 
-12.419754 	 -12.289021 
-12.091300 	 -11.828851 
-11.505839 	 -11.128175 
-10.703254 	 -10.239596 
-9.746432 	 -9.233271 
-8.709495 	 -8.183990 
-7.664864 	 -7.159237 
-6.673120 	 -6.211373 
-5.777719 	 -5.374825 
-5.004395 	 -4.667307 
-4.363741 	 -4.093316 
-3.855220 	 -3.648322 
-3.471279 	 -3.322622 
-3.200832 	 -3.104399 
-3.031868 	 -2.981879 
-2.953191 	 -2.944704 
-2.955471 	 -2.984706 
-3.031784 	 -3.096247 
-3.177797 	 -3.276295 
-3.391753 	 -3.524327 
-3.674313 	 -3.842133 
-4.028326 	 -4.233538 
-4.458503 	 -4.704031 
-4.970980 	 -5.260237 
-5.572677 	 -5.909131 
-6.270330 	 -6.656846 
-7.069015 	 -7.506852 
-7.969936 	 -8.457287 
-8.967223 	 -9.497196 
-10.043613 	 -10.601661 
-11.165124 	 -11.726234 
-12.275567 	 -12.802006 
-13.292832 	 -13.733952 
-14.110312 	 -14.406510 
-14.607616 	 -14.700147 
-14.673146 	 -14.519231 
-14.235499 	 -13.824113 
-13.292479 	 -12.652926 
-11.921929 	 -11.118948 
-10.265059 	 -9.381549 
-8.488651 	 -7.604547 
-6.744689 	 -5.921461 
-5.144122 	 -4.418981 
-3.749707 	 -3.137732 
-2.582672 	 -2.082733 
-1.635087 	 -1.236192 
-0.882061 	 -0.568473 
-0.291143 	 -0.045846 
0.171494 	 0.364744 
0.537525 	 0.693194 
0.834839 	 0.965285 
1.087107 	 1.202650 
1.314049 	 1.423254 
1.532055 	 1.642106 
1.754947 	 1.872034 
1.994752 	 2.124442 
2.262418 	 2.409984 
2.568451 	 2.739151 
2.923448 	 3.122747 
3.338506 	 3.572238 
3.825511 	 4.099948 
4.397216 	 4.719014 
5.067048 	 5.442995 
5.848459 	 6.284907 
6.753581 	 7.255398 
7.790806 	 8.359619 
8.960812 	 9.592281 
10.250558 	 10.930507 
11.624995 	 12.324575 
13.017210 	 13.688092 
14.319628 	 14.891663 
15.382026 	 15.767460 
16.024963 	 16.133501 
16.075951 	 15.841055 
15.425080 	 14.832856 
14.077925 	 13.181715 
12.171786 	 11.079463 
9.937214 	 8.776217 
7.624407 	 6.505190 
5.436836 	 4.432452 
3.500383 	 2.644856 
1.866741 	 1.164313 
0.533944 	 -0.029295 
-0.531149 	 -0.977790 
-1.375531 	 -1.730611 
-2.049049 	 -2.336548 
-2.598434 	 -2.839634 
-3.064661 	 -3.277629 
-3.482270 	 -3.681955 
-3.879728 	 -4.078333 
-4.280241 	 -4.487680 
-4.702655 	 -4.926972 
-5.162245 	 -5.409912 
-5.671232 	 -5.947286 
-6.238959 	 -6.546923 
-6.871609 	 -7.213166 
-7.571416 	 -7.945796 
-8.335291 	 -8.738360 
-9.152856 	 -9.575944 
-10.004023 	 -10.432652 
-10.856500 	 -11.269329 
-11.664008 	 -12.032596 
-12.366490 	 -12.656650 
-12.893915 	 -13.069399 
-13.174955 	 -13.203680 
-13.150415 	 -13.012203 
-12.788632 	 -12.482034 
-12.097487 	 -11.642615 
-11.127205 	 -10.562660 
-9.961374 	 -9.336068 
-8.699168 	 -8.062277 
-7.435768 	 -6.828512 
-6.247750 	 -5.699069 
-5.186485 	 -4.712578 
-4.278683 	 -3.885082 
-3.531213 	 -3.215860 
-2.937328 	 -2.693597 
-2.482452 	 -2.301586 
-2.148693 	 -2.021525 
-1.917948 	 -1.835974 
-1.773790 	 -1.729766 
-1.702466 	 -1.690653 
-1.693280 	 -1.709491 
-1.738614 	 -1.780150 
-1.833769 	 -1.899300 
-1.976724 	 -2.066169 
-2.167903 	 -2.282328 
-2.409980 	 -2.551520 
-2.707737 	 -2.879539 
-3.067956 	 -3.274136 
-3.499338 	 -3.744926 
-4.012364 	 -4.303200 
-4.619046 	 -4.961556 
-5.332390 	 -5.733163 
-6.165388 	 -6.630389 
-7.129197 	 -7.662418 
-8.230063 	 -8.831351 
-9.464459 	 -10.126248 
-10.811943 	 -11.514794 
-12.225739 	 -12.933093 
-13.622330 	 -14.276008 
-14.873933 	 -15.393637 
-15.811247 	 -16.102793 
-16.245915 	 -16.221869 
-16.017598 	 -15.627567 
-15.055005 	 -14.312264 
-13.420140 	 -12.406193 
-11.302342 	 -10.142133 
-8.958121 	 -7.779738 
-6.631842 	 -5.533984 
-4.500326 	 -3.540007 
-2.657811 	 -1.854954 
-1.129886 	 -0.479025 
0.102605 	 0.620858 
1.082053 	 1.492673 
1.859133 	 2.187626 
2.484023 	 2.753806 
3.002042 	 3.233372 
3.452019 	 3.661808 
3.866187 	 4.068261 
4.270818 	 4.476357 
4.687118 	 4.905100 
5.132086 	 5.369651 
5.619174 	 5.881836 
6.158620 	 6.450291 
6.757380 	 7.080152 
7.418572 	 7.772253 
8.140402 	 8.521762 
8.914537 	 9.316326 
9.724047 	 10.133878 
10.541202 	 10.940582 
11.325765 	 11.689729 
12.024796 	 12.322797 
12.575327 	 12.774057 
12.911126 	 12.979570 
12.973774 	 12.889900 
12.726252 	 12.483527 
12.164913 	 11.776025 
11.324658 	 10.820389 
10.274068 	 9.697239 
9.101569 	 8.498315 
7.897884 	 7.309503 
6.741012 	 6.198770 
5.687657 	 5.211155 
4.771477 	 4.369740 
4.006137 	 3.680120 
3.390570 	 3.135951 
2.914446 	 2.724072 
2.562772 	 2.428496 
2.319255 	 2.233173 
2.168510 	 2.123693 
2.097325 	 2.088194 
2.095275 	 2.117730 
2.154906 	 2.206326 
2.271684 	 2.350843 
2.443822 	 2.550792 
2.672073 	 2.808123 
2.959537 	 3.127038 
3.311473 	 3.513808 
3.735116 	 3.976572 
4.239439 	 4.525050 
4.834789 	 5.170059 
5.532247 	 5.922674 
6.342526 	 6.792783 
7.274105 	 7.786715 
8.330235 	 8.903509 
9.504380 	 10.129449 
10.773800 	 11.430726 
12.091456 	 12.744930 
13.377655 	 13.973714 
14.514967 	 14.981533 
15.352592 	 15.607521 
15.727349 	 15.696404 
15.503982 	 15.145799 
14.624951 	 13.952173 
13.145277 	 12.227818 
11.227165 	 10.172311 
9.091715 	 8.011505 
6.954180 	 5.937890 
4.976231 	 4.078450 
3.249913 	 2.492720 
1.806364 	 1.188354 
0.634777 	 0.140771 
-0.299092 	 -0.690507 
-1.039214 	 -1.350829 
-1.630741 	 -1.884034 
-2.115448 	 -2.329365 
-2.529803 	 -2.720434 
-2.904602 	 -3.085348 
-3.265440 	 -3.447401 
-3.633538 	 -3.825967 
-4.026642 	 -4.237368 
-4.459825 	 -4.695573 
-4.946062 	 -5.212634 
-5.496508 	 -5.798776 
-6.120372 	 -6.462041 
-6.824298 	 -7.207368 
-7.611120 	 -8.034985 
-8.477859 	 -8.937998 
-9.412896 	 -9.899165 
-10.392409 	 -10.887115 
-11.376562 	 -11.852779 
-12.306559 	 -12.727565 
-13.104535 	 -13.425621 
-13.678860 	 -13.852768 
-13.937041 	 -13.923306 
-13.805846 	 -13.582225 
-13.253709 	 -12.825415 
-12.306150 	 -11.707930 
-11.045246 	 -10.334144 
-9.591250 	 -8.832840 
-8.074041 	 -7.328243 
-6.606712 	 -5.918424 
-5.270076 	 -4.666225 
-4.109522 	 -3.600992 
-3.140334 	 -2.726206 
-2.356491 	 -2.028528 
-1.739312 	 -1.485652 
-1.264301 	 -1.072052 
-0.905812 	 -0.762651 
-0.639838 	 -0.534857 
-0.445415 	 -0.369448 
-0.305104 	 -0.250743 
-0.204917 	 -0.166356 
-0.133954 	 -0.106750 
-0.083917 	 -0.064741 
-0.048610 	 -0.035005 
-0.023479 	 -0.013655 
-0.005212 	 0.002122 
0.008580 	 0.014356 
0.019619 	 0.024513 
0.029161 	 0.033671 
0.038139 	 0.042649 
0.047279 	 0.052100 
0.057183 	 0.062591 
0.068392 	 0.074652 
0.081439 	 0.088825 
0.096886 	 0.105702 
0.115363 	 0.125964 
0.137608 	 0.150411 
0.164498 	 0.180009 
0.197097 	 0.215931 
0.236701 	 0.259614 
0.284901 	 0.312818 
0.343649 	 0.377710 
0.415352 	 0.456961 
0.502971 	 0.553861 
0.610162 	 0.672467 
0.741432 	 0.817786 
0.902339 	 0.995990 
1.099736 	 1.214685 
1.342062 	 1.483229 
1.639689 	 1.813107 
2.005322 	 2.218360 
2.454449 	 2.716034 
3.005788 	 3.326617 
3.681668 	 4.074317 
4.508156 	 4.986957 
5.514607 	 6.095022 
6.732002 	 7.429033 
8.189008 	 9.013846 
9.903990 	 10.857749 
11.870481 	 12.933602 
14.033442 	 15.150026 
16.255905 	 17.315283 
18.283767 	 19.109191 
19.733961 	 20.099290 
20.151320 	 19.848584 
19.169530 	 18.118264 
16.726647 	 15.051595 
13.167869 	 11.158097 
9.102610 	 7.071402 
5.119468 	 3.285550 
1.593417 	 0.054562 
-1.328667 	 -2.560145 
-3.647561 	 -4.600611 
-5.429742 	 -6.145343 
-6.757270 	 -7.274616 
-7.705642 	 -8.057808 
-8.337867 	 -8.551989 
-8.705882 	 -8.804918 
-8.854233 	 -8.858810 
-8.823529 	 -8.753203 
-8.652579 	 -8.526330 
-8.379026 	 -8.215098 
-8.038797 	 -7.854148 
-7.664916 	 -7.474572 
-7.286265 	 -7.102813 
-6.926696 	 -6.760056 
-6.604712 	 -6.462179 
-6.333688 	 -6.220214 
-6.122505 	 -6.041115 
-5.976424 	 -5.928675 
-5.897997 	 -5.884423 
-5.887919 	 -5.908393 
-5.945713 	 -5.999716 
-6.070214 	 -6.157000 
-6.259843 	 -6.378492 
-6.512663 	 -6.662033 
-6.826227 	 -7.004801 
-7.197225 	 -7.402861 
-7.620939 	 -7.850529 
-8.090517 	 -8.339573 
-8.596124 	 -8.858326 
-9.124038 	 -9.390810 
-9.655863 	 -9.916093 
-10.168084 	 -10.408137 
-10.632315 	 -10.836519 
-11.016576 	 -11.168355 
-11.287900 	 -11.371583 
-11.416258 	 -11.419420 
-11.379349 	 -11.295229 
-11.167238 	 -10.996589 
-10.785521 	 -10.537238 
-10.255800 	 -9.945974 
-9.613044 	 -9.262619 
-8.900426 	 -8.532114 
-8.163091 	 -7.798374 
-7.442492 	 -7.099407 
-6.772481 	 -6.464474 
-6.177558 	 -5.913357 
-5.673002 	 -5.457194 
-5.266264 	 -5.100245 
-4.958930 	 -4.841937 
-4.748756 	 -4.678803 
-4.631453 	 -4.606078 
-4.602071 	 -4.618869 
-4.655970 	 -4.712940 
-4.789422 	 -4.885134 
-4.999874 	 -5.133507 
-5.285962 	 -5.457216 
-5.647281 	 -5.856180 
-6.083929 	 -6.330501 
-6.595800 	 -6.879618 
-7.181587 	 -7.501137 
-7.837427 	 -8.189292 
-8.555166 	 -8.933013 
-9.320253 	 -9.713691 
-10.109452 	 -10.502932 
-10.888771 	 -11.260860 
-11.612387 	 -11.935942 
-12.223682 	 -12.467559 
-12.659627 	 -12.792395 
-12.859238 	 -12.854811 
-12.775448 	 -12.619501 
-12.387573 	 -12.082615 
-11.709868 	 -11.276643 
-10.791955 	 -10.266055 
-9.709896 	 -9.134597 
-8.550943 	 -7.968961 
-7.397604 	 -6.844541 
-6.316053 	 -5.817027 
-5.351013 	 -4.920348 
-4.526301 	 -4.169241 
-3.848806 	 -3.564062 
-3.313655 	 -3.095939 
-2.909090 	 -2.751197 
-2.620342 	 -2.514657 
-2.432368 	 -2.371835 
-2.331568 	 -2.310248 
-2.306734 	 -2.320066 
-2.349467 	 -2.394341 
-2.454267 	 -2.528995 
-2.618437 	 -2.722666 
-2.841904 	 -2.976520 
-3.127020 	 -3.294042 
-3.478349 	 -3.680820 
-3.902442 	 -4.144295 
-4.407541 	 -4.693405 
-5.003146 	 -5.338033 
-5.699296 	 -6.088080 
-6.505374 	 -6.951932 
-7.428164 	 -7.934014 
-8.468803 	 -9.031053 
-9.618277 	 -10.226746 
-10.851249 	 -11.484833 
-12.118584 	 -12.741439 
-13.340108 	 -13.899131 
-14.401141 	 -14.827381 
-15.158510 	 -15.375711 
-15.462042 	 -15.403939 
-15.192676 	 -14.825586 
-14.306810 	 -13.647394 
-12.864673 	 -11.980986 
-11.021914 	 -10.014310 
-8.984400 	 -7.956202 
-6.950397 	 -5.983700 
-5.068685 	 -4.213963 
-3.424593 	 -2.702634 
-2.047725 	 -1.457656 
-0.928871 	 -0.456907 
-0.036745 	 0.336908 
0.669410 	 0.966025 
1.231815 	 1.471574 
1.689781 	 1.890587 
2.077807 	 2.254936 
2.425164 	 2.591403 
2.756310 	 2.922321 
3.091673 	 3.266439 
3.448546 	 3.639804 
3.841922 	 4.056522 
4.285159 	 4.529317 
4.790420 	 5.069819 
5.368786 	 5.688492 
6.029975 	 6.394100 
6.781510 	 7.192550 
7.627193 	 8.084932 
8.564668 	 9.064574 
9.581944 	 10.113038 
10.652919 	 11.195304 
11.732442 	 12.255041 
12.752282 	 13.211930 
13.620599 	 13.964175 
14.228427 	 14.399781 
14.466232 	 14.418309 
14.250004 	 13.959521 
13.549744 	 13.028312 
12.407269 	 11.702301 
10.931677 	 10.115003 
9.271978 	 8.421272 
7.579650 	 6.761376 
5.977918 	 5.237894 
4.547226 	 3.909416 
3.325906 	 2.796450 
2.319490 	 1.892490 
1.512237 	 1.175081 
0.877144 	 0.614472 
0.383153 	 0.179409 
-0.000351 	 -0.159491 
-0.301127 	 -0.428124 
-0.543095 	 -0.648415 
-0.746237 	 -0.838510 
-0.926999 	 -1.013310 
-1.098911 	 -1.185156 
-1.273303 	 -1.364535 
-1.459986 	 -1.560747 
-1.667896 	 -1.782505 
-1.905658 	 -2.038466 
-2.182079 	 -2.337695 
-2.506576 	 -2.690055 
-2.889541 	 -3.106533 
-3.342615 	 -3.599466 
-3.878850 	 -4.182613 
-4.512668 	 -4.870971 
-5.259487 	 -5.680146 
-6.134771 	 -6.624995 
-7.152142 	 -7.717077 
-8.320021 	 -8.960311 
-9.636124 	 -10.344139 
-11.079160 	 -11.833706 
-12.597592 	 -13.357554 
-14.096960 	 -14.795722 
-15.430494 	 -15.975268 
-16.402478 	 -16.684647 
-16.796548 	 -16.717695 
-16.434863 	 -15.944219 
-15.252599 	 -14.377588 
-13.346261 	 -12.192741 
-10.955017 	 -9.671569 
-8.378382 	 -7.106715 
-5.881808 	 -4.722458 
-3.641289 	 -2.645471 
-1.737662 	 -0.917000 
-0.180030 	 0.478490 
1.064933 	 1.586286 
2.049767 	 2.462542 
2.831534 	 3.163295 
3.463931 	 3.739060 
3.993805 	 4.232796 
4.460187 	 4.679689 
4.894590 	 5.107792 
5.321836 	 5.538934 
5.760987 	 5.989605 
6.226121 	 6.471596 
6.726824 	 6.992325 
7.268332 	 7.554778 
7.851272 	 8.157069 
8.471043 	 8.791650 
9.116899 	 9.444319 
9.770935 	 10.093260 
10.407291 	 10.708542 
10.992089 	 11.252658 
11.484739 	 11.682750 
11.841221 	 11.955022 
12.019607 	 12.031257 
11.987325 	 11.886434 
11.728628 	 11.515455 
11.249959 	 10.936584 
10.581005 	 10.189876 
9.770539 	 9.330704 
8.878136 	 8.420364 
7.964434 	 7.516720 
7.082791 	 6.667342 
6.274172 	 5.906208 
5.565569 	 5.253640 
4.971175 	 4.718394 
4.495085 	 4.300705 
4.134463 	 3.995402 
3.882468 	 3.794568 
3.730615 	 3.689570 
3.670468 	 3.672443 
3.694745 	 3.736747 
3.797954 	 3.878004 
3.976667 	 4.093843 
4.229551 	 4.383926 
4.557205 	 4.749711 
4.961841 	 5.194042 
5.446789 	 5.720555 
6.015775 	 6.332807 
6.671875 	 7.033019 
7.416015 	 7.820301 
8.244880 	 8.688212 
9.148106 	 9.621590 
10.104791 	 10.592812 
11.079635 	 11.558045 
12.019616 	 12.454756 
12.852855 	 13.202540 
13.492059 	 13.709797 
13.844902 	 13.887993 
13.831891 	 13.672289 
13.408286 	 13.042693 
12.582053 	 12.036353 
11.418450 	 10.743270 
10.026884 	 9.285559 
8.534903 	 7.789157 
7.060698 	 6.359749 
5.694284 	 5.070086 
4.490928 	 3.958813 
3.474262 	 3.036598 
2.644222 	 2.294860 
1.985779 	 1.713963 
1.476264 	 1.269515 
1.090613 	 0.936589 
0.804647 	 0.692194 
0.596852 	 0.516469 
0.449111 	 0.393058 
0.346792 	 0.308983 
0.278475 	 0.254270 
0.235513 	 0.221478 
0.211554 	 0.205230 
0.202087 	 0.201783 
0.204048 	 0.208674 
0.215505 	 0.224439 
0.235412 	 0.248404 
0.263428 	 0.280535 
0.299805 	 0.321348 
0.345307 	 0.371855 
0.401194 	 0.433559 
0.469219 	 0.508478 
0.551678 	 0.599201 
0.651475 	 0.708976 
0.772233 	 0.841833 
0.918428 	 1.002740 
1.095567 	 1.197795 
1.310399 	 1.434462 
1.571174 	 1.721853 
1.887946 	 2.071048 
2.272909 	 2.495445 
2.740750 	 3.011105 
3.308980 	 3.637037 
3.998124 	 4.395260 
4.831606 	 5.310416 
5.834967 	 6.408450 
7.033823 	 7.713598 
8.449563 	 9.242414 
10.091278 	 10.993120 
11.942021 	 12.928342 
13.937809 	 14.950591 
15.940514 	 16.874611 
17.713282 	 18.411393 
18.920602 	 19.193099 
19.186624 	 18.870227 
18.229760 	 17.271776 
16.024608 	 14.535970 
12.867387 	 11.086710 
9.260470 	 7.447666 
5.695908 	 4.040012 
2.502556 	 1.095647 
-0.176812 	 -1.316848 
-2.330444 	 -3.225958 
-4.012944 	 -4.701333 
-5.300891 	 -5.820876 
-6.269867 	 -6.655674 
-6.985330 	 -7.265123 
-7.500647 	 -7.696870 
-7.858209 	 -7.988596 
-8.091545 	 -8.170212 
-8.227447 	 -8.265841 
-8.287763 	 -8.295390 
-8.290737 	 -8.275670 
-8.251929 	 -8.221135 
-8.184801 	 -8.144336 
-8.101053 	 -8.056168 
-8.010805 	 -7.965996 
-7.922684 	 -7.881725 
-7.843886 	 -7.809852 
-7.780224 	 -7.755523 
-7.736194 	 -7.722604 
-7.715051 	 -7.713760 
-7.718892 	 -7.730542 
-7.748743 	 -7.773467 
-7.804628 	 -7.842083 
-7.885633 	 -7.935022 
-7.989942 	 -8.050028 
-8.114862 	 -8.183973 
-8.256836 	 -8.332873 
-8.411458 	 -8.491911 
-8.573509 	 -8.655482 
-8.737025 	 -8.817296 
-8.895430 	 -8.970543 
-9.041741 	 -9.108138 
-9.168859 	 -9.223063 
-9.269952 	 -9.308786 
-9.338903 	 -9.359731 
-9.370800 	 -9.371762 
-9.362396 	 -9.342618 
-9.312491 	 -9.272224 
-9.222171 	 -9.162831 
-9.094836 	 -9.018944 
-8.936024 	 -8.847041 
-8.753035 	 -8.655106 
-8.554394 	 -8.452054 
-8.349247 	 -8.247112 
-8.146759 	 -8.049247 
-7.955579 	 -7.866689 
-7.783433 	 -7.706590 
-7.636853 	 -7.574829 
-7.521042 	 -7.475932 
-7.439857 	 -7.413100 
-7.395867 	 -7.388292 
-7.390445 	 -7.402329 
-7.423886 	 -7.454997 
-7.495487 	 -7.545121 
-7.603607 	 -7.670595 
-7.745675 	 -7.828374 
-7.918155 	 -8.014415 
-8.116478 	 -8.223599 
-8.334955 	 -8.449648 
-8.566701 	 -8.685062 
-8.803604 	 -8.921132 
-9.036388 	 -9.148062 
-9.254806 	 -9.355247 
-9.448011 	 -9.531740 
-9.605123 	 -9.666917 
-9.715984 	 -9.751310 
-9.772046 	 -9.777523 
-9.767285 	 -9.741108 
-9.699009 	 -9.641259 
-9.568385 	 -9.481159 
-9.380588 	 -9.267893 
-9.144482 	 -9.011916 
-8.871879 	 -8.726138 
-8.576504 	 -8.424798 
-8.272815 	 -8.122296 
-7.974898 	 -7.832174 
-7.695558 	 -7.566350 
-7.445712 	 -7.334661 
-7.234078 	 -7.144703 
-7.067149 	 -7.001906 
-6.949350 	 -6.909758 
-6.883310 	 -6.870107 
-6.870173 	 -6.883465 
-6.909878 	 -6.949253 
-7.001375 	 -7.065977 
-7.142741 	 -7.231292 
-7.331197 	 -7.441958 
-7.563009 	 -7.693703 
-7.833305 	 -7.980984 
-8.135804 	 -8.296709 
-8.462522 	 -8.631929 
-8.803483 	 -8.975592 
-9.146531 	 -9.314436 
-9.477329 	 -9.633125 
-9.779664 	 -9.914741 
-10.036147 	 -10.141717 
-10.229382 	 -10.297226 
-10.343551 	 -10.366931 
-10.366275 	 -10.340873 
-10.290442 	 -10.215148 
-10.115623 	 -9.992961 
-9.848694 	 -9.684759 
-9.503442 	 -9.307317 
-9.099170 	 -8.881924 
-8.658562 	 -8.432050 
-8.205276 	 -7.980982 
-7.761727 	 -7.549844 
-7.347419 	 -7.156278 
-6.977985 	 -6.813845 
-6.664920 	 -6.532047 
-6.415856 	 -6.316796 
-6.235161 	 -6.171112 
-6.124698 	 -6.095883 
-6.084558 	 -6.090562 
-6.113693 	 -6.153718 
-6.210380 	 -6.283401 
-6.372486 	 -6.477316 
-6.597546 	 -6.732796 
-6.882639 	 -7.046589 
-7.224081 	 -7.414456 
-7.616939 	 -7.830613 
-8.054398 	 -8.287023 
-8.527003 	 -8.772615 
-9.021875 	 -9.272526 
-9.522021 	 -9.767531 
-10.005948 	 -10.233914 
-10.447862 	 -10.644071 
-10.818748 	 -10.968126 
-11.088571 	 -11.176720 
-11.229608 	 -11.244811 
-11.220570 	 -11.155906 
-11.050701 	 -10.905749 
-10.722763 	 -10.504336 
-10.253863 	 -9.975422 
-9.673624 	 -9.353448 
-9.020061 	 -8.678645 
-8.334244 	 -7.991619 
-7.655148 	 -7.328742 
-7.015797 	 -6.719176 
-6.441211 	 -6.183725 
-5.948074 	 -5.735195 
-5.545658 	 -5.379726 
-5.237413 	 -5.118535 
-5.022762 	 -4.949664 
-4.898749 	 -4.869495 
-4.861382 	 -4.873908 
-4.906612 	 -4.959081 
-5.030960 	 -5.121952 
-5.231822 	 -5.360389 
-5.507517 	 -5.673107 
-5.857078 	 -6.059350 
-6.279818 	 -6.518329 
-6.774645 	 -7.048407 
-7.339094 	 -7.645971 
-7.968042 	 -8.303987 
-8.652103 	 -9.010241 
-9.375744 	 -9.745388 
-10.115340 	 -10.481115 
-10.837580 	 -11.178965 
-11.498934 	 -11.790690 
-12.047140 	 -12.261118 
-12.425657 	 -12.534311 
-12.581500 	 -12.562866 
-12.475590 	 -12.318664 
-12.093059 	 -11.801782 
-11.449801 	 -11.043834 
-10.592037 	 -10.103592 
-9.588265 	 -9.055947 
-8.516238 	 -7.978088 
-7.449532 	 -6.937501 
-6.447736 	 -5.984765 
-5.551953 	 -5.151595 
-4.785040 	 -4.452826 
-4.154829 	 -3.890399 
-3.658490 	 -3.457777 
-3.286757 	 -3.143836 
-3.027396 	 -2.935852 
-2.867701 	 -2.821546 
-2.796130 	 -2.790345 
-2.803245 	 -2.834053 
-2.882161 	 -2.947128 
-3.028680 	 -3.126703 
-3.241235 	 -3.372465 
-3.520719 	 -3.686457 
-3.870259 	 -4.072814 
-4.294910 	 -4.537416 
-4.801263 	 -5.087419 
-5.396859 	 -5.730531 
-6.089304 	 -6.473914 
-6.884888 	 -7.322461 
-7.786470 	 -8.276226 
-8.790372 	 -9.326713 
-9.882037 	 -10.451919 
-11.030526 	 -11.610433 
-12.182487 	 -12.735728 
-13.257422 	 -13.733239 
-14.147610 	 -14.484306 
-14.727238 	 -14.861456 
-14.874292 	 -14.756524 
-14.503429 	 -14.115552 
-13.599047 	 -12.965502 
-12.231230 	 -11.416111 
-10.542147 	 -9.631925 
-8.707199 	 -7.787728 
-6.890467 	 -6.029128 
-5.214070 	 -4.452449 
-3.748539 	 -3.104157 
-2.519118 	 -1.991681 
-1.518956 	 -1.097260 
-0.722407 	 -0.389942 
-0.095330 	 0.165914 
0.398122 	 0.605412 
0.791646 	 0.960408 
1.114999 	 1.258445 
1.393511 	 1.522716 
1.648364 	 1.772563 
1.897253 	 2.024232 
2.155182 	 2.291692 
2.435281 	 2.587421 
2.749550 	 2.923098 
3.109490 	 3.310171 
3.526602 	 3.760275