1015.0
979.0
956.0
956.0
940.0
855.0
776.0
755.0
763.0
795.0
792.0
780.0
722.0
834.0
855.0
914.0
980.0
1019.0
1015.0
1024.0
1021.0
1036.0
1060.0
1041.0
1016.0
981.0
956.0
960.0
944.0
857.0
781.0
760.0
769.0
803.0
796.0
784.0
733.0
845.0
863.0
919.0
982.0
1022.0
1019.0
1028.0
1024.0
1036.0
1062.0
1046.0
1021.0
985.0
963.0
966.0
947.0
869.0
795.0
760.0
765.0
810.0
799.0
782.0
745.0
857.0
866.0
920.0
989.0
1027.0
1021.0
1035.0
1027.0
1044.0
1066.0
1049.0
1027.0
991.0
966.0
971.0
953.0
871.0
795.0
764.0
772.0
815.0
807.0
787.0
754.0
857.0
875.0
925.0
992.0
1027.0
1028.0
1042.0
1031.0
1045.0
1068.0
1052.0
1029.0
993.0
975.0
978.0
958.0
873.0
798.0
766.0
777.0
821.0
807.0
792.0
763.0
865.0
888.0
933.0
995.0
1031.0
1028.0
1045.0
1034.0
1053.0
1069.0
1051.0
1029.0
995.0
974.0
983.0
963.0
878.0
800.0
760.0
777.0
826.0
818.0
796.0
764.0
868.0
892.0
935.0
998.0
1033.0
1030.0
1050.0
1037.0
1056.0
1068.0
1053.0
1030.0
999.0
980.0
988.0
967.0
881.0
804.0
769.0
822.0
845.0
807.0
788.0
769.0
869.0
896.0
936.0
999.0
1035.0
1033.0
1052.0
1039.0
1057.0
1068.0
1052.0
1028.0
1000.0
980.0
987.0
970.0
883.0
803.0
767.0
833.0
843.0
806.0
796.0
777.0
901.0
906.0
938.0
1000.0
1038.0
1032.0
1054.0
1045.0
1056.0
1068.0
1054.0
1029.0
999.0
982.0
988.0
970.0
891.0
816.0
772.0
834.0
851.0
811.0
799.0
779.0
908.0
908.0
945.0
1004.0
1037.0
1033.0
1052.0
1047.0
1057.0
1070.0
1057.0
1030.0
1001.0
984.0
989.0
972.0
892.0
817.0
776.0
838.0
853.0
821.0
798.0
783.0
912.0
915.0
951.0
1004.0
1040.0
1038.0
1056.0
1050.0
1057.0
1074.0
1063.0
1030.0
1003.0
987.0
992.0
974.0
893.0
822.0
783.0
845.0
860.0
823.0
807.0
783.0
913.0
918.0
955.0
1007.0
1043.0
1040.0
1060.0
1053.0
1059.0
1074.0
1064.0
1036.0
1007.0
990.0
995.0
976.0
901.0
830.0
786.0
848.0
862.0
823.0
812.0
789.0
913.0
919.0
956.0
1013.0
1040.0
1048.0
1063.0
1053.0
1058.0
1074.0
1066.0
1038.0
1010.0
993.0
999.0
980.0
906.0
828.0
788.0
852.0
868.0
836.0
817.0
790.0
917.0
920.0
956.0
1016.0
1039.0
1047.0
1064.0
1055.0
1061.0
1074.0
1067.0
1043.0
1015.0
999.0
1003.0
982.0
909.0
839.0
793.0
860.0
873.0
836.0
819.0
791.0
915.0
921.0
958.0
1017.0
1041.0
1050.0
1071.0
1058.0
1064.0
1075.0
1067.0
1043.0
1016.0
998.0
1002.0
986.0
914.0
