610.0
623.0
556.0
540.0
523.0
513.0
495.0
521.0
526.0
590.0
624.0
580.0
576.0
624.0
659.0
604.0
523.0
486.0
631.0
528.0
507.0
603.0
559.0
572.0
566.0
567.0
523.0
506.0
485.0
509.0
504.0
565.0
567.0
602.0
555.0
485.0
578.0
652.0
651.0
644.0
560.0
600.0
659.0
639.0
673.0
661.0
861.0
1009.0
989.0
1012.0
1100.0
1130.0
1310.0
1096.0
1147.0
996.0
1064.0
1126.0
762.0
548.0
489.0
515.0
533.0
619.0
595.0
515.0
638.0
591.0
1028.0
880.0
1019.0
968.0
821.0
645.0
640.0
898.0
1012.0
1040.0
992.0
853.0
1036.0
967.0
702.0
629.0
591.0
730.0
670.0
593.0
541.0
536.0
732.0
741.0
608.0
617.0
785.0
872.0
891.0
774.0
938.0
924.0
1002.0
977.0
850.0
783.0
640.0
616.0
566.0
507.0
516.0
485.0
519.0
578.0
618.0
627.0
652.0
723.0
702.0
809.0
709.0
872.0
823.0
881.0
886.0
941.0
1096.0
1170.0
1112.0
930.0
989.0
751.0
548.0
481.0
459.0
572.0
559.0
487.0
1021.0
975.0
685.0
802.0
679.0
979.0
997.0
959.0
1027.0
938.0
1015.0
1030.0
945.0
1078.0
945.0
699.0
788.0
805.0
772.0
548.0
714.0
724.0
654.0
804.0
694.0
698.0
709.0
638.0
677.0
698.0
658.0
534.0
641.0
637.0
642.0
673.0
526.0
585.0
551.0
630.0
613.0
589.0
517.0
468.0
522.0
589.0
605.0
637.0
536.0
472.0
593.0
652.0
515.0
537.0
509.0
489.0
570.0
591.0
539.0
468.0
501.0
591.0
472.0
621.0
480.0
615.0
555.0
506.0
562.0
774.0
599.0
591.0
822.0
709.0
581.0
607.0
637.0
652.0
477.0
429.0
476.0
767.0
634.0
492.0
430.0
462.0
515.0
587.0
569.0
573.0
499.0
500.0
685.0
516.0
688.0
621.0
775.0
628.0
609.0
654.0
844.0
847.0
838.0
915.0
827.0
906.0
875.0
915.0
1022.0
1048.0
986.0
928.0
938.0
962.0
746.0
620.0
734.0
841.0
691.0
586.0
483.0
491.0
534.0
648.0
667.0
657.0
620.0
720.0
748.0
761.0
782.0
766.0
791.0
779.0
778.0
734.0
687.0
790.0
870.0
657.0
482.0
517.0
720.0
635.0
488.0
711.0
623.0
550.0
560.0
718.0
725.0
710.0
696.0
808.0
819.0
885.0
928.0
912.0
909.0
910.0
726.0
677.0
671.0
509.0
542.0
605.0
562.0
644.0
645.0
725.0
765.0
795.0
835.0
821.0
818.0
702.0
726.0
792.0
824.0
947.0
1003.0
1032.0
915.0
871.0
677.0
674.0
604.0
585.0
674.0
600.0
681.0
666.0
698.0
707.0
715.0
669.0
520.0
608.0
735.0
628.0
727.0
563.0
616.0
503.0
578.0
598.0
