717.0
613.0
604.0
511.0
513.0
529.0
506.0
528.0
549.0
602.0
651.0
577.0
573.0
641.0
676.0
611.0
536.0
506.0
622.0
539.0
475.0
614.0
600.0
577.0
581.0
577.0
523.0
524.0
498.0
524.0
537.0
564.0
587.0
592.0
564.0
506.0
586.0
648.0
637.0
633.0
564.0
601.0
663.0
650.0
673.0
707.0
846.0
1030.0
994.0
1033.0
1128.0
1155.0
1380.0
1128.0
1200.0
1014.0
1093.0
1132.0
795.0
648.0
486.0
529.0
507.0
561.0
604.0
519.0
612.0
582.0
965.0
878.0
1094.0
1004.0
886.0
706.0
639.0
870.0
1000.0
1044.0
992.0
896.0
1066.0
985.0
785.0
704.0
573.0
733.0
677.0
618.0
564.0
587.0
716.0
663.0
628.0
618.0
766.0
850.0
896.0
821.0
968.0
936.0
1004.0
987.0
889.0
843.0
691.0
665.0
570.0
522.0
524.0
510.0
516.0
584.0
623.0
639.0
656.0
714.0
705.0
803.0
707.0
889.0
848.0
889.0
887.0
948.0
1132.0
1209.0
1143.0
929.0
1018.0
802.0
648.0
484.0
512.0
559.0
576.0
487.0
988.0
947.0
828.0
715.0
702.0
1027.0
997.0
945.0
1058.0
931.0
1036.0
1051.0
958.0
1082.0
938.0
750.0
771.0
817.0
768.0
534.0
688.0
687.0
696.0
772.0
711.0
729.0
696.0
629.0
692.0
707.0
641.0
579.0
671.0
622.0
633.0
673.0
578.0
571.0
580.0
654.0
605.0
585.0
545.0
482.0
529.0
611.0
610.0
629.0
566.0
471.0
601.0
665.0
509.0
536.0
549.0
494.0
567.0
624.0
564.0
465.0
520.0
579.0
479.0
641.0
525.0
603.0
575.0
474.0
547.0
793.0
584.0
595.0
801.0
694.0
616.0
683.0
677.0
616.0
505.0
423.0
503.0
773.0
635.0
504.0
459.0
490.0
498.0
582.0
593.0
591.0
512.0
485.0
710.0
544.0
601.0
705.0
840.0
683.0
567.0
795.0
819.0
805.0
856.0
906.0
863.0
919.0
904.0
959.0
1034.0
1043.0
944.0
943.0
977.0
953.0
728.0
555.0
768.0
872.0
612.0
546.0
528.0
439.0
531.0
646.0
663.0
628.0
636.0
701.0
730.0
752.0
754.0
810.0
764.0
801.0
771.0
793.0
700.0
795.0
892.0
696.0
474.0
618.0
699.0
552.0
541.0
702.0
577.0
531.0
605.0
738.0
711.0
675.0
749.0
789.0
776.0
842.0
900.0
926.0
902.0
890.0
738.0
671.0
660.0
491.0
527.0
647.0
615.0
627.0
656.0
711.0
724.0
764.0
803.0
788.0
828.0
656.0
721.0
757.0
774.0
915.0
1009.0
1012.0
899.0
847.0
662.0
700.0
556.0
583.0
649.0
567.0
667.0
671.0
716.0
665.0
742.0
641.0
510.0
613.0
715.0
606.0
693.0
591.0
589.0
498.0
558.0
595.0
