541.0
498.0
559.0
504.0
450.0
475.0
467.0
477.0
499.0
498.0
506.0
526.0
518.0
524.0
596.0
526.0
475.0
462.0
595.0
520.0
442.0
528.0
516.0
479.0
506.0
495.0
480.0
458.0
462.0
485.0
472.0
496.0
507.0
525.0
505.0
478.0
491.0
563.0
573.0
571.0
499.0
556.0
532.0
589.0
616.0
662.0
919.0
1088.0
995.0
1054.0
1197.0
1233.0
1472.0
1130.0
1255.0
1018.0
1133.0
1239.0
746.0
469.0
456.0
491.0
508.0
557.0
530.0
465.0
563.0
558.0
1163.0
798.0
1063.0
1002.0
809.0
581.0
647.0
982.0
1124.0
1085.0
974.0
833.0
1149.0
1011.0
668.0
604.0
609.0
751.0
697.0
555.0
487.0
537.0
772.0
684.0
516.0
574.0
829.0
931.0
862.0
761.0
989.0
952.0
1055.0
1007.0
838.0
791.0
671.0
658.0
558.0
493.0
488.0
516.0
503.0
551.0
549.0
612.0
558.0
734.0
697.0
802.0
683.0
882.0
841.0
883.0
926.0
967.0
1275.0
1273.0
1186.0
944.0
998.0
773.0
501.0
478.0
503.0
546.0
545.0
495.0
1310.0
797.0
628.0
761.0
668.0
1104.0
1027.0
910.0
1131.0
952.0
1086.0
1083.0
954.0
1181.0
967.0
611.0
782.0
876.0
820.0
499.0
712.0
699.0
664.0
778.0
734.0
702.0
693.0
614.0
670.0
715.0
626.0
514.0
646.0
613.0
606.0
636.0
520.0
536.0
535.0
647.0
608.0
530.0
490.0
486.0
538.0
569.0
590.0
561.0
499.0
490.0
573.0
597.0
513.0
528.0
506.0
483.0
541.0
568.0
500.0
460.0
477.0
544.0
472.0
622.0
520.0
585.0
547.0
467.0
522.0
823.0
580.0
538.0
810.0
669.0
554.0
576.0
616.0
627.0
477.0
441.0
489.0
789.0
607.0
445.0
464.0
483.0
512.0
573.0
524.0
528.0
509.0
464.0
651.0
543.0
642.0
648.0
791.0
676.0
542.0
680.0
920.0
898.0
821.0
962.0
834.0
953.0
892.0
1024.0
1105.0
1060.0
929.0
908.0
991.0
921.0
694.0
537.0
802.0
847.0
632.0
550.0
529.0
467.0
558.0
662.0
644.0
601.0
604.0
731.0
778.0
747.0
798.0
789.0
806.0
811.0
768.0
735.0
694.0
871.0
895.0
555.0
456.0
641.0
745.0
571.0
488.0
748.0
573.0
526.0
534.0
763.0
717.0
643.0
715.0
802.0
856.0
892.0
902.0
913.0
924.0
905.0
745.0
691.0
723.0
534.0
556.0
596.0
580.0
630.0
653.0
679.0
775.0
782.0
833.0
830.0
815.0
690.0
752.0
788.0
851.0
967.0
1027.0
1031.0
936.0
874.0
683.0
710.0
544.0
612.0
714.0
624.0
623.0
643.0
702.0
650.0
733.0
621.0
470.0
552.0
745.0
594.0
661.0
539.0
583.0
465.0
547.0
573.0
