674.0
614.0
634.0
562.0
541.0
521.0
507.0
528.0
531.0
593.0
618.0
589.0
567.0
627.0
649.0
595.0
542.0
512.0
619.0
502.0
512.0
572.0
577.0
568.0
567.0
573.0
536.0
520.0
491.0
512.0
520.0
565.0
568.0
599.0
552.0
503.0
558.0
655.0
646.0
628.0
561.0
604.0
648.0
645.0
666.0
703.0
846.0
1007.0
954.0
995.0
1133.0
1159.0
1465.0
1049.0
1206.0
927.0
1080.0
1152.0
652.0
562.0
489.0
590.0
537.0
600.0
580.0
528.0
600.0
553.0
1048.0
770.0
1053.0
920.0
798.0
635.0
704.0
910.0
1026.0
1017.0
937.0
814.0
1061.0
924.0
677.0
678.0
622.0
804.0
677.0
633.0
582.0
613.0
759.0
688.0
648.0
631.0
808.0
847.0
856.0
750.0
945.0
906.0
974.0
950.0
814.0
765.0
675.0
697.0
598.0
587.0
543.0
537.0
521.0
576.0
611.0
623.0
643.0
727.0
714.0
814.0
692.0
894.0
794.0
866.0
853.0
920.0
1151.0
1229.0
1117.0
873.0
983.0
730.0
582.0
512.0
538.0
606.0
573.0
481.0
1070.0
897.0
757.0
766.0
728.0
1017.0
963.0
919.0
1034.0
900.0
1012.0
1023.0
908.0
1105.0
889.0
693.0
766.0
814.0
806.0
522.0
732.0
709.0
714.0
756.0
756.0
759.0
707.0
685.0
753.0
720.0
671.0
572.0
642.0
603.0
705.0
659.0
557.0
590.0
584.0
652.0
571.0
614.0
521.0
494.0
524.0
598.0
602.0
620.0
557.0
473.0
564.0
651.0
513.0
510.0
541.0
505.0
558.0
593.0
547.0
461.0
490.0
600.0
492.0
587.0
473.0
624.0
493.0
520.0
537.0
793.0
526.0
625.0
792.0
711.0
638.0
602.0
677.0
676.0
512.0
421.0
489.0
780.0
586.0
520.0
410.0
465.0
536.0
592.0
574.0
567.0
494.0
495.0
673.0
499.0
711.0
614.0
810.0
600.0
657.0
650.0
808.0
875.0
823.0
901.0
887.0
875.0
879.0
890.0
1031.0
1033.0
989.0
877.0
950.0
939.0
786.0
625.0
734.0
858.0
661.0
581.0
570.0
471.0
511.0
579.0
632.0
601.0
592.0
763.0
723.0
764.0
742.0
867.0
788.0
836.0
760.0
783.0
699.0
776.0
930.0
683.0
434.0
530.0
807.0
628.0
555.0
695.0
565.0
576.0
532.0
755.0
668.0
689.0
671.0
802.0
789.0
864.0
897.0
911.0
899.0
884.0
720.0
692.0
694.0
527.0
579.0
602.0
533.0
644.0
619.0
725.0
711.0
801.0
792.0
810.0
808.0
669.0
790.0
770.0
828.0
932.0
1030.0
1024.0
870.0
859.0
614.0
747.0
551.0
679.0
666.0
607.0
672.0
625.0
715.0
626.0
761.0
561.0
518.0
594.0
735.0
558.0
729.0
502.0
637.0
475.0
599.0
582.0
