1040.0
1016.0
998.0
997.0
966.0
861.0
812.0
760.0
753.0
781.0
782.0
783.0
724.0
809.0
834.0
926.0
1008.0
1085.0
1047.0
1080.0
1089.0
1110.0
1177.0
1127.0
1043.0
1020.0
1000.0
1002.0
971.0
864.0
816.0
767.0
761.0
791.0
790.0
787.0
733.0
823.0
842.0
932.0
1014.0
1090.0
1057.0
1088.0
1096.0
1123.0
1189.0
1142.0
1053.0
1026.0
1009.0
1012.0
976.0
878.0
826.0
771.0
765.0
799.0
793.0
787.0
747.0
835.0
849.0
937.0
1024.0
1094.0
1061.0
1098.0
1105.0
1126.0
1205.0
1152.0
1059.0
1037.0
1016.0
1019.0
984.0
882.0
830.0
775.0
770.0
804.0
801.0
796.0
755.0
840.0
855.0
944.0
1032.0
1104.0
1074.0
1115.0
1111.0
1136.0
1209.0
1156.0
1065.0
1043.0
1026.0
1029.0
992.0
885.0
831.0
777.0
778.0
812.0
800.0
798.0
765.0
848.0
872.0
956.0
1038.0
1109.0
1077.0
1126.0
1120.0
1144.0
1216.0
1157.0
1067.0
1047.0
1030.0
1036.0
997.0
888.0
832.0
773.0
775.0
815.0
812.0
804.0
768.0
852.0
876.0
961.0
1045.0
1113.0
1080.0
1134.0
1127.0
1148.0
1225.0
1159.0
1070.0
1056.0
1038.0
1041.0
1007.0
892.0
837.0
780.0
823.0
838.0
819.0
801.0
769.0
854.0
878.0
964.0
1049.0
1118.0
1085.0
1142.0
1132.0
1152.0
1231.0
1161.0
1079.0
1058.0
1036.0
1043.0
1009.0
894.0
838.0
780.0
833.0
838.0
816.0
807.0
775.0
890.0
894.0
970.0
1047.0
1112.0
1091.0
1148.0
1129.0
1156.0
1233.0
1161.0
1083.0
1064.0
1038.0
1047.0
1010.0
901.0
854.0
792.0
838.0
846.0
820.0
811.0
777.0
899.0
895.0
973.0
1046.0
1114.0
1089.0
1156.0
1133.0
1160.0
1236.0
1166.0
1087.0
1068.0
1040.0
1050.0
1012.0
906.0
858.0
797.0
846.0
850.0
830.0
814.0
782.0
902.0
901.0
986.0
1050.0
1119.0
1099.0
1162.0
1136.0
1167.0
1237.0
1161.0
1091.0
1072.0
1047.0
1054.0
1013.0
909.0
863.0
802.0
855.0
856.0
834.0
821.0
786.0
907.0
906.0
990.0
1054.0
1124.0
1108.0
1176.0
1142.0
1173.0
1240.0
1169.0
1103.0
1079.0
1051.0
1060.0
1018.0
917.0
867.0
808.0
859.0
858.0
837.0
826.0
790.0
910.0
907.0
992.0
1070.0
1136.0
1119.0
1179.0
1145.0
1174.0
1244.0
1176.0
1107.0
1086.0
1057.0
1068.0
1025.0
921.0
869.0
811.0
865.0
865.0
848.0
830.0
794.0
912.0
908.0
996.0
1076.0
1137.0
1120.0
1188.0
1149.0
1179.0
1251.0
1181.0
1115.0
1092.0
1062.0
1072.0
1028.0
927.0
875.0
817.0
873.0
871.0
849.0
832.0
796.0
913.0
911.0
999.0
1079.0
1140.0
1125.0
1205.0
1154.0
1183.0
1254.0
1186.0
1117.0
1093.0
1065.0
1073.0
1034.0
932.0
