1076.0
1081.0
1058.0
1055.0
996.0
832.0
803.0
751.0
741.0
775.0
749.0
747.0
688.0
804.0
802.0
930.0
1049.0
1157.0
1069.0
1150.0
1174.0
1208.0
1321.0
1222.0
1081.0
1085.0
1059.0
1062.0
1002.0
834.0
807.0
756.0
747.0
786.0
756.0
750.0
698.0
819.0
808.0
938.0
1057.0
1165.0
1086.0
1163.0
1183.0
1231.0
1339.0
1246.0
1096.0
1093.0
1073.0
1075.0
1008.0
855.0
817.0
759.0
752.0
794.0
757.0
750.0
713.0
831.0
813.0
944.0
1072.0
1165.0
1095.0
1177.0
1195.0
1230.0
1364.0
1260.0
1104.0
1109.0
1081.0
1084.0
1019.0
859.0
820.0
763.0
757.0
799.0
766.0
759.0
720.0
833.0
823.0
950.0
1083.0
1183.0
1116.0
1202.0
1201.0
1247.0
1369.0
1267.0
1116.0
1117.0
1093.0
1098.0
1027.0
862.0
822.0
764.0
765.0
806.0
763.0
763.0
727.0
841.0
845.0
963.0
1089.0
1190.0
1122.0
1222.0
1215.0
1254.0
1377.0
1268.0
1119.0
1123.0
1099.0
1107.0
1034.0
864.0
824.0
760.0
765.0
810.0
776.0
768.0
728.0
848.0
849.0
970.0
1098.0
1197.0
1126.0
1234.0
1224.0
1260.0
1392.0
1271.0
1124.0
1137.0
1108.0
1111.0
1049.0
867.0
828.0
767.0
826.0
823.0
779.0
768.0
731.0
852.0
852.0
973.0
1105.0
1202.0
1133.0
1244.0
1231.0
1265.0
1402.0
1272.0
1145.0
1138.0
1106.0
1114.0
1052.0
868.0
829.0
767.0
841.0
816.0
779.0
774.0
736.0
905.0
860.0
975.0
1103.0
1186.0
1145.0
1253.0
1217.0
1270.0
1404.0
1273.0
1152.0
1151.0
1108.0
1122.0
1053.0
879.0
851.0
774.0
847.0
826.0
781.0
779.0
739.0
917.0
856.0
984.0
1094.0
1190.0
1137.0
1270.0
1224.0
1277.0
1407.0
1278.0
1157.0
1155.0
1110.0
1127.0
1053.0
887.0
853.0
779.0
855.0
827.0
792.0
780.0
743.0
922.0
864.0
1004.0
1097.0
1198.0
1155.0
1277.0
1227.0
1289.0
1406.0
1261.0
1163.0
1158.0
1120.0
1130.0
1053.0
891.0
858.0
784.0
868.0
833.0
795.0
788.0
746.0
927.0
871.0
1008.0
1104.0
1205.0
1169.0
1299.0
1234.0
1299.0
1411.0
1276.0
1182.0
1167.0
1125.0
1139.0
1060.0
901.0
861.0
790.0
871.0
835.0
799.0
792.0
749.0
931.0
872.0
1012.0
1130.0
1229.0
1185.0
1304.0
1237.0
1301.0
1419.0
1287.0
1187.0
1176.0
1132.0
1152.0
1069.0
904.0
863.0
793.0
878.0
843.0
812.0
795.0
752.0
928.0
878.0
1019.0
1140.0
1233.0
1193.0
1319.0
1245.0
1307.0
1431.0
1297.0
1201.0
1182.0
1136.0
1155.0
1074.0
915.0
867.0
797.0
885.0
848.0
813.0
799.0
755.0
930.0
882.0
1023.0
1144.0
1235.0
1201.0
1347.0
1248.0
1313.0
1435.0
1305.0
1202.0
1183.0
1140.0
1156.0
1083.0
920.0
