1064.0
1335.0
1268.0
1053.0
1522.0
1203.0
1079.0
1017.0
1071.0
1433.0
1325.0
1474.0
1102.0
1400.0
1336.0
1059.0
985.0
1314.0
1488.0
1510.0
1599.0
1315.0
1371.0
1584.0
1268.0
1456.0
1407.0
1499.0
1697.0
1401.0
1209.0
1092.0
994.0
945.0
1607.0
1155.0
1122.0
1007.0
914.0
1061.0
1010.0
1080.0
911.0
890.0
876.0
1390.0
1153.0
1034.0
1172.0
1084.0
961.0
827.0
1164.0
1435.0
1028.0
792.0
880.0
832.0
900.0
761.0
817.0
885.0
935.0
924.0
961.0
1004.0
1447.0
1434.0
1341.0
1326.0
1397.0
1253.0
1369.0
1226.0
964.0
903.0
879.0
1045.0
1084.0
1059.0
1079.0
1210.0
1454.0
1222.0
1155.0
1034.0
937.0
956.0
1393.0
1140.0
1261.0
1057.0
1377.0
1234.0
940.0
1230.0
1556.0
1182.0
1406.0
1288.0
1149.0
1164.0
1028.0
1070.0
1038.0
974.0
1316.0
1440.0
1457.0
1519.0
1299.0
1174.0
1043.0
1355.0
1399.0
1326.0
1123.0
1161.0
1590.0
1607.0
1406.0
1471.0
1434.0
1536.0
1631.0
1529.0
1587.0
1507.0
1301.0
1079.0
947.0
1347.0
1404.0
1312.0
1052.0
1000.0
1216.0
1100.0
942.0
1283.0
1192.0
1159.0
1362.0
1444.0
1164.0
949.0
1025.0
1211.0
1570.0
1524.0
1015.0
1219.0
1573.0
1450.0
1405.0
1092.0
892.0
886.0
875.0
865.0
780.0
724.0
736.0
700.0
662.0
660.0
632.0
605.0
579.0
560.0
657.0
737.0
1055.0
793.0
1046.0
1484.0
946.0
770.0
1321.0
1132.0
1243.0
989.0
742.0
883.0
886.0
878.0
891.0
933.0
765.0
842.0
883.0
903.0
871.0
993.0
776.0
988.0
942.0
822.0
931.0
889.0
879.0
1161.0
1011.0
1091.0
812.0
836.0
794.0
902.0
762.0
626.0
818.0
680.0
776.0
725.0
650.0
914.0
843.0
1026.0
968.0
945.0
790.0
871.0
928.0
716.0
1015.0
833.0
926.0
795.0
695.0
738.0
641.0
715.0
587.0
723.0
971.0
769.0
1020.0
1095.0
756.0
881.0
1081.0
804.0
927.0
1133.0
780.0
963.0
907.0
753.0
819.0
928.0
911.0
706.0
1052.0
907.0
896.0
781.0
968.0
1100.0
681.0
924.0
1069.0
787.0
850.0
1066.0
781.0
926.0
1036.0
807.0
706.0
1015.0
880.0
1002.0
822.0
643.0
909.0
726.0
1090.0
850.0
803.0
736.0
1048.0
1021.0
881.0
813.0
839.0
968.0
760.0
771.0
713.0
852.0
642.0
1047.0
810.0
921.0
868.0
1005.0
919.0
663.0
842.0
843.0
747.0
590.0
688.0
649.0
1102.0
979.0
1043.0
1384.0
1133.0
828.0
749.0
806.0
797.0
978.0
852.0
1327.0
1545.0
987.0
765.0
1323.0
1171.0
1446.0
1232.0
914.0
1380.0
1299.0
1042.0
1270.0
1618.0
1146.0
1387.0
1332.0
1081.0
1043.0
1480.0
1190.0
1274.0
