1091.0
1417.0
1044.0
863.0
1665.0
1006.0
933.0
927.0
875.0
1306.0
1093.0
1511.0
1139.0
1496.0
1188.0
977.0
914.0
1245.0
1251.0
1489.0
1591.0
1337.0
1493.0
1611.0
1210.0
1648.0
1230.0
1518.0
1697.0
1258.0
1200.0
1032.0
773.0
639.0
1602.0
1012.0
974.0
935.0
761.0
690.0
759.0
893.0
690.0
700.0
601.0
1321.0
867.0
986.0
1046.0
917.0
754.0
684.0
1001.0
1179.0
833.0
788.0
633.0
603.0
540.0
498.0
513.0
622.0
555.0
665.0
596.0
728.0
1224.0
1163.0
1273.0
1400.0
1382.0
1315.0
1475.0
1146.0
917.0
807.0
691.0
791.0
837.0
880.0
970.0
997.0
1336.0
1059.0
1157.0
944.0
866.0
734.0
1351.0
940.0
1291.0
1041.0
1401.0
1140.0
889.0
1317.0
1391.0
952.0
1572.0
1258.0
1072.0
1255.0
865.0
820.0
861.0
705.0
1251.0
1166.0
1349.0
1557.0
1272.0
1282.0
1029.0
1358.0
1213.0
1196.0
1130.0
1157.0
1595.0
1360.0
1337.0
1625.0
1422.0
1651.0
1584.0
1493.0
1660.0
1523.0
1222.0
1077.0
831.0
1254.0
1094.0
1254.0
1075.0
920.0
1058.0
738.0
764.0
1296.0
891.0
1028.0
1415.0
1223.0
1152.0
944.0
897.0
990.0
1457.0
1412.0
1165.0
1455.0
1400.0
1347.0
1474.0
1147.0
899.0
725.0
648.0
621.0
597.0
584.0
554.0
465.0
439.0
421.0
388.0
380.0
349.0
326.0
369.0
401.0
873.0
460.0
874.0
1288.0
769.0
757.0
1335.0
741.0
1187.0
772.0
721.0
607.0
575.0
526.0
799.0
649.0
610.0
519.0
563.0
489.0
658.0
572.0
506.0
577.0
559.0
433.0
714.0
414.0
658.0
710.0
710.0
802.0
507.0
463.0
444.0
577.0
432.0
452.0
595.0
386.0
537.0
337.0
419.0
615.0
494.0
665.0
575.0
546.0
391.0
619.0
465.0
485.0
641.0
442.0
620.0
410.0
387.0
401.0
353.0
474.0
396.0
549.0
617.0
436.0
743.0
657.0
379.0
662.0
623.0
485.0
683.0
615.0
461.0
825.0
440.0
496.0
500.0
581.0
527.0
511.0
672.0
484.0
640.0
437.0
687.0
674.0
449.0
634.0
645.0
438.0
649.0
572.0
512.0
684.0
599.0
504.0
553.0
648.0
455.0
834.0
416.0
505.0
581.0
364.0
901.0
554.0
580.0
549.0
851.0
589.0
723.0
550.0
702.0
581.0
400.0
544.0
577.0
547.0
382.0
866.0
495.0
791.0
540.0
769.0
615.0
526.0
519.0
613.0
460.0
443.0
527.0
538.0
980.0
634.0
893.0
1382.0
847.0
868.0
741.0
672.0
548.0
947.0
747.0
1239.0
1387.0
939.0
932.0
1379.0
857.0
1403.0
1185.0
1001.0
1550.0
959.0
972.0
1432.0
1300.0
1137.0
1498.0
1239.0
1046.0
1077.0
1336.0
1090.0
1346.0
