1136.0
1620.0
1156.0
1002.0
1802.0
966.0
1002.0
995.0
1212.0
1575.0
1034.0
1702.0
1059.0
1835.0
1301.0
1020.0
1006.0
1499.0
1344.0
1576.0
1652.0
1263.0
1614.0
1758.0
1171.0
1915.0
1337.0
1722.0
1817.0
1249.0
1283.0
1053.0
1004.0
867.0
1729.0
994.0
1125.0
1009.0
1094.0
948.0
930.0
962.0
805.0
865.0
805.0
1553.0
708.0
1096.0
1215.0
1150.0
867.0
933.0
1227.0
1363.0
718.0
973.0
900.0
931.0
920.0
846.0
806.0
1000.0
877.0
963.0
870.0
991.0
1447.0
1217.0
1393.0
1541.0
1527.0
1370.0
1622.0
1187.0
1012.0
964.0
941.0
960.0
993.0
955.0
1106.0
1117.0
1489.0
1068.0
1320.0
1037.0
1045.0
909.0
1519.0
741.0
1486.0
1082.0
1684.0
1148.0
916.0
1426.0
1593.0
783.0
1828.0
1320.0
1216.0
1408.0
1066.0
937.0
966.0
826.0
1471.0
1182.0
1566.0
1561.0
1293.0
1418.0
1224.0
1515.0
1269.0
1237.0
1186.0
1370.0
1715.0
1335.0
1410.0
1652.0
1441.0
1740.0
1578.0
1460.0
1660.0
1473.0
1261.0
1036.0
1010.0
1328.0
1157.0
1200.0
1066.0
1098.0
1177.0
889.0
853.0
1350.0
889.0
1086.0
1461.0
1358.0
1094.0
992.0
1071.0
1159.0
1608.0
1404.0
1039.0
1637.0
1510.0
1357.0
1558.0
1215.0
1060.0
875.0
815.0
694.0
630.0
652.0
784.0
724.0
687.0
711.0
634.0
548.0
549.0
529.0
534.0
624.0
1214.0
522.0
1072.0
1565.0
714.0
1024.0
1522.0
746.0
1438.0
795.0
941.0
930.0
996.0
715.0
1109.0
811.0
789.0
763.0
907.0
758.0
889.0
843.0
774.0
966.0
965.0
734.0
1043.0
697.0
965.0
1022.0
921.0
1068.0
755.0
949.0
870.0
905.0
715.0
687.0
1004.0
600.0
784.0
655.0
639.0
921.0
638.0
859.0
937.0
933.0
876.0
966.0
823.0
750.0
998.0
721.0
882.0
877.0
697.0
779.0
585.0
747.0
560.0
769.0
907.0
526.0
1057.0
1080.0
697.0
1047.0
912.0
722.0
1086.0
979.0
706.0
1127.0
805.0
804.0
832.0
903.0
734.0
732.0
1039.0
745.0
830.0
872.0
948.0
1017.0
664.0
983.0
1054.0
585.0
988.0
878.0
743.0
975.0
950.0
675.0
799.0
1010.0
760.0
1119.0
625.0
720.0
924.0
642.0
1118.0
643.0
810.0
974.0
996.0
792.0
922.0
781.0
940.0
884.0
791.0
718.0
931.0
760.0
800.0
1101.0
643.0
979.0
847.0
1035.0
797.0
803.0
825.0
911.0
636.0
783.0
773.0
851.0
1151.0
721.0
1078.0
1665.0
935.0
992.0
989.0
1007.0
714.0
1093.0
698.0
1540.0
1589.0
793.0
1203.0
1513.0
748.0
1653.0
1268.0
1011.0
1758.0
1024.0
896.0
1619.0
1394.0
898.0
1799.0
1396.0
1143.0
1251.0
1384.0
815.0
1576.0
