1060.0
1430.0
1134.0
873.0
1539.0
1051.0
942.0
880.0
979.0
1397.0
1144.0
1527.0
1017.0
1485.0
1126.0
866.0
913.0
1302.0
1377.0
1453.0
1596.0
1301.0
1468.0
1570.0
1119.0
1635.0
1249.0
1544.0
1639.0
1346.0
1219.0
1019.0
907.0
832.0
1507.0
1093.0
937.0
895.0
845.0
864.0
813.0
937.0
736.0
702.0
664.0
1278.0
895.0
994.0
908.0
936.0
754.0
684.0
981.0
1217.0
858.0
698.0
628.0
685.0
667.0
610.0
588.0
647.0
627.0
694.0
629.0
750.0
1175.0
1204.0
1310.0
1302.0
1380.0
1228.0
1478.0
1091.0
826.0
794.0
749.0
930.0
905.0
912.0
912.0
1017.0
1339.0
1126.0
1218.0
951.0
877.0
839.0
1361.0
1044.0
1319.0
969.0
1413.0
1142.0
887.0
1273.0
1433.0
1179.0
1528.0
1206.0
1037.0
1275.0
954.0
985.0
952.0
828.0
1283.0
1239.0
1453.0
1511.0
1327.0
1309.0
1093.0
1422.0
1314.0
1275.0
1204.0
1220.0
1572.0
1490.0
1495.0
1544.0
1402.0
1645.0
1567.0
1532.0
1646.0
1469.0
1175.0
1082.0
1031.0
1364.0
1258.0
1325.0
1090.0
1026.0
1181.0
931.0
901.0
1251.0
1032.0
1097.0
1359.0
1327.0
1188.0
982.0
986.0
1111.0
1482.0
1419.0
1217.0
1413.0
1445.0
1411.0
1453.0
1130.0
925.0
825.0
781.0
739.0
646.0
656.0
619.0
600.0
585.0
566.0
543.0
512.0
489.0
462.0
488.0
490.0
871.0
593.0
905.0
1196.0
819.0
792.0
1174.0
800.0
1258.0
770.0
703.0
687.0
740.0
684.0
813.0
671.0
632.0
623.0
719.0
625.0
715.0
645.0
639.0
659.0
708.0
595.0
764.0
556.0
745.0
759.0
845.0
835.0
620.0
658.0
624.0
688.0
583.0
556.0
678.0
541.0
630.0
488.0
531.0
642.0
598.0
719.0
605.0
708.0
603.0
722.0
604.0
593.0
713.0
595.0
710.0
567.0
557.0
560.0
536.0
586.0
479.0
599.0
679.0
563.0
742.0
687.0
618.0
723.0
690.0
610.0
726.0
713.0
630.0
810.0
594.0
636.0
593.0
710.0
626.0
581.0
744.0
622.0
698.0
566.0
760.0
730.0
603.0
715.0
730.0
639.0
709.0
635.0
617.0
715.0
752.0
648.0
599.0
720.0
602.0
853.0
546.0
611.0
611.0
572.0
956.0
636.0
704.0
586.0
918.0
778.0
754.0
582.0
703.0
703.0
647.0
620.0
622.0
643.0
574.0
860.0
645.0
798.0
647.0
919.0
729.0
616.0
654.0
747.0
641.0
570.0
554.0
616.0
1029.0
838.0
927.0
1251.0
983.0
858.0
774.0
800.0
710.0
990.0
796.0
1225.0
1377.0
1026.0
889.0
1281.0
903.0
1428.0
1125.0
877.0
1457.0
1197.0
1011.0
1404.0
1443.0
1314.0
1481.0
1314.0
1035.0
1264.0
1441.0
1275.0
1336.0
