1126.0
1322.0
1106.0
802.0
1529.0
1160.0
948.0
1132.0
1035.0
1384.0
1208.0
1543.0
1110.0
1519.0
1123.0
804.0
1107.0
1278.0
1419.0
1542.0
1614.0
1234.0
1559.0
1488.0
1111.0
1715.0
1150.0
1572.0
1620.0
1159.0
1433.0
1224.0
1045.0
969.0
1299.0
1288.0
1068.0
1142.0
935.0
965.0
1020.0
1049.0
697.0
659.0
649.0
1100.0
1042.0
954.0
1124.0
917.0
778.0
715.0
1025.0
1143.0
774.0
753.0
783.0
729.0
608.0
564.0
621.0
679.0
625.0
730.0
692.0
830.0
1154.0
1255.0
1393.0
1349.0
1353.0
1262.0
1498.0
1060.0
797.0
987.0
793.0
867.0
827.0
874.0
992.0
1029.0
1271.0
1052.0
1128.0
1002.0
884.0
901.0
1191.0
1042.0
1239.0
1068.0
1405.0
1148.0
763.0
1305.0
1476.0
1132.0
1560.0
1234.0
968.0
1390.0
976.0
1048.0
1105.0
861.0
1112.0
1191.0
1377.0
1487.0
1170.0
1343.0
1172.0
1435.0
1454.0
1298.0
1235.0
1129.0
1444.0
1488.0
1555.0
1595.0
1240.0
1699.0
1580.0
1463.0
1707.0
1338.0
1358.0
1222.0
1045.0
1349.0
1315.0
1339.0
1180.0
969.0
1205.0
857.0
845.0
1173.0
957.0
1010.0
1291.0
1200.0
1168.0
1010.0
1024.0
1121.0
1398.0
1370.0
1171.0
1423.0
1345.0
1483.0
1562.0
1155.0
963.0
926.0
755.0
676.0
556.0
492.0
582.0
461.0
440.0
504.0
408.0
434.0
407.0
419.0
440.0
396.0
883.0
550.0
971.0
1232.0
982.0
866.0
983.0
756.0
1169.0
916.0
837.0
978.0
677.0
707.0
838.0
691.0
627.0
792.0
737.0
624.0
726.0
720.0
740.0
807.0
849.0
660.0
905.0
570.0
950.0
1019.0
878.0
1017.0
681.0
850.0
780.0
926.0
722.0
624.0
744.0
464.0
758.0
542.0
614.0
627.0
702.0
937.0
665.0
816.0
646.0
906.0
672.0
753.0
877.0
661.0
885.0
645.0
708.0
658.0
573.0
792.0
566.0
584.0
680.0
613.0
1005.0
862.0
608.0
764.0
868.0
675.0
922.0
858.0
731.0
1106.0
653.0
765.0
840.0
924.0
825.0
704.0
913.0
676.0
845.0
663.0
914.0
833.0
683.0
1010.0
872.0
623.0
828.0
903.0
876.0
971.0
863.0
717.0
837.0
899.0
645.0
1053.0
647.0
848.0
921.0
626.0
1085.0
518.0
683.0
799.0
949.0
777.0
898.0
616.0
839.0
911.0
717.0
807.0
755.0
668.0
636.0
1090.0
563.0
852.0
695.0
1035.0
802.0
632.0
610.0
823.0
699.0
689.0
677.0
654.0
955.0
760.0
981.0
1084.0
769.0
762.0
1024.0
777.0
605.0
898.0
677.0
1370.0
1372.0
888.0
1076.0
988.0
803.0
1490.0
1023.0
713.0
1299.0
1190.0
913.0
1351.0
1392.0
1269.0
1592.0
1209.0
1045.0
1331.0
1272.0
1331.0
1402.0
