987.0
1372.0
1047.0
852.0
1586.0
1036.0
839.0
838.0
884.0
1195.0
1025.0
1523.0
1029.0
1512.0
1138.0
915.0
837.0
1217.0
1211.0
1425.0
1584.0
1278.0
1428.0
1566.0
1173.0
1658.0
1257.0
1535.0
1648.0
1278.0
1180.0
1037.0
819.0
670.0
1637.0
1075.0
878.0
824.0
771.0
674.0
735.0
774.0
613.0
594.0
545.0
1200.0
803.0
871.0
919.0
901.0
676.0
641.0
915.0
1090.0
706.0
662.0
633.0
592.0
541.0
494.0
513.0
611.0
581.0
639.0
624.0
746.0
1152.0
1113.0
1235.0
1280.0
1342.0
1220.0
1422.0
1091.0
912.0
795.0
714.0
737.0
748.0
762.0
817.0
897.0
1226.0
1013.0
1091.0
929.0
828.0
743.0
1236.0
902.0
1170.0
962.0
1364.0
1124.0
857.0
1181.0
1402.0
916.0
1565.0
1258.0
1031.0
1177.0
945.0
810.0
859.0
715.0
1116.0
1092.0
1326.0
1470.0
1262.0
1239.0
1100.0
1313.0
1258.0
1174.0
1087.0
1145.0
1687.0
1382.0
1348.0
1560.0
1411.0
1636.0
1537.0
1527.0
1637.0
1499.0
1261.0
1088.0
958.0
1190.0
1159.0
1210.0
1024.0
945.0
1064.0
847.0
740.0
1168.0
926.0
938.0
1296.0
1209.0
1102.0
922.0
921.0
995.0
1371.0
1346.0
1103.0
1364.0
1394.0
1335.0
1379.0
1147.0
948.0
820.0
721.0
597.0
538.0
528.0
515.0
484.0
487.0
506.0
499.0
483.0
468.0
464.0
477.0
525.0
919.0
562.0
763.0
1290.0
801.0
711.0
1171.0
808.0
1043.0
734.0
683.0
608.0
625.0
567.0
793.0
676.0
599.0
610.0
694.0
610.0
692.0
635.0
598.0
645.0
707.0
557.0
742.0
554.0
689.0
769.0
777.0
811.0
612.0
631.0
626.0
683.0
543.0
525.0
696.0
528.0
608.0
505.0
539.0
677.0
587.0
688.0
662.0
695.0
598.0
692.0
614.0
562.0
708.0
574.0
663.0
595.0
562.0
566.0
503.0
611.0
495.0
605.0
714.0
548.0
726.0
772.0
540.0
677.0
717.0
593.0
693.0
769.0
579.0
783.0
628.0
613.0
605.0
697.0
611.0
574.0
743.0
632.0
646.0
608.0
764.0
730.0
557.0
700.0
763.0
577.0
680.0
701.0
637.0
715.0
778.0
633.0
629.0
764.0
630.0
804.0
607.0
636.0
669.0
575.0
911.0
640.0
619.0
689.0
862.0
682.0
690.0
659.0
737.0
707.0
612.0
634.0
659.0
677.0
614.0
842.0
646.0
771.0
713.0
823.0
683.0
602.0
686.0
711.0
610.0
595.0
658.0
673.0
975.0
708.0
821.0
1278.0
907.0
852.0
826.0
739.0
670.0
886.0
708.0
1129.0
1289.0
913.0
936.0
1233.0
930.0
1369.0
1031.0
965.0
1495.0
1084.0
966.0
1378.0
1273.0
1136.0
1507.0
1226.0
1096.0
1135.0
1260.0
1201.0
1330.0
