1313.0
1259.0
1352.0
1057.0
1334.0
1404.0
1075.0
1019.0
991.0
1129.0
1215.0
1333.0
1433.0
1341.0
1490.0
1101.0
1047.0
1135.0
1236.0
1356.0
1507.0
1570.0
1371.0
1480.0
1427.0
1491.0
1539.0
1440.0
1605.0
1543.0
1329.0
1251.0
1109.0
931.0
1366.0
1506.0
1112.0
1076.0
975.0
872.0
906.0
841.0
879.0
745.0
721.0
956.0
1086.0
910.0
1029.0
992.0
901.0
745.0
896.0
1031.0
1028.0
790.0
781.0
718.0
655.0
602.0
606.0
624.0
658.0
634.0
680.0
686.0
959.0
1225.0
1250.0
1345.0
1339.0
1344.0
1303.0
1337.0
1057.0
951.0
854.0
808.0
886.0
918.0
902.0
950.0
1125.0
1258.0
1141.0
1153.0
932.0
915.0
1091.0
1221.0
1106.0
1289.0
1208.0
1409.0
1020.0
1120.0
1305.0
1274.0
1374.0
1557.0
1195.0
1243.0
1135.0
994.0
1007.0
879.0
1056.0
1161.0
1264.0
1500.0
1448.0
1303.0
1263.0
1232.0
1367.0
1200.0
1238.0
1159.0
1421.0
1651.0
1451.0
1449.0
1476.0
1499.0
1557.0
1538.0
1566.0
1652.0
1370.0
1307.0
1154.0
1174.0
1260.0
1239.0
1225.0
1066.0
1093.0
1031.0
869.0
1065.0
1162.0
1015.0
1185.0
1274.0
1291.0
1072.0
1024.0
1010.0
1216.0
1433.0
1320.0
1276.0
1396.0
1397.0
1423.0
1350.0
1116.0
991.0
846.0
749.0
654.0
621.0
590.0
581.0
540.0
569.0
534.0
503.0
520.0
494.0
460.0
507.0
721.0
703.0
691.0
1058.0
1063.0
840.0
1057.0
1119.0
966.0
1080.0
756.0
753.0
704.0
669.0
698.0
742.0
653.0
608.0
644.0
674.0
647.0
657.0
614.0
612.0
689.0
621.0
654.0
638.0
571.0
750.0
727.0
816.0
756.0
674.0
638.0
620.0
637.0
546.0
588.0
645.0
559.0
564.0
530.0
603.0
632.0
642.0
673.0
656.0
673.0
643.0
704.0
566.0
648.0
660.0
607.0
657.0
524.0
543.0
501.0
544.0
532.0
527.0
630.0
672.0
605.0
708.0
676.0
652.0
683.0
669.0
611.0
728.0
701.0
669.0
735.0
622.0
630.0
655.0
705.0
559.0
637.0
725.0
641.0
608.0
593.0
778.0
664.0
641.0
714.0
667.0
582.0
681.0
676.0
622.0
707.0
678.0
590.0
617.0
679.0
665.0
724.0
568.0
646.0
592.0
733.0
792.0
595.0
684.0
705.0
805.0
676.0
691.0
642.0
636.0
650.0
589.0
573.0
616.0
581.0
680.0
762.0
664.0
726.0
751.0
812.0
644.0
626.0
657.0
677.0
550.0
554.0
592.0
814.0
921.0
769.0
1079.0
1256.0
992.0
888.0
791.0
776.0
859.0
948.0
958.0
1329.0
1229.0
986.0
1208.0
1220.0
1232.0
1465.0
1033.0
1329.0
1494.0
1164.0
1278.0
1392.0
1405.0
1352.0
1502.0
1245.0
1181.0
1265.0
1368.0
1254.0
