986.0
1376.0
1045.0
882.0
1557.0
1063.0
882.0
870.0
902.0
1277.0
1100.0
1500.0
1014.0
1480.0
1134.0
897.0
893.0
1260.0
1295.0
1470.0
1576.0
1219.0
1419.0
1557.0
1134.0
1626.0
1230.0
1576.0
1636.0
1322.0
1161.0
1025.0
928.0
801.0
1590.0
1137.0
939.0
899.0
805.0
803.0
783.0
860.0
704.0
705.0
614.0
1229.0
830.0
902.0
948.0
873.0
713.0
672.0
937.0
1123.0
772.0
699.0
647.0
611.0
602.0
565.0
555.0
655.0
614.0
691.0
638.0
748.0
1151.0
1132.0
1242.0
1251.0
1292.0
1163.0
1372.0
1062.0
863.0
800.0
733.0
837.0
857.0
836.0
884.0
970.0
1268.0
1013.0
1085.0
867.0
817.0
754.0
1305.0
901.0
1226.0
887.0
1367.0
1064.0
867.0
1197.0
1435.0
1031.0
1518.0
1192.0
1008.0
1191.0
942.0
875.0
924.0
775.0
1158.0
1174.0
1405.0
1471.0
1224.0
1162.0
992.0
1354.0
1236.0
1221.0
1042.0
1116.0
1577.0
1494.0
1404.0
1494.0
1392.0
1613.0
1582.0
1528.0
1621.0
1430.0
1223.0
1087.0
992.0
1361.0
1281.0
1260.0
1019.0
961.0
1119.0
891.0
801.0
1226.0
948.0
997.0
1266.0
1270.0
1025.0
900.0
891.0
1027.0
1418.0
1367.0
993.0
1341.0
1402.0
1372.0
1371.0
1053.0
887.0
821.0
751.0
670.0
633.0
587.0
599.0
541.0
525.0
535.0
510.0
498.0
470.0
439.0
478.0
473.0
922.0
549.0
861.0
1253.0
788.0
684.0
1230.0
780.0
1077.0
767.0
640.0
653.0
658.0
578.0
812.0
699.0
622.0
611.0
688.0
590.0
687.0
667.0
589.0
652.0
680.0
558.0
730.0
543.0
701.0
802.0
819.0
808.0
611.0
598.0
566.0
659.0
521.0
501.0
699.0
507.0
581.0
502.0
513.0
663.0
617.0
706.0
649.0
693.0
572.0
708.0
569.0
541.0
718.0
571.0
659.0
565.0
519.0
497.0
485.0
579.0
456.0
600.0
774.0
533.0
689.0
741.0
575.0
661.0
760.0
532.0
694.0
780.0
574.0
742.0
629.0
582.0
574.0
722.0
565.0
546.0
778.0
596.0
645.0
564.0
760.0
707.0
570.0
684.0
744.0
559.0
681.0
692.0
550.0
689.0
774.0
591.0
554.0
735.0
557.0
790.0
578.0
552.0
591.0
524.0
913.0
604.0
638.0
609.0
894.0
664.0
724.0
613.0
654.0
671.0
618.0
573.0
603.0
593.0
549.0
856.0
595.0
732.0
657.0
861.0
651.0
591.0
596.0
681.0
551.0
559.0
546.0
583.0
1017.0
764.0
832.0
1277.0
937.0
760.0
758.0
687.0
665.0
1030.0
704.0
1164.0
1329.0
918.0
820.0
1332.0
897.0
1349.0
1144.0
863.0
1457.0
1233.0
905.0
1395.0
1427.0
1162.0
1461.0
1318.0
991.0
1117.0
1420.0
1149.0
1324.0
