985.0
1393.0
1025.0
901.0
1510.0
1023.0
940.0
819.0
875.0
1250.0
1062.0
1528.0
1011.0
1533.0
1126.0
946.0
810.0
1252.0
1267.0
1501.0
1552.0
1296.0
1447.0
1513.0
1205.0
1590.0
1239.0
1585.0
1612.0
1378.0
1230.0
929.0
822.0
681.0
1488.0
1065.0
1038.0
819.0
711.0
744.0
760.0
853.0
671.0
708.0
612.0
1281.0
808.0
999.0
934.0
875.0
710.0
659.0
973.0
1112.0
766.0
722.0
643.0
608.0
582.0
530.0
539.0
655.0
606.0
683.0
611.0
757.0
1168.0
1119.0
1299.0
1271.0
1297.0
1157.0
1374.0
1043.0
901.0
725.0
696.0
804.0
835.0
844.0
913.0
995.0
1309.0
1022.0
1164.0
868.0
833.0
755.0
1324.0
855.0
1318.0
883.0
1408.0
1015.0
905.0
1186.0
1410.0
1006.0
1511.0
1180.0
1083.0
1128.0
892.0
847.0
869.0
753.0
1199.0
1155.0
1436.0
1476.0
1262.0
1217.0
934.0
1376.0
1224.0
1266.0
1061.0
1157.0
1498.0
1453.0
1445.0
1460.0
1364.0
1585.0
1570.0
1538.0
1580.0
1474.0
1223.0
990.0
890.0
1303.0
1260.0
1300.0
1008.0
939.0
1068.0
862.0
766.0
1205.0
963.0
1067.0
1266.0
1259.0
1101.0
912.0
895.0
1042.0
1398.0
1385.0
1066.0
1389.0
1396.0
1424.0
1413.0
1071.0
855.0
712.0
648.0
576.0
537.0
533.0
553.0
531.0
530.0
558.0
530.0
513.0
489.0
465.0
497.0
498.0
954.0
473.0
973.0
1251.0
761.0
724.0
1264.0
727.0
1182.0
735.0
680.0
654.0
662.0
551.0
834.0
660.0
627.0
611.0
712.0
564.0
721.0
650.0
580.0
646.0
672.0
512.0
762.0
496.0
741.0
778.0
839.0
807.0
585.0
589.0
549.0
672.0
491.0
499.0
729.0
478.0
631.0
480.0
508.0
685.0
588.0
753.0
611.0
673.0
522.0
710.0
521.0
533.0
728.0
517.0
684.0
522.0
495.0
498.0
474.0
602.0
457.0
630.0
773.0
510.0
746.0
698.0
509.0
693.0
725.0
503.0
737.0
734.0
519.0
797.0
552.0
576.0
575.0
728.0
549.0
548.0
797.0
547.0
678.0
533.0
779.0
661.0
539.0
703.0
716.0
528.0
707.0
664.0
534.0
714.0
745.0
555.0
565.0
753.0
499.0
868.0
501.0
577.0
625.0
510.0
986.0
535.0
693.0
613.0
945.0
576.0
802.0
583.0
689.0
676.0
619.0
582.0
627.0
631.0
586.0
916.0
537.0
824.0
620.0
937.0
580.0
623.0
622.0
706.0
554.0
586.0
568.0
622.0
1078.0
751.0
963.0
1312.0
879.0
823.0
862.0
679.0
675.0
1102.0
679.0
1265.0
1297.0
921.0
850.0
1318.0
917.0
1350.0
1092.0
978.0
1441.0
1154.0
1007.0
1416.0
1389.0
1223.0
1493.0
1269.0
1113.0
1137.0
1392.0
1167.0
1399.0
