1048.0
1372.0
1041.0
880.0
1523.0
1120.0
900.0
852.0
914.0
1223.0
1053.0
1467.0
1171.0
1431.0
1232.0
913.0
876.0
1191.0
1224.0
1427.0
1569.0
1380.0
1387.0
1494.0
1272.0
1562.0
1319.0
1376.0
1606.0
1357.0
1231.0
1047.0
903.0
758.0
1486.0
1221.0
909.0
894.0
836.0
774.0
772.0
804.0
651.0
698.0
541.0
1094.0
840.0
919.0
962.0
935.0
702.0
660.0
861.0
1074.0
752.0
743.0
616.0
575.0
499.0
453.0
443.0
577.0
527.0
630.0
608.0
753.0
1175.0
1230.0
1333.0
1398.0
1381.0
1288.0
1415.0
1125.0
917.0
781.0
729.0
754.0
784.0
753.0
843.0
946.0
1266.0
1052.0
1148.0
916.0
849.0
723.0
1152.0
887.0
1172.0
965.0
1286.0
1141.0
798.0
1199.0
1359.0
1020.0
1511.0
1303.0
1046.0
1184.0
881.0
890.0
874.0
723.0
1113.0
1124.0
1325.0
1527.0
1302.0
1274.0
1022.0
1252.0
1210.0
1196.0
1083.0
1167.0
1569.0
1534.0
1334.0
1526.0
1420.0
1558.0
1520.0
1514.0
1613.0
1561.0
1228.0
1089.0
966.0
1226.0
1232.0
1231.0
1054.0
992.0
1025.0
808.0
777.0
1138.0
896.0
959.0
1270.0
1234.0
1072.0
936.0
894.0
968.0
1336.0
1399.0
1045.0
1369.0
1382.0
1313.0
1414.0
1133.0
963.0
733.0
750.0
659.0
583.0
483.0
510.0
425.0
406.0
430.0
437.0
439.0
407.0
406.0
413.0
442.0
823.0
509.0
777.0
1320.0
870.0
728.0
1164.0
830.0
1023.0
772.0
688.0
619.0
607.0
520.0
761.0
551.0
562.0
578.0
649.0
539.0
652.0
562.0
556.0
626.0
670.0
508.0
727.0
487.0
641.0
740.0
756.0
792.0
650.0
624.0
582.0
631.0
468.0
475.0
607.0
431.0
590.0
455.0
495.0
644.0
513.0
657.0
617.0
688.0
580.0
675.0
504.0
539.0
658.0
466.0
607.0
532.0
497.0
513.0
420.0
502.0
439.0
603.0
636.0
474.0
717.0
733.0
535.0
679.0
655.0
486.0
677.0
704.0
483.0
755.0
554.0
532.0
573.0
612.0
507.0
568.0
686.0
513.0
645.0
546.0
672.0
654.0
529.0
610.0
685.0
544.0
659.0
598.0
552.0
693.0
690.0
529.0
572.0
705.0
504.0
793.0
487.0
552.0
633.0
486.0
814.0
610.0
603.0
655.0
785.0
627.0
714.0
552.0
665.0
671.0
562.0
474.0
617.0
606.0
535.0
748.0
563.0
731.0
686.0
752.0
613.0
564.0
578.0
637.0
518.0
510.0
544.0
657.0
965.0
753.0
914.0
1354.0
1070.0
853.0
757.0
693.0
716.0
894.0
544.0
1157.0
1419.0
986.0
876.0
1210.0
1071.0
1262.0
1180.0
862.0
1434.0
1254.0
949.0
1369.0
1375.0
1184.0
1503.0
1338.0
1034.0
1130.0
1323.0
1195.0
1358.0
