1031.0
1017.0
1015.0
1002.0
988.0
865.0
841.0
783.0
782.0
832.0
824.0
823.0
772.0
856.0
888.0
949.0
1068.0
1073.0
1060.0
1068.0
1078.0
1064.0
1061.0
1055.0
1033.0
1020.0
1012.0
1005.0
992.0
868.0
846.0
793.0
781.0
844.0
826.0
829.0
780.0
888.0
911.0
957.0
1068.0
1077.0
1067.0
1078.0
1077.0
1060.0
1065.0
1059.0
1045.0
1020.0
1022.0
1021.0
997.0
888.0
860.0
791.0
786.0
861.0
836.0
836.0
794.0
886.0
918.0
965.0
1077.0
1074.0
1075.0
1078.0
1082.0
1072.0
1070.0
1068.0
1045.0
1031.0
1026.0
1022.0
1007.0
894.0
859.0
804.0
803.0
858.0
848.0
842.0
809.0
902.0
928.0
974.0
1089.0
1084.0
1078.0
1078.0
1085.0
1075.0
1072.0
1073.0
1052.0
1034.0
1032.0
1027.0
1013.0
897.0
869.0
805.0
817.0
875.0
844.0
840.0
824.0
907.0
960.0
998.0
1091.0
1094.0
1079.0
1088.0
1089.0
1081.0
1075.0
1077.0
1051.0
1043.0
1039.0
1033.0
1021.0
907.0
883.0
807.0
811.0
882.0
865.0
852.0
822.0
914.0
959.0
995.0
1089.0
1095.0
1082.0
1091.0
1094.0
1081.0
1077.0
1084.0
1051.0
1037.0
1050.0
1036.0
1031.0
909.0
876.0
818.0
874.0
908.0
876.0
864.0
830.0
912.0
957.0
1003.0
1101.0
1090.0
1090.0
1086.0
1097.0
1082.0
1077.0
1085.0
1059.0
1037.0
1044.0
1039.0
1036.0
913.0
879.0
807.0
884.0
909.0
854.0
868.0
831.0
951.0
976.0
992.0
1103.0
1099.0
1100.0
1104.0
1100.0
1089.0
1085.0
1084.0
1060.0
1043.0
1038.0
1039.0
1036.0
919.0
908.0
849.0
896.0
914.0
859.0
861.0
839.0
954.0
995.0
999.0
1114.0
1111.0
1113.0
1108.0
1102.0
1093.0
1083.0
1096.0
1074.0
1048.0
1037.0
1037.0
1038.0
936.0
913.0
853.0
910.0
920.0
873.0
871.0
833.0
962.0
995.0
1017.0
1105.0
1106.0
1112.0
1105.0
1110.0
1094.0
1085.0
1098.0
1079.0
1059.0
1052.0
1049.0
1041.0
935.0
911.0
864.0
921.0
931.0
876.0
893.0
844.0
966.0
1008.0
1021.0
1113.0
1108.0
1112.0
1110.0
1111.0
1097.0
1082.0
1099.0
1086.0
1064.0
1055.0
1053.0
1046.0
944.0
923.0
861.0
922.0
935.0
877.0
889.0
849.0
971.0
1009.0
1022.0
1125.0
1112.0
1112.0
1109.0
1112.0
1097.0
1082.0
1096.0
1087.0
1067.0
1059.0
1056.0
1044.0
947.0
929.0
878.0
938.0
945.0
892.0
897.0
857.0
966.0
1020.0
1034.0
1122.0
1117.0
1107.0
1096.0
1108.0
1095.0
1088.0
1101.0
1091.0
1074.0
1065.0
1060.0
1054.0
961.0
931.0
874.0
949.0
956.0
906.0
897.0
849.0
968.0
1014.0
1037.0
1122.0
1122.0
1112.0
1102.0
1115.0
1098.0
1084.0
1101.0
1095.0
1077.0
1068.0
1065.0
1059.0
968.0
