1050.0
944.0
977.0
968.0
954.0
816.0
768.0
744.0
745.0
777.0
777.0
776.0
737.0
814.0
869.0
905.0
1008.0
1095.0
1113.0
1018.0
1078.0
1097.0
1157.0
1162.0
1052.0
944.0
979.0
973.0
956.0
829.0
770.0
750.0
751.0
778.0
774.0
782.0
746.0
816.0
872.0
903.0
1011.0
1095.0
1116.0
1027.0
1079.0
1095.0
1179.0
1176.0
1053.0
958.0
986.0
985.0
968.0
845.0
778.0
736.0
741.0
792.0
785.0
775.0
748.0
823.0
877.0
904.0
1019.0
1118.0
1095.0
1044.0
1092.0
1110.0
1193.0
1200.0
1072.0
966.0
998.0
991.0
974.0
849.0
777.0
750.0
761.0
789.0
791.0
783.0
765.0
845.0
884.0
910.0
1020.0
1118.0
1121.0
1060.0
1104.0
1104.0
1204.0
1195.0
1068.0
977.0
1005.0
1003.0
984.0
860.0
778.0
745.0
768.0
807.0
795.0
787.0
772.0
850.0
890.0
938.0
1022.0
1119.0
1122.0
1070.0
1116.0
1121.0
1203.0
1195.0
1065.0
974.0
1008.0
1013.0
987.0
861.0
783.0
743.0
761.0
803.0
811.0
793.0
771.0
842.0
897.0
928.0
1032.0
1125.0
1118.0
1071.0
1125.0
1130.0
1212.0
1206.0
1062.0
984.0
1028.0
1017.0
987.0
871.0
777.0
752.0
808.0
834.0
807.0
791.0
772.0
841.0
895.0
923.0
1028.0
1127.0
1128.0
1083.0
1134.0
1137.0
1214.0
1206.0
1062.0
1008.0
1024.0
1012.0
1000.0
871.0
777.0
758.0
804.0
855.0
788.0
797.0
781.0
847.0
936.0
932.0
1021.0
1123.0
1097.0
1095.0
1140.0
1115.0
1229.0
1203.0
1057.0
1010.0
1030.0
1011.0
1014.0
876.0
789.0
780.0
810.0
855.0
788.0
795.0
775.0
856.0
952.0
897.0
1042.0
1099.0
1108.0
1086.0
1159.0
1117.0
1231.0
1206.0
1059.0
1011.0
1032.0
1013.0
1014.0
877.0
795.0
790.0
815.0
868.0
797.0
797.0
788.0
859.0
964.0
894.0
1058.0
1094.0
1118.0
1093.0
1157.0
1118.0
1239.0
1204.0
1041.0
1020.0
1033.0
1011.0
1007.0
875.0
801.0
790.0
820.0
872.0
805.0
810.0
796.0
853.0
965.0
902.0
1063.0
1104.0
1124.0
1115.0
1176.0
1118.0
1252.0
1218.0
1049.0
1031.0
1040.0
1022.0
1018.0
893.0
813.0
796.0
822.0
878.0
799.0
817.0
792.0
852.0
972.0
901.0
1063.0
1117.0
1146.0
1114.0
1169.0
1121.0
1256.0
1223.0
1059.0
1035.0
1043.0
1027.0
1029.0
903.0
810.0
798.0
828.0
885.0
818.0
813.0
791.0
872.0
948.0
908.0
1070.0
1119.0
1135.0
1127.0
1174.0
1125.0
1266.0
1229.0
1064.0
1044.0
1051.0
1031.0
1027.0
907.0
824.0
799.0
833.0
884.0
818.0
816.0
789.0
852.0
954.0
911.0
1066.0
1125.0
1145.0
1149.0
1191.0
1124.0
1268.0
1224.0
1073.0
1049.0
1045.0
1034.0
1031.0
908.0
