1239.0
1233.0
1194.0
1174.0
1093.0
865.0
831.0
744.0
780.0
804.0
802.0
795.0
752.0
864.0
882.0
1010.0
1211.0
1412.0
1274.0
1375.0
1441.0
1474.0
1662.0
1556.0
1245.0
1224.0
1201.0
1189.0
1096.0
879.0
832.0
742.0
801.0
827.0
817.0
805.0
747.0
889.0
900.0
1005.0
1221.0
1433.0
1304.0
1404.0
1437.0
1529.0
1699.0
1594.0
1296.0
1240.0
1214.0
1211.0
1115.0
900.0
843.0
754.0
794.0
818.0
827.0
811.0
787.0
903.0
918.0
1035.0
1241.0
1431.0
1322.0
1420.0
1476.0
1513.0
1762.0
1642.0
1293.0
1290.0
1227.0
1231.0
1126.0
916.0
858.0
759.0
800.0
823.0
826.0
812.0
780.0
900.0
903.0
1053.0
1256.0
1478.0
1351.0
1481.0
1486.0
1554.0
1765.0
1640.0
1324.0
1304.0
1251.0
1267.0
1154.0
930.0
851.0
776.0
812.0
836.0
819.0
808.0
782.0
910.0
940.0
1067.0
1282.0
1500.0
1385.0
1530.0
1523.0
1567.0
1794.0
1638.0
1336.0
1318.0
1273.0
1276.0
1153.0
922.0
847.0
760.0
796.0
845.0
834.0
830.0
780.0
925.0
938.0
1085.0
1297.0
1510.0
1383.0
1551.0
1545.0
1578.0
1831.0
1651.0
1353.0
1326.0
1302.0
1282.0
1191.0
929.0
866.0
777.0
874.0
859.0
848.0
817.0
794.0
916.0
946.0
1095.0
1326.0
1523.0
1394.0
1562.0
1556.0
1592.0
1847.0
1657.0
1381.0
1353.0
1285.0
1280.0
1201.0
943.0
861.0
794.0
869.0
882.0
830.0
809.0
808.0
976.0
968.0
1103.0
1308.0
1468.0
1425.0
1589.0
1529.0
1602.0
1850.0
1647.0
1399.0
1380.0
1299.0
1317.0
1198.0
934.0
880.0
828.0
883.0
882.0
808.0
817.0
811.0
986.0
983.0
1078.0
1291.0
1472.0
1394.0
1624.0
1536.0
1622.0
1855.0
1674.0
1414.0
1387.0
1299.0
1323.0
1207.0
948.0
904.0
822.0
903.0
904.0
843.0
823.0
809.0
1006.0
970.0
1124.0
1309.0
1502.0
1422.0
1624.0
1552.0
1650.0
1855.0
1622.0
1422.0
1395.0
1316.0
1319.0
1202.0
952.0
911.0
829.0
914.0
883.0
855.0
832.0
802.0
1011.0
973.0
1139.0
1315.0
1513.0
1451.0
1682.0
1576.0
1667.0
1865.0
1644.0
1461.0
1416.0
1348.0
1346.0
1213.0
976.0
914.0
829.0
919.0
908.0
851.0
850.0
814.0
1029.0
984.0
1144.0
1363.0
1583.0
1483.0
1692.0
1576.0
1673.0
1883.0
1658.0
1461.0
1432.0
1348.0
1366.0
1242.0
992.0
918.0
836.0
926.0
914.0
855.0
844.0
823.0
1007.0
981.0
1144.0
1386.0
1575.0
1504.0
1724.0
1592.0
1681.0
1910.0
1678.0
1497.0
1454.0
1356.0
1384.0
1249.0
1013.0
927.0
846.0
942.0
927.0
870.0
841.0
823.0
1028.0
983.0
1150.0
1382.0
1594.0
1514.0
1768.0
1595.0
1695.0
1921.0
1690.0
1496.0
1454.0
1379.0
1381.0
1266.0
1002.0
