1215.0
1187.0
1217.0
1157.0
1065.0
942.0
926.0
865.0
846.0
806.0
812.0
832.0
821.0
934.0
938.0
1037.0
1108.0
1235.0
1183.0
1262.0
1305.0
1333.0
1333.0
1282.0
1223.0
1193.0
1224.0
1172.0
1076.0
950.0
936.0
877.0
858.0
817.0
822.0
843.0
830.0
948.0
952.0
1038.0
1119.0
1246.0
1201.0
1273.0
1316.0
1346.0
1358.0
1305.0
1237.0
1209.0
1239.0
1192.0
1087.0
971.0
950.0
887.0
866.0
836.0
829.0
843.0
844.0
961.0
958.0
1048.0
1141.0
1261.0
1197.0
1295.0
1327.0
1359.0
1374.0
1327.0
1252.0
1225.0
1257.0
1207.0
1101.0
981.0
959.0
897.0
877.0
843.0
840.0
854.0
852.0
975.0
967.0
1064.0
1154.0
1273.0
1227.0
1311.0
1339.0
1367.0
1390.0
1340.0
1261.0
1234.0
1270.0
1223.0
1119.0
991.0
965.0
906.0
889.0
854.0
847.0
859.0
869.0
985.0
990.0
1080.0
1164.0
1286.0
1238.0
1326.0
1349.0
1383.0
1398.0
1352.0
1270.0
1246.0
1278.0
1238.0
1127.0
1002.0
968.0
909.0
887.0
860.0
859.0
864.0
876.0
995.0
1002.0
1087.0
1174.0
1293.0
1246.0
1338.0
1360.0
1390.0
1404.0
1365.0
1279.0
1260.0
1291.0
1243.0
1143.0
1015.0
978.0
920.0
945.0
877.0
866.0
869.0
901.0
992.0
989.0
1081.0
1178.0
1303.0
1256.0
1351.0
1366.0
1398.0
1412.0
1372.0
1280.0
1276.0
1290.0
1247.0
1149.0
1017.0
979.0
926.0
953.0
891.0
859.0
884.0
911.0
1025.0
1005.0
1090.0
1188.0
1325.0
1252.0
1357.0
1374.0
1399.0
1428.0
1378.0
1291.0
1280.0
1303.0
1248.0
1159.0
1025.0
987.0
944.0
957.0
905.0
860.0
881.0
907.0
1042.0
1020.0
1083.0
1204.0
1325.0
1274.0
1357.0
1390.0
1402.0
1435.0
1391.0
1296.0
1290.0
1308.0
1259.0
1168.0
1032.0
998.0
952.0
969.0
911.0
874.0
887.0
918.0
1049.0
1031.0
1093.0
1213.0
1331.0
1293.0
1366.0
1392.0
1406.0
1448.0
1398.0
1293.0
1304.0
1318.0
1267.0
1177.0
1041.0
1007.0
959.0
981.0
922.0
884.0
898.0
928.0
1058.0
1038.0
1098.0
1219.0
1339.0
1305.0
1383.0
1399.0
1411.0
1460.0
1416.0
1308.0
1313.0
1325.0
1281.0
1192.0
1055.0
1014.0
967.0
993.0
930.0
888.0
907.0
932.0
1062.0
1044.0
1107.0
1240.0
1342.0
1323.0
1385.0
1410.0
1415.0
1465.0
1422.0
1315.0
1322.0
1335.0
1297.0
1204.0
1063.0
1018.0
979.0
1003.0
934.0
902.0
909.0
941.0
1072.0
1046.0
1117.0
1247.0
1346.0
1330.0
1397.0
1415.0
1418.0
1469.0
1435.0
1328.0
1329.0
1342.0
1305.0
1215.0
1077.0
1028.0
983.0
1015.0
952.0
910.0
918.0
943.0
1073.0
1049.0
1121.0
1254.0
1352.0
1338.0
1414.0
1423.0
1419.0
1477.0
1449.0
1332.0
1332.0
1346.0
1311.0
1225.0
1086.0
