Observation,Prediction
778.0,636.0
791.0,615.0
828.0,615.0
769.0,636.0
778.0,611.0
726.0,611.0
875.0,599.0
847.0,663.0
1013.0,647.0
1138.0,700.0
1245.0,767.0
1169.0,767.0
1318.0,767.0
1280.0,767.0
1355.0,767.0
1495.0,767.0
1328.0,767.0
1206.0,767.0
1216.0,767.0
1170.0,767.0
1186.0,767.0
1087.0,767.0
899.0,731.0
876.0,663.0
778.0,636.0
792.0,615.0
831.0,615.0
785.0,636.0
781.0,611.0
728.0,611.0
883.0,599.0
849.0,663.0
1021.0,647.0
1146.0,706.0
1252.0,767.0
1174.0,767.0
1336.0,767.0
1288.0,767.0
1362.0,767.0
1504.0,767.0
1331.0,767.0
1213.0,767.0
1232.0,767.0
1178.0,767.0
1192.0,767.0
1106.0,767.0
901.0,731.0
879.0,663.0
783.0,636.0
864.0,615.0
832.0,636.0
788.0,636.0
781.0,611.0
730.0,611.0
889.0,599.0
851.0,663.0
1023.0,654.0
1149.0,706.0
1258.0,767.0
1182.0,767.0
1347.0,767.0
1295.0,767.0
1368.0,767.0
1514.0,767.0
1332.0,767.0
1220.0,767.0
1232.0,767.0
1178.0,767.0
1195.0,767.0
1108.0,767.0
903.0,731.0
879.0,663.0
788.0,636.0
869.0,615.0
833.0,636.0
788.0,636.0
783.0,611.0
738.0,611.0
940.0,616.0
852.0,665.0
1031.0,647.0
1151.0,706.0
1261.0,767.0
1197.0,767.0
1355.0,767.0
1299.0,767.0
1374.0,767.0
1516.0,767.0
1333.0,767.0
1227.0,767.0
1232.0,767.0
1179.0,767.0
1197.0,767.0
1109.0,767.0
913.0,731.0
880.0,663.0
789.0,636.0
876.0,615.0
844.0,636.0
789.0,654.0
789.0,611.0
741.0,611.0
954.0,616.0
873.0,660.0
1039.0,674.0
1154.0,706.0
1266.0,767.0
1201.0,767.0
1364.0,767.0
1306.0,767.0
1381.0,767.0
1522.0,767.0
1345.0,767.0
1233.0,767.0
1237.0,767.0
1183.0,767.0
1202.0,767.0
1111.0,767.0
916.0,731.0
882.0,663.0
794.0,636.0
885.0,615.0
845.0,663.0
802.0,654.0
789.0,611.0
745.0,611.0
960.0,616.0
882.0,660.0
1051.0,674.0
1158.0,706.0
1274.0,754.0
1222.0,767.0
1372.0,767.0
1310.0,767.0
1390.0,767.0
1526.0,767.0
1349.0,767.0
1239.0,767.0
1240.0,767.0
1194.0,767.0
1205.0,767.0
1112.0,767.0
921.0,734.0
888.0,674.0
800.0,663.0
899.0,615.0
852.0,663.0
805.0,654.0
798.0,611.0
748.0,611.0
965.0,616.0
890.0,660.0
1056.0,682.0
1166.0,726.0
1283.0,754.0
1238.0,767.0
1397.0,767.0
1317.0,767.0
1399.0,767.0
1531.0,767.0
1366.0,767.0
1262.0,767.0
1249.0,767.0
1199.0,767.0
1216.0,767.0
1120.0,767.0
933.0,734.0
891.0,674.0
807.0,663.0
903.0,611.0
854.0,663.0
810.0,654.0
803.0,611.0
752.0,611.0
970.0,611.0
891.0,660.0
1060.0,674.0
1196.0,726.0
1289.0,767.0
1257.0,767.0
1403.0,767.0
1321.0,767.0
1401.0,767.0
1540.0,767.0
1379.0,767.0
1266.0,767.0
1259.0,767.0
1207.0,767.0
1230.0,767.0
1130.0,767.0
935.0,746.0
893.0,665.0
810.0,663.0
911.0,611.0
858.0,663.0
825.0,663.0
806.0,636.0
755.0,611.0
975.0,621.0
898.0,660.0
1068.0,682.0
1208.0,731.0
1293.0,767.0
1267.0,767.0
1419.0,767.0
1330.0,767.0
1408.0,767.0
1548.0,767.0
1391.0,767.0
1283.0,767.0
1265.0,767.0
1210.0,767.0
1233.0,767.0
1135.0,767.0
949.0,754.0
896.0,660.0
814.0,663.0
917.0,636.0
864.0,663.0
826.0,663.0
810.0,636.0
758.0,611.0
977.0,615.0
903.0,660.0
1072.0,674.0
1212.0,731.0
1295.0,767.0
1276.0,767.0
1453.0,767.0
1332.0,767.0
1415.0,767.0
1554.0,767.0
1400.0,767.0
1284.0,767.0
1266.0,767.0
1215.0,767.0
1234.0,767.0
1146.0,767.0
953.0,734.0
896.0,660.0
