Observation,Prediction
271.0,291.0
269.0,291.0
254.0,291.0
269.0,311.0
267.0,291.0
260.0,291.0
889.0,291.0
267.0,303.0
260.0,291.0
267.0,291.0
262.0,291.0
284.0,291.0
297.0,290.0
275.0,293.0
267.0,311.0
270.0,291.0
267.0,315.0
1255.0,291.0
272.0,303.0
256.0,294.0
268.0,295.0
261.0,291.0
268.0,291.0
265.0,291.0
215.0,291.0
276.0,294.0
267.0,311.0
269.0,291.0
267.0,291.0
270.0,291.0
272.0,315.0
258.0,297.0
271.0,291.0
1294.0,294.0
269.0,303.0
266.0,291.0
288.0,291.0
124.0,290.0
168.0,294.0
267.0,294.0
178.0,291.0
270.0,294.0
277.0,315.0
272.0,290.0
277.0,294.0
259.0,293.0
232.0,291.0
193.0,294.0
267.0,294.0
270.0,344.0
1238.0,315.0
269.0,303.0
267.0,291.0
195.0,291.0
259.0,294.0
273.0,291.0
205.0,297.0
270.0,294.0
270.0,315.0
277.0,315.0
268.0,290.0
271.0,291.0
253.0,291.0
267.0,308.0
268.0,291.0
270.0,291.0
269.0,315.0
112.0,291.0
267.0,294.0
259.0,291.0
117.0,291.0
1011.0,294.0
270.0,303.0
270.0,315.0
268.0,315.0
269.0,291.0
267.0,291.0
175.0,291.0
269.0,294.0
268.0,291.0
179.0,291.0
268.0,294.0
272.0,291.0
269.0,294.0
268.0,291.0
262.0,291.0
268.0,291.0
270.0,291.0
1223.0,315.0
268.0,303.0
272.0,291.0
271.0,294.0
274.0,291.0
269.0,311.0
268.0,291.0
270.0,291.0
270.0,315.0
269.0,315.0
267.0,291.0
264.0,291.0
271.0,376.0
271.0,291.0
265.0,291.0
271.0,291.0
276.0,325.0
1202.0,311.0
157.0,303.0
111.0,337.0
267.0,337.0
272.0,337.0
272.0,296.0
470.0,296.0
268.0,296.0
257.0,343.0
268.0,376.0
271.0,343.0
278.0,297.0
271.0,293.0
273.0,294.0
271.0,300.0
347.0,294.0
1253.0,293.0
276.0,306.0
273.0,320.0
270.0,300.0
273.0,315.0
261.0,300.0
270.0,291.0
203.0,315.0
272.0,294.0
267.0,297.0
270.0,291.0
268.0,315.0
247.0,291.0
270.0,301.0
286.0,315.0
271.0,293.0
1229.0,294.0
209.0,306.0
271.0,294.0
277.0,294.0
272.0,293.0
272.0,297.0
273.0,297.0
273.0,300.0
270.0,300.0
266.0,315.0
273.0,291.0
271.0,300.0
272.0,294.0
366.0,297.0
189.0,293.0
340.0,294.0
253.0,293.0
1242.0,308.0
270.0,306.0
187.0,315.0
272.0,294.0
322.0,300.0
271.0,293.0
272.0,294.0
269.0,297.0
280.0,291.0
278.0,293.0
270.0,293.0
271.0,315.0
272.0,294.0
273.0,297.0
270.0,300.0
274.0,315.0
270.0,320.0
1229.0,315.0
212.0,306.0
266.0,294.0
254.0,291.0
271.0,311.0
274.0,294.0
222.0,320.0
258.0,294.0
271.0,287.0
269.0,294.0
270.0,291.0
272.0,315.0
270.0,297.0
100.0,315.0
269.0,294.0
78.0,291.0
518.0,294.0
1207.0,302.0
385.0,306.0
272.0,293.0
246.0,297.0
268.0,301.0
269.0,291.0
245.0,291.0
268.0,301.0
270.0,287.0
269.0,315.0
269.0,291.0
277.0,291.0
113.0,293.0
178.0,294.0
258.0,294.0
269.0,291.0
1247.0,291.0
274.0,306.0
270.0,320.0
415.0,315.0
271.0,293.0
208.0,294.0
267.0,294.0
173.0,291.0
271.0,294.0
273.0,294.0
269.0,300.0
270.0,291.0
271.0,315.0
271.0,294.0
271.0,325.0
259.0,294.0
1115.0,291.0
284.0,306.0
257.0,293.0
272.0,295.0
266.0,296.0
318.0,343.0
255.0,293.0
297.0,307.0
270.0,295.0
261.0,392.0
191.0,344.0
267.0,296.0
267.0,293.0
352.0,293.0
144.0,295.0
271.0,293.0
269.0,326.0
1203.0,351.0
409.0,327.0
270.0,307.0
