1095.0
1109.0
1105.0
1079.0
1054.0
910.0
835.0
794.0
771.0
814.0
817.0
820.0
780.0
880.0
908.0
962.0
1075.0
1110.0
1094.0
1107.0
1153.0
1137.0
1141.0
1164.0
1103.0
1112.0
1109.0
1083.0
1060.0
913.0
839.0
802.0
781.0
830.0
822.0
825.0
790.0
886.0
912.0
966.0
1083.0
1115.0
1104.0
1117.0
1155.0
1149.0
1143.0
1169.0
1117.0
1118.0
1119.0
1094.0
1068.0
933.0
858.0
807.0
785.0
843.0
826.0
823.0
804.0
905.0
915.0
971.0
1092.0
1114.0
1111.0
1116.0
1159.0
1143.0
1143.0
1172.0
1119.0
1127.0
1125.0
1101.0
1079.0
943.0
864.0
813.0
794.0
846.0
837.0
833.0
804.0
910.0
928.0
982.0
1098.0
1127.0
1117.0
1129.0
1164.0
1150.0
1146.0
1173.0
1127.0
1133.0
1131.0
1111.0
1089.0
951.0
869.0
818.0
805.0
858.0
843.0
846.0
821.0
915.0
949.0
1000.0
1098.0
1134.0
1128.0
1134.0
1170.0
1147.0
1149.0
1175.0
1129.0
1138.0
1136.0
1115.0
1096.0
953.0
872.0
815.0
804.0
866.0
857.0
847.0
825.0
928.0
956.0
1003.0
1106.0
1134.0
1129.0
1133.0
1174.0
1148.0
1154.0
1176.0
1131.0
1145.0
1141.0
1120.0
1106.0
964.0
878.0
819.0
861.0
892.0
853.0
843.0
826.0
924.0
957.0
1007.0
1110.0
1134.0
1134.0
1137.0
1176.0
1151.0
1151.0
1180.0
1151.0
1144.0
1142.0
1123.0
1110.0
965.0
880.0
824.0
876.0
887.0
851.0
856.0
829.0
959.0
968.0
1001.0
1115.0
1127.0
1140.0
1139.0
1161.0
1154.0
1153.0
1179.0
1159.0
1156.0
1141.0
1127.0
1109.0
976.0
904.0
824.0
874.0
900.0
855.0
863.0
831.0
969.0
977.0
1018.0
1113.0
1130.0
1135.0
1152.0
1164.0
1154.0
1153.0
1180.0
1162.0
1162.0
1144.0
1134.0
1110.0
983.0
907.0
829.0
885.0
904.0
868.0
865.0
837.0
974.0
982.0
1032.0
1113.0
1136.0
1139.0
1151.0
1167.0
1160.0
1150.0
1167.0
1165.0
1162.0
1147.0
1137.0
1114.0
990.0
912.0
838.0
901.0
912.0
875.0
872.0
842.0
973.0
993.0
1038.0
1118.0
1136.0
1142.0
1152.0
1167.0
1163.0
1151.0
1170.0
1171.0
1168.0
1149.0
1141.0
1117.0
1002.0
917.0
842.0
905.0
915.0
879.0
879.0
849.0
981.0
997.0
1043.0
1125.0
1152.0
1143.0
1154.0
1168.0
1163.0
1152.0
1167.0
1172.0
1167.0
1156.0
1147.0
1128.0
1009.0
921.0
848.0
913.0
923.0
889.0
887.0
854.0
983.0
1004.0
1048.0
1130.0
1157.0
1149.0
1156.0
1170.0
1163.0
1151.0
1170.0
1176.0
1173.0
1157.0
1148.0
1128.0
1019.0
936.0
856.0
927.0
934.0
894.0
886.0
851.0
983.0
1008.0
1048.0
1132.0
1159.0
1149.0
1152.0
1171.0
1166.0
1151.0
1170.0
1178.0
1173.0
1161.0
1152.0
1134.0
1027.0
