1346.0
1281.0
1337.0
1328.0
1334.0
1227.0
1140.0
1283.0
1120.0
1582.0
1362.0
1468.0
1590.0
1357.0
1632.0
1973.0
1957.0
2019.0
2044.0
1896.0
1771.0
1608.0
1672.0
1452.0
1372.0
1291.0
1366.0
1345.0
1331.0
1236.0
1134.0
1288.0
1125.0
1567.0
1374.0
1472.0
1596.0
1421.0
1511.0
1991.0
1963.0
2027.0
2048.0
1897.0
1779.0
1614.0
1684.0
1548.0
1388.0
1288.0
1353.0
1350.0
1337.0
1239.0
1139.0
1299.0
1133.0
1594.0
1450.0
1472.0
1468.0
1468.0
1517.0
2074.0
2032.0
2010.0
1940.0
1914.0
1725.0
1653.0
1677.0
1556.0
1394.0
1294.0
1386.0
1379.0
1388.0
1224.0
1148.0
1256.0
1144.0
1634.0
1470.0
1489.0
1497.0
1486.0
1531.0
2099.0
2049.0
2023.0
1955.0
1954.0
1746.0
1667.0
1695.0
1581.0
1405.0
1307.0
1397.0
1389.0
1396.0
1233.0
1159.0
1267.0
1299.0
1667.0
1502.0
1512.0
1515.0
1505.0
1548.0
2115.0
2065.0
2040.0
1978.0
1969.0
1758.0
1681.0
1711.0
1611.0
1421.0
1318.0
1404.0
1397.0
1408.0
1240.0
1163.0
1271.0
1380.0
1711.0
1522.0
1532.0
1539.0
1520.0
1565.0
2141.0
2089.0
2059.0
1995.0
1988.0
1766.0
1692.0
1725.0
1621.0
1426.0
1326.0
1411.0
1408.0
1418.0
1247.0
1170.0
1279.0
1482.0
1773.0
1525.0
1553.0
1551.0
1449.0
1580.0
2121.0
2034.0
2064.0
2006.0
1944.0
1852.0
1667.0
1777.0
1550.0
1432.0
1329.0
1394.0
1404.0
1384.0
1263.0
1177.0
1303.0
1547.0
1796.0
1540.0
1559.0
1565.0
1544.0
1592.0
2151.0
2081.0
2075.0
2025.0
2021.0
1785.0
1723.0
1758.0
1634.0
1438.0
1346.0
1440.0
1428.0
1431.0
1253.0
1188.0
1308.0
1589.0
1818.0
1546.0
1567.0
1574.0
1550.0
1598.0
2222.0
2089.0
2078.0
2027.0
2030.0
1785.0
1729.0
1765.0
1638.0
1441.0
1350.0
1446.0
1434.0
1436.0
1257.0
1191.0
1318.0
1601.0
1826.0
1546.0
1645.0
1578.0
1554.0
1702.0
2237.0
2056.0
2081.0
2031.0
2039.0
1793.0
1737.0
1822.0
1647.0
1445.0
1379.0
1456.0
1447.0
1396.0
1281.0
1184.0
1368.0
1649.0
1891.0
1530.0
1680.0
1643.0
1504.0
1729.0
2227.0
2073.0
2087.0
2186.0
1966.0
1802.0
1699.0
1836.0
1660.0
1446.0
1391.0
1422.0
1458.0
1406.0
1282.0
1197.0
1380.0
1682.0
1931.0
1532.0
1702.0
1655.0
1512.0
1754.0
2245.0
2089.0
2092.0
2198.0
1978.0
1905.0
1722.0
1865.0
1601.0
1469.0
1402.0
1435.0
1480.0
1411.0
1297.0
1204.0
1390.0
1809.0
1939.0
1554.0
1739.0
1638.0
1564.0
1743.0
2282.0
2109.0
2085.0
2226.0
1971.0
1925.0
1741.0
1874.0
1625.0
1470.0
1429.0
1443.0
1488.0
1427.0
1300.0
1221.0
1395.0
1929.0
1941.0
1563.0
1779.0
1614.0
1611.0
1728.0
2325.0
2125.0
2079.0
2264.0
1962.0
1946.0
1758.0
1881.0
1649.0
1469.0
