628.0
636.0
477.0
460.0
434.0
426.0
401.0
401.0
381.0
984.0
894.0
618.0
624.0
516.0
400.0
434.0
417.0
439.0
543.0
462.0
448.0
371.0
392.0
381.0
390.0
314.0
328.0
307.0
387.0
380.0
352.0
370.0
362.0
409.0
473.0
336.0
384.0
357.0
389.0
350.0
339.0
317.0
320.0
352.0
316.0
278.0
342.0
320.0
431.0
367.0
536.0
335.0
405.0
434.0
406.0
407.0
340.0
370.0
451.0
378.0
392.0
418.0
467.0
413.0
409.0
390.0
444.0
529.0
486.0
648.0
498.0
458.0
686.0
547.0
429.0
389.0
433.0
346.0
352.0
359.0
410.0
381.0
469.0
541.0
434.0
490.0
568.0
759.0
594.0
632.0
710.0
720.0
727.0
1137.0
641.0
490.0
692.0
498.0
464.0
416.0
444.0
409.0
408.0
421.0
393.0
402.0
477.0
403.0
434.0
640.0
1357.0
993.0
980.0
976.0
1103.0
685.0
640.0
950.0
566.0
634.0
627.0
533.0
423.0
400.0
436.0
418.0
377.0
398.0
403.0
397.0
430.0
398.0
391.0
1109.0
768.0
628.0
730.0
828.0
806.0
888.0
1118.0
958.0
1037.0
782.0
636.0
544.0
384.0
335.0
378.0
398.0
385.0
442.0
383.0
362.0
418.0
379.0
405.0
447.0
482.0
530.0
569.0
861.0
894.0
845.0
757.0
1167.0
758.0
750.0
905.0
480.0
363.0
353.0
420.0
376.0
472.0
535.0
446.0
438.0
404.0
410.0
457.0
375.0
384.0
430.0
424.0
377.0
430.0
395.0
400.0
399.0
348.0
369.0
402.0
413.0
447.0
401.0
495.0
1431.0
1340.0
391.0
358.0
388.0
434.0
463.0
344.0
328.0
382.0
343.0
374.0
378.0
357.0
371.0
354.0
402.0
394.0
351.0
345.0
380.0
403.0
344.0
362.0
363.0
347.0
581.0
377.0
345.0
419.0
395.0
375.0
357.0
403.0
393.0
412.0
423.0
406.0
404.0
346.0
698.0
476.0
345.0
541.0
540.0
413.0
469.0
443.0
453.0
552.0
490.0
413.0
438.0
863.0
447.0
460.0
1204.0
977.0
1245.0
1268.0
1204.0
1171.0
1119.0
1173.0
1083.0
1231.0
1127.0
1191.0
564.0
542.0
548.0
474.0
568.0
507.0
608.0
513.0
473.0
595.0
515.0
1166.0
490.0
838.0
1166.0
659.0
1897.0
1421.0
1201.0
1179.0
850.0
1271.0
1212.0
1098.0
901.0
449.0
382.0
561.0
482.0
524.0
516.0
519.0
468.0
494.0
458.0
473.0
482.0
1096.0
1317.0
565.0
485.0
1131.0
1544.0
1392.0
961.0
1203.0
1005.0
870.0
516.0
386.0
736.0
419.0
385.0
415.0
411.0
550.0
450.0
530.0
484.0
1000.0
895.0
991.0
748.0
497.0
574.0
998.0
913.0
973.0
1286.0
1143.0
599.0
613.0
1180.0
443.0
532.0
886.0
485.0
483.0
476.0
478.0
455.0
450.0
459.0
452.0
476.0
389.0
461.0
440.0
423.0
430.0
