1761.0
1498.0
1427.0
1389.0
1390.0
1207.0
1210.0
1189.0
1163.0
1252.0
1142.0
1084.0
1176.0
1194.0
1258.0
1359.0
1374.0
1339.0
1374.0
1453.0
1882.0
1653.0
1783.0
1733.0
1760.0
1504.0
1442.0
1400.0
1399.0
1214.0
1212.0
1195.0
1174.0
1258.0
1163.0
1099.0
1189.0
1208.0
1265.0
1372.0
1390.0
1360.0
1390.0
1467.0
1908.0
1664.0
1796.0
1750.0
1778.0
1512.0
1451.0
1415.0
1409.0
1224.0
1218.0
1206.0
1183.0
1262.0
1168.0
1106.0
1192.0
1217.0
1278.0
1385.0
1424.0
1376.0
1404.0
1479.0
1984.0
1696.0
1821.0
1769.0
1785.0
1525.0
1464.0
1426.0
1419.0
1229.0
1224.0
1211.0
1188.0
1266.0
1171.0
1112.0
1198.0
1222.0
1284.0
1395.0
1432.0
1386.0
1410.0
1486.0
1987.0
1702.0
1834.0
1777.0
1792.0
1532.0
1469.0
1428.0
1423.0
1236.0
1239.0
1218.0
1193.0
1269.0
1175.0
1140.0
1203.0
1229.0
1291.0
1401.0
1465.0
1390.0
1416.0
1491.0
1996.0
1709.0
1844.0
1786.0
1806.0
1552.0
1475.0
1434.0
1432.0
1268.0
1253.0
1224.0
1199.0
1274.0
1186.0
1171.0
1214.0
1243.0
1301.0
1416.0
1451.0
1402.0
1428.0
1553.0
2004.0
1730.0
1854.0
1802.0
1831.0
1560.0
1490.0
1447.0
1442.0
1253.0
1243.0
1236.0
1214.0
1286.0
1198.0
1168.0
1220.0
1247.0
1312.0
1428.0
1465.0
1420.0
1446.0
1522.0
2028.0
1746.0
1864.0
1814.0
1847.0
1575.0
1503.0
1480.0
1456.0
1264.0
1272.0
1243.0
1295.0
1317.0
1218.0
1114.0
1227.0
1253.0
1322.0
1444.0
1483.0
1437.0
1466.0
1538.0
2038.0
1843.0
1911.0
1841.0
1870.0
1528.0
1546.0
1448.0
1466.0
1272.0
1262.0
1259.0
1268.0
1325.0
1222.0
1100.0
1239.0
1264.0
1359.0
1466.0
1499.0
1459.0
1486.0
1553.0
2065.0
1867.0
1937.0
1858.0
1841.0
1610.0
1550.0
1555.0
1496.0
1292.0
1269.0
1251.0
1282.0
1373.0
1225.0
1168.0
1254.0
1276.0
1391.0
1478.0
1510.0
1470.0
1504.0
1569.0
2085.0
1872.0
1951.0
1867.0
1898.0
1610.0
1565.0
1564.0
1505.0
1301.0
1276.0
1282.0
1326.0
1343.0
1231.0
1174.0
1260.0
1282.0
1449.0
1495.0
1525.0
1477.0
1515.0
1579.0
2096.0
1873.0
1956.0
1874.0
1909.0
1615.0
1563.0
1573.0
1509.0
1303.0
1282.0
1278.0
1337.0
1342.0
1232.0
1180.0
1270.0
1285.0
1470.0
1499.0
1531.0
1484.0
1522.0
1587.0
2126.0
1903.0
1963.0
1879.0
1918.0
1623.0
1578.0
1577.0
1517.0
1320.0
1284.0
1441.0
1390.0
1371.0
1235.0
1170.0
1272.0
1314.0
1494.0
1508.0
1552.0
1482.0
1524.0
1605.0
2163.0
1917.0
1923.0
1854.0
1901.0
1721.0
1614.0
1629.0
1563.0
1325.0
1292.0
1468.0
1420.0
1377.0
1246.0
1177.0
1287.0
1299.0
1503.0
1530.0
1539.0
1494.0
1548.0
1619.0
2179.0
2013.0
1961.0
1874.0
1910.0
1736.0
1638.0
1641.0
1570.0
1377.0
