1730.0
1438.0
1382.0
1342.0
1352.0
1170.0
1173.0
1156.0
1126.0
1225.0
1109.0
1050.0
1135.0
1157.0
1233.0
1338.0
1344.0
1304.0
1336.0
1414.0
1854.0
1606.0
1764.0
1688.0
1717.0
1446.0
1405.0
1355.0
1362.0
1178.0
1183.0
1154.0
1135.0
1229.0
1126.0
1064.0
1151.0
1166.0
1237.0
1347.0
1362.0
1324.0
1349.0
1429.0
1878.0
1612.0
1771.0
1709.0
1740.0
1452.0
1410.0
1368.0
1368.0
1187.0
1188.0
1165.0
1143.0
1229.0
1130.0
1071.0
1152.0
1176.0
1248.0
1358.0
1396.0
1339.0
1364.0
1438.0
1953.0
1642.0
1796.0
1723.0
1742.0
1465.0
1422.0
1378.0
1379.0
1187.0
1192.0
1169.0
1150.0
1233.0
1132.0
1072.0
1158.0
1180.0
1255.0
1366.0
1403.0
1350.0
1372.0
1443.0
1953.0
1643.0
1808.0
1735.0
1753.0
1471.0
1424.0
1378.0
1379.0
1194.0
1210.0
1176.0
1152.0
1231.0
1136.0
1112.0
1158.0
1183.0
1258.0
1373.0
1448.0
1347.0
1376.0
1448.0
1962.0
1651.0
1821.0
1743.0
1765.0
1496.0
1422.0
1384.0
1385.0
1233.0
1223.0
1176.0
1152.0
1239.0
1142.0
1153.0
1168.0
1198.0
1263.0
1384.0
1420.0
1365.0
1388.0
1545.0
1967.0
1676.0
1829.0
1761.0
1793.0
1497.0
1444.0
1395.0
1393.0
1203.0
1206.0
1192.0
1169.0
1247.0
1155.0
1144.0
1172.0
1200.0
1276.0
1397.0
1431.0
1382.0
1406.0
1477.0
1993.0
1692.0
1838.0
1773.0
1810.0
1511.0
1453.0
1439.0
1405.0
1212.0
1245.0
1192.0
1246.0
1276.0
1174.0
1056.0
1186.0
1203.0
1283.0
1414.0
1452.0
1401.0
1429.0
1493.0
2003.0
1783.0
1882.0
1799.0
1834.0
1434.0
1515.0
1373.0
1417.0
1220.0
1225.0
1214.0
1197.0
1288.0
1180.0
1032.0
1196.0
1216.0
1319.0
1433.0
1467.0
1417.0
1447.0
1510.0
2028.0
1809.0
1906.0
1813.0
1775.0
1553.0
1497.0
1501.0
1444.0
1242.0
1227.0
1196.0
1213.0
1363.0
1172.0
1123.0
1206.0
1225.0
1347.0
1443.0
1475.0
1432.0
1466.0
1527.0
2047.0
1810.0
1919.0
1824.0
1865.0
1546.0
1517.0
1508.0
1450.0
1246.0
1231.0
1236.0
1273.0
1298.0
1182.0
1130.0
1214.0
1230.0
1406.0
1453.0
1489.0
1438.0
1475.0
1536.0
2059.0
1803.0
1928.0
1835.0
1879.0
1556.0
1508.0
1513.0
1446.0
1246.0
1235.0
1228.0
1286.0
1292.0
1181.0
1137.0
1220.0
1227.0
1434.0
1453.0
1498.0
1449.0
1482.0
1541.0
2100.0
1842.0
1935.0
1845.0
1892.0
1563.0
1524.0
1516.0
1453.0
1268.0
1233.0
1389.0
1333.0
1326.0
1178.0
1111.0
1221.0
1273.0
1451.0
1461.0
1523.0
1431.0
1473.0
1563.0
2132.0
1881.0
1872.0
1812.0
1863.0
1681.0
1560.0
1580.0
1516.0
1267.0
1234.0
1418.0
1372.0
1324.0
1187.0
1122.0
1234.0
1243.0
1461.0
1489.0
1493.0
1444.0
1495.0
1575.0
2142.0
1985.0
1918.0
1837.0
1867.0
1692.0
1588.0
1592.0
1523.0
1319.0
