1765.0
1515.0
1423.0
1367.0
1371.0
1207.0
1200.0
1167.0
1145.0
1234.0
1140.0
1077.0
1144.0
1171.0
1245.0
1350.0
1371.0
1337.0
1363.0
1436.0
1870.0
1698.0
1816.0
1743.0
1754.0
1517.0
1439.0
1382.0
1381.0
1214.0
1203.0
1175.0
1155.0
1240.0
1160.0
1093.0
1158.0
1185.0
1252.0
1361.0
1387.0
1360.0
1379.0
1451.0
1896.0
1709.0
1826.0
1762.0
1778.0
1525.0
1447.0
1397.0
1392.0
1224.0
1207.0
1187.0
1166.0
1244.0
1164.0
1099.0
1163.0
1195.0
1265.0
1376.0
1422.0
1380.0
1396.0
1463.0
1971.0
1746.0
1858.0
1785.0
1783.0
1535.0
1456.0
1408.0
1403.0
1228.0
1212.0
1191.0
1170.0
1247.0
1166.0
1104.0
1169.0
1200.0
1271.0
1384.0
1430.0
1390.0
1403.0
1471.0
1973.0
1752.0
1870.0
1796.0
1792.0
1544.0
1461.0
1409.0
1406.0
1235.0
1232.0
1201.0
1175.0
1250.0
1169.0
1141.0
1176.0
1207.0
1277.0
1390.0
1480.0
1397.0
1410.0
1475.0
1983.0
1759.0
1880.0
1807.0
1807.0
1568.0
1465.0
1415.0
1414.0
1278.0
1251.0
1207.0
1180.0
1254.0
1180.0
1182.0
1191.0
1221.0
1286.0
1405.0
1450.0
1408.0
1422.0
1571.0
1991.0
1787.0
1888.0
1825.0
1834.0
1571.0
1481.0
1427.0
1424.0
1250.0
1233.0
1218.0
1197.0
1267.0
1192.0
1176.0
1195.0
1225.0
1297.0
1417.0
1464.0
1427.0
1442.0
1509.0
2014.0
1804.0
1898.0
1838.0
1852.0
1586.0
1494.0
1468.0
1437.0
1260.0
1271.0
1226.0
1270.0
1303.0
1216.0
1096.0
1196.0
1229.0
1305.0
1433.0
1484.0
1446.0
1464.0
1526.0
2024.0
1880.0
1955.0
1875.0
1879.0
1506.0
1543.0
1414.0
1448.0
1268.0
1251.0
1242.0
1230.0
1311.0
1220.0
1075.0
1209.0
1241.0
1341.0
1457.0
1502.0
1468.0
1485.0
1544.0
2054.0
1906.0
1979.0
1894.0
1826.0
1625.0
1539.0
1534.0
1481.0
1290.0
1258.0
1228.0
1245.0
1383.0
1223.0
1160.0
1230.0
1254.0
1372.0
1470.0
1511.0
1480.0
1504.0
1561.0
2076.0
1903.0
1992.0
1904.0
1914.0
1621.0
1555.0
1544.0
1489.0
1296.0
1265.0
1269.0
1304.0
1330.0
1227.0
1167.0
1238.0
1260.0
1429.0
1489.0
1530.0
1488.0
1515.0
1571.0
2088.0
1900.0
1996.0
1913.0
1928.0
1628.0
1549.0
1552.0
1490.0
1295.0
1270.0
1261.0
1316.0
1326.0
1226.0
1173.0
1249.0
1263.0
1456.0
1493.0
1537.0
1495.0
1524.0
1581.0
2130.0
1943.0
2003.0
1919.0
1942.0
1640.0
1570.0
1556.0
1497.0
1317.0
1269.0
1420.0
1375.0
1363.0
1226.0
1153.0
1247.0
1302.0
1480.0
1502.0
1559.0
1479.0
1515.0
1600.0
2166.0
1961.0
1928.0
1868.0
1908.0
1737.0
1614.0
1625.0
1563.0
1323.0
1277.0
1452.0
1416.0
1366.0
1237.0
1161.0
1266.0
1276.0
1488.0
1528.0
1534.0
1490.0
1539.0
1616.0
2181.0
2055.0
1974.0
1889.0
1918.0
1750.0
1638.0
1638.0
1570.0
1373.0
