1772.0
1523.0
1428.0
1373.0
1381.0
1209.0
1196.0
1173.0
1150.0
1245.0
1137.0
1073.0
1152.0
1175.0
1255.0
1361.0
1382.0
1342.0
1368.0
1442.0
1872.0
1714.0
1824.0
1748.0
1756.0
1523.0
1448.0
1390.0
1391.0
1218.0
1207.0
1181.0
1156.0
1246.0
1156.0
1086.0
1167.0
1187.0
1258.0
1371.0
1395.0
1366.0
1384.0
1458.0
1896.0
1724.0
1832.0
1767.0
1780.0
1529.0
1454.0
1406.0
1405.0
1230.0
1214.0
1190.0
1164.0
1248.0
1165.0
1096.0
1167.0
1199.0
1273.0
1384.0
1431.0
1385.0
1398.0
1469.0
1966.0
1762.0
1864.0
1790.0
1786.0
1541.0
1460.0
1418.0
1414.0
1232.0
1217.0
1198.0
1171.0
1255.0
1165.0
1095.0
1176.0
1203.0
1277.0
1394.0
1439.0
1396.0
1410.0
1478.0
1968.0
1765.0
1876.0
1801.0
1796.0
1547.0
1466.0
1416.0
1416.0
1239.0
1238.0
1204.0
1175.0
1255.0
1168.0
1143.0
1179.0
1210.0
1283.0
1399.0
1494.0
1403.0
1414.0
1481.0
1977.0
1773.0
1887.0
1815.0
1811.0
1575.0
1470.0
1421.0
1423.0
1287.0
1259.0
1210.0
1180.0
1257.0
1174.0
1191.0
1192.0
1227.0
1293.0
1416.0
1461.0
1415.0
1428.0
1588.0
1985.0
1800.0
1892.0
1831.0
1838.0
1577.0
1487.0
1433.0
1433.0
1249.0
1235.0
1223.0
1200.0
1270.0
1187.0
1180.0
1196.0
1228.0
1302.0
1427.0
1473.0
1433.0
1449.0
1516.0
2007.0
1819.0
1903.0
1845.0
1855.0
1594.0
1497.0
1479.0
1446.0
1259.0
1283.0
1232.0
1275.0
1309.0
1213.0
1084.0
1203.0
1232.0
1308.0
1441.0
1493.0
1454.0
1470.0
1534.0
2017.0
1889.0
1960.0
1883.0
1881.0
1499.0
1552.0
1415.0
1457.0
1269.0
1251.0
1245.0
1220.0
1313.0
1219.0
1052.0
1216.0
1242.0
1346.0
1466.0
1513.0
1476.0
1494.0
1550.0
2044.0
1914.0
1983.0
1898.0
1822.0
1635.0
1546.0
1540.0
1489.0
1291.0
1264.0
1225.0
1241.0
1399.0
1221.0
1156.0
1236.0
1255.0
1377.0
1477.0
1520.0
1487.0
1510.0
1569.0
2066.0
1908.0
1995.0
1910.0
1915.0
1628.0
1560.0
1549.0
1494.0
1297.0
1268.0
1275.0
1307.0
1335.0
1224.0
1164.0
1242.0
1261.0
1435.0
1497.0
1539.0
1498.0
1523.0
1577.0
2076.0
1905.0
1998.0
1919.0
1930.0
1637.0
1554.0
1557.0
1494.0
1292.0
1274.0
1264.0
1317.0
1329.0
1224.0
1172.0
1251.0
1262.0
1461.0
1498.0
1544.0
1503.0
1532.0
1589.0
2119.0
1951.0
2006.0
1926.0
1945.0
1647.0
1574.0
1558.0
1498.0
1317.0
1267.0
1425.0
1379.0
1367.0
1219.0
1140.0
1244.0
1304.0
1487.0
1509.0
1569.0
1484.0
1520.0
1607.0
2153.0
1970.0
1927.0
1872.0
1909.0
1744.0
1620.0
1630.0
1570.0
1324.0
1275.0
1455.0
1422.0
1366.0
1229.0
1152.0
1261.0
1272.0
1491.0
1536.0
1538.0
1497.0
1544.0
1621.0
2165.0
2060.0
1971.0
1892.0
1917.0
1759.0
1644.0
1643.0
1577.0
1374.0
