1893.0
1581.0
1493.0
1445.0
1449.0
1238.0
1229.0
1210.0
1175.0
1279.0
1158.0
1087.0
1177.0
1207.0
1288.0
1413.0
1430.0
1389.0
1428.0
1520.0
2050.0
1783.0
1934.0
1860.0
1887.0
1585.0
1513.0
1462.0
1462.0
1248.0
1240.0
1215.0
1187.0
1286.0
1181.0
1104.0
1196.0
1223.0
1297.0
1426.0
1449.0
1413.0
1447.0
1538.0
2083.0
1796.0
1948.0
1881.0
1911.0
1595.0
1524.0
1480.0
1475.0
1259.0
1247.0
1226.0
1199.0
1291.0
1185.0
1113.0
1199.0
1233.0
1312.0
1443.0
1492.0
1434.0
1465.0
1552.0
2176.0
1839.0
1981.0
1904.0
1919.0
1608.0
1538.0
1493.0
1487.0
1264.0
1254.0
1233.0
1203.0
1295.0
1189.0
1119.0
1209.0
1239.0
1319.0
1453.0
1501.0
1447.0
1472.0
1562.0
2178.0
1845.0
1995.0
1916.0
1928.0
1619.0
1545.0
1495.0
1492.0
1272.0
1277.0
1242.0
1210.0
1297.0
1193.0
1157.0
1213.0
1249.0
1327.0
1461.0
1551.0
1451.0
1478.0
1567.0
2189.0
1854.0
2009.0
1928.0
1945.0
1644.0
1549.0
1502.0
1502.0
1317.0
1295.0
1248.0
1216.0
1303.0
1205.0
1202.0
1228.0
1265.0
1337.0
1480.0
1524.0
1466.0
1493.0
1662.0
2199.0
1883.0
2019.0
1948.0
1976.0
1650.0
1567.0
1517.0
1514.0
1291.0
1278.0
1264.0
1235.0
1320.0
1220.0
1195.0
1233.0
1270.0
1351.0
1494.0
1540.0
1488.0
1517.0
1606.0
2228.0
1904.0
2030.0
1964.0
1997.0
1669.0
1584.0
1562.0
1529.0
1304.0
1319.0
1272.0
1327.0
1359.0
1245.0
1114.0
1243.0
1276.0
1361.0
1514.0
1564.0
1509.0
1542.0
1626.0
2239.0
2003.0
2091.0
2001.0
2026.0
1595.0
1642.0
1508.0
1542.0
1313.0
1299.0
1293.0
1280.0
1369.0
1251.0
1093.0
1258.0
1288.0
1406.0
1539.0
1584.0
1536.0
1568.0
1645.0
2275.0
2034.0
2120.0
2022.0
1980.0
1713.0
1642.0
1647.0
1579.0
1337.0
1308.0
1276.0
1300.0
1444.0
1252.0
1184.0
1278.0
1304.0
1442.0
1554.0
1596.0
1551.0
1589.0
1666.0
2299.0
2034.0
2137.0
2034.0
2064.0
1712.0
1660.0
1659.0
1587.0
1346.0
1317.0
1324.0
1366.0
1391.0
1260.0
1193.0
1286.0
1311.0
1513.0
1574.0
1616.0
1559.0
1602.0
1678.0
2312.0
2032.0
2142.0
2044.0
2080.0
1719.0
1655.0
1668.0
1590.0
1347.0
1324.0
1314.0
1380.0
1388.0
1263.0
1201.0
1297.0
1315.0
1544.0
1580.0
1621.0
1568.0
1613.0
1688.0
2352.0
2078.0
2151.0
2052.0
2094.0
1732.0
1677.0
1671.0
1597.0
1370.0
1323.0
1505.0
1446.0
1427.0
1264.0
1181.0
1294.0
1356.0
1572.0
1589.0
1651.0
1562.0
1608.0
1709.0
2392.0
2100.0
2087.0
2009.0
2065.0
1852.0
1719.0
1735.0
1660.0
1377.0
1330.0
1534.0
1486.0
1432.0
1278.0
1192.0
1315.0
1329.0
1580.0
1620.0
1629.0
1576.0
1637.0
1727.0
2404.0
2214.0
2138.0
2035.0
2076.0
1869.0
1747.0
1751.0
1667.0
1436.0
