1929.0
1624.0
1496.0
1427.0
1434.0
1237.0
1225.0
1185.0
1166.0
1274.0
1158.0
1075.0
1163.0
1195.0
1289.0
1416.0
1441.0
1397.0
1426.0
1515.0
2047.0
1863.0
2000.0
1904.0
1913.0
1626.0
1520.0
1445.0
1448.0
1246.0
1230.0
1198.0
1177.0
1280.0
1180.0
1093.0
1181.0
1212.0
1294.0
1429.0
1461.0
1425.0
1445.0
1533.0
2078.0
1877.0
2011.0
1929.0
1944.0
1634.0
1529.0
1463.0
1461.0
1256.0
1235.0
1212.0
1188.0
1286.0
1185.0
1098.0
1187.0
1224.0
1312.0
1446.0
1504.0
1452.0
1466.0
1549.0
2168.0
1926.0
2052.0
1957.0
1950.0
1647.0
1539.0
1478.0
1476.0
1259.0
1239.0
1218.0
1193.0
1289.0
1188.0
1108.0
1191.0
1230.0
1318.0
1455.0
1513.0
1464.0
1473.0
1559.0
2171.0
1932.0
2067.0
1973.0
1961.0
1657.0
1545.0
1478.0
1479.0
1269.0
1265.0
1224.0
1198.0
1292.0
1191.0
1154.0
1196.0
1237.0
1324.0
1463.0
1582.0
1472.0
1483.0
1563.0
2182.0
1941.0
2080.0
1987.0
1981.0
1690.0
1549.0
1485.0
1489.0
1326.0
1286.0
1229.0
1204.0
1298.0
1203.0
1209.0
1213.0
1253.0
1334.0
1482.0
1538.0
1486.0
1498.0
1694.0
2192.0
1977.0
2089.0
2010.0
2016.0
1692.0
1568.0
1500.0
1499.0
1287.0
1263.0
1248.0
1224.0
1311.0
1215.0
1200.0
1219.0
1257.0
1348.0
1497.0
1556.0
1509.0
1524.0
1605.0
2220.0
1999.0
2100.0
2027.0
2037.0
1712.0
1585.0
1555.0
1516.0
1298.0
1312.0
1252.0
1312.0
1357.0
1245.0
1085.0
1227.0
1265.0
1358.0
1517.0
1582.0
1535.0
1551.0
1627.0
2233.0
2086.0
2176.0
2076.0
2072.0
1595.0
1653.0
1479.0
1530.0
1306.0
1286.0
1275.0
1255.0
1368.0
1250.0
1054.0
1245.0
1280.0
1402.0
1545.0
1605.0
1560.0
1578.0
1650.0
2269.0
2119.0
2206.0
2099.0
1997.0
1762.0
1641.0
1635.0
1572.0
1334.0
1293.0
1254.0
1278.0
1466.0
1250.0
1165.0
1263.0
1293.0
1439.0
1561.0
1615.0
1575.0
1602.0
1672.0
2298.0
2113.0
2222.0
2113.0
2117.0
1753.0
1661.0
1647.0
1581.0
1340.0
1300.0
1310.0
1351.0
1389.0
1254.0
1176.0
1275.0
1298.0
1509.0
1586.0
1639.0
1586.0
1615.0
1685.0
2313.0
2108.0
2226.0
2124.0
2135.0
1762.0
1652.0
1656.0
1583.0
1340.0
1307.0
1296.0
1368.0
1381.0
1256.0
1185.0
1287.0
1301.0
1544.0
1590.0
1647.0
1594.0
1627.0
1697.0
2369.0
2165.0
2234.0
2132.0
2152.0
1778.0
1681.0
1661.0
1589.0
1367.0
1304.0
1495.0
1439.0
1426.0
1246.0
1160.0
1282.0
1353.0
1572.0
1600.0
1675.0
1570.0
1612.0
1722.0
2414.0
2187.0
2131.0
2062.0
2108.0
1899.0
1739.0
1753.0
1678.0
1368.0
1309.0
1536.0
1494.0
1426.0
1258.0
1169.0
1307.0
1316.0
1583.0
1635.0
1639.0
1583.0
1645.0
1742.0
2432.0
2301.0
2190.0
2088.0
2120.0
1916.0
1771.0
1769.0
1686.0
1434.0
