1778.0
1516.0
1431.0
1391.0
1399.0
1207.0
1210.0
1202.0
1172.0
1264.0
1145.0
1080.0
1181.0
1206.0
1270.0
1371.0
1383.0
1345.0
1379.0
1459.0
1896.0
1688.0
1808.0
1753.0
1773.0
1522.0
1446.0
1402.0
1408.0
1213.0
1217.0
1203.0
1185.0
1270.0
1167.0
1098.0
1199.0
1217.0
1279.0
1382.0
1398.0
1366.0
1395.0
1475.0
1922.0
1699.0
1820.0
1770.0
1793.0
1529.0
1455.0
1418.0
1417.0
1223.0
1223.0
1215.0
1193.0
1276.0
1172.0
1107.0
1202.0
1227.0
1290.0
1397.0
1432.0
1382.0
1409.0
1486.0
1999.0
1736.0
1849.0
1791.0
1800.0
1538.0
1465.0
1429.0
1428.0
1225.0
1229.0
1221.0
1195.0
1278.0
1176.0
1112.0
1207.0
1232.0
1298.0
1405.0
1440.0
1392.0
1416.0
1494.0
2001.0
1741.0
1861.0
1800.0
1807.0
1547.0
1472.0
1430.0
1429.0
1234.0
1243.0
1224.0
1199.0
1280.0
1180.0
1143.0
1205.0
1241.0
1299.0
1411.0
1479.0
1393.0
1421.0
1497.0
2011.0
1748.0
1871.0
1810.0
1821.0
1567.0
1476.0
1435.0
1438.0
1267.0
1256.0
1227.0
1206.0
1286.0
1193.0
1174.0
1214.0
1252.0
1310.0
1426.0
1460.0
1408.0
1431.0
1567.0
2017.0
1769.0
1881.0
1825.0
1848.0
1575.0
1492.0
1449.0
1449.0
1252.0
1247.0
1245.0
1224.0
1296.0
1201.0
1172.0
1222.0
1256.0
1321.0
1439.0
1474.0
1428.0
1451.0
1528.0
2042.0
1787.0
1891.0
1838.0
1863.0
1590.0
1504.0
1485.0
1459.0
1260.0
1279.0
1247.0
1306.0
1329.0
1217.0
1110.0
1240.0
1265.0
1332.0
1454.0
1492.0
1445.0
1472.0
1545.0
2051.0
1878.0
1943.0
1869.0
1888.0
1537.0
1554.0
1445.0
1476.0
1271.0
1267.0
1268.0
1276.0
1339.0
1225.0
1090.0
1257.0
1274.0
1371.0
1475.0
1508.0
1466.0
1492.0
1561.0
2080.0
1902.0
1967.0
1886.0
1853.0
1625.0
1553.0
1558.0
1500.0
1286.0
1274.0
1260.0
1291.0
1395.0
1216.0
1167.0
1264.0
1285.0
1402.0
1487.0
1519.0
1477.0
1510.0
1576.0
2100.0
1905.0
1980.0
1895.0
1918.0
1622.0
1567.0
1568.0
1509.0
1296.0
1281.0
1291.0
1335.0
1351.0
1229.0
1175.0
1271.0
1289.0
1461.0
1504.0
1534.0
1484.0
1519.0
1587.0
2112.0
1904.0
1984.0
1901.0
1929.0
1628.0
1563.0
1576.0
1511.0
1300.0
1285.0
1286.0
1346.0
1348.0
1233.0
1183.0
1278.0
1291.0
1482.0
1506.0
1540.0
1489.0
1527.0
1595.0
2144.0
1936.0
1991.0
1905.0
1939.0
1634.0
1580.0
1580.0
1519.0
1317.0
1284.0
1453.0
1393.0
1374.0
1230.0
1167.0
1280.0
1322.0
1504.0
1514.0
1562.0
1485.0
1529.0
1614.0
2181.0
1943.0
1941.0
1872.0
1918.0
1735.0
1621.0
1636.0
1569.0
1316.0
1293.0
1476.0
1425.0
1377.0
1244.0
1175.0
1296.0
1303.0
1515.0
1538.0
1543.0
1499.0
1553.0
1628.0
2197.0
2040.0
1980.0
1891.0
1927.0
1749.0
1645.0
1648.0
1575.0
1372.0
