1745.0
1501.0
1427.0
1404.0
1514.0
1372.0
1296.0
1148.0
1269.0
1214.0
1268.0
1132.0
1133.0
1262.0
1361.0
1405.0
1465.0
1441.0
1399.0
1495.0
1791.0
1675.0
1703.0
1602.0
1687.0
1531.0
1404.0
1456.0
1534.0
1360.0
1216.0
1220.0
1290.0
1355.0
1220.0
1075.0
1177.0
1276.0
1345.0
1399.0
1452.0
1417.0
1461.0
1534.0
1780.0
1683.0
1722.0
1610.0
1711.0
1562.0
1475.0
1482.0
1521.0
1370.0
1282.0
1248.0
1310.0
1300.0
1296.0
1173.0
1193.0
1278.0
1371.0
1376.0
1500.0
1449.0
1417.0
1522.0
1872.0
1697.0
1737.0
1602.0
1731.0
1551.0
1502.0
1486.0
1604.0
1410.0
1273.0
1201.0
1295.0
1277.0
1226.0
1105.0
1208.0
1297.0
1408.0
1439.0
1514.0
1488.0
1406.0
1520.0
1872.0
1666.0
1716.0
1608.0
1726.0
1536.0
1545.0
1470.0
1552.0
1397.0
1346.0
1227.0
1297.0
1287.0
1260.0
1133.0
1149.0
1294.0
1360.0
1397.0
1599.0
1430.0
1429.0
1531.0
1882.0
1717.0
1730.0
1620.0
1730.0
1579.0
1543.0
1501.0
1557.0
1420.0
1304.0
1242.0
1293.0
1362.0
1241.0
1182.0
1181.0
1368.0
1375.0
1443.0
1515.0
1472.0
1474.0
1609.0
1846.0
1731.0
1722.0
1658.0
1709.0
1568.0
1505.0
1471.0
1563.0
1455.0
1306.0
1266.0
1314.0
1290.0
1212.0
1233.0
1174.0
1349.0
1389.0
1466.0
1539.0
1495.0
1454.0
1500.0
1928.0
1718.0
1753.0
1634.0
1711.0
1600.0
1553.0
1539.0
1566.0
1477.0
1375.0
1277.0
1436.0
1399.0
1303.0
1110.0
1241.0
1309.0
1437.0
1484.0
1550.0
1500.0
1535.0
1557.0
1902.0
1775.0
1810.0
1715.0
1747.0
1543.0
1614.0
1473.0
1640.0
1440.0
1403.0
1243.0
1386.0
1435.0
1329.0
1089.0
1270.0
1331.0
1407.0
1501.0
1613.0
1514.0
1510.0
1556.0
1901.0
1739.0
1797.0
1671.0
1718.0
1628.0
1583.0
1596.0
1651.0
1461.0
1346.0
1343.0
1399.0
1473.0
1305.0
1187.0
1210.0
1379.0
1507.0
1533.0
1605.0
1535.0
1555.0
1522.0
1942.0
1768.0
1797.0
1696.0
1751.0
1591.0
1611.0
1630.0
1656.0
1471.0
1392.0
1367.0
1420.0
1447.0
1342.0
1187.0
1295.0
1375.0
1525.0
1540.0
1554.0
1503.0
1549.0
1625.0
1928.0
1767.0
1783.0
1705.0
1806.0
1593.0
1590.0
1609.0
1624.0
1481.0
1364.0
1299.0
1427.0
1459.0
1316.0
1210.0
1289.0
1394.0
1557.0
1525.0
1599.0
1490.0
1566.0
1623.0
1919.0
1758.0
1853.0
1703.0
1767.0
1600.0
1623.0
1607.0
1648.0
1487.0
1339.0
1450.0
1503.0
1497.0
1253.0
1275.0
1269.0
1413.0
1517.0
1591.0
1643.0
1566.0
1536.0
1637.0
1959.0
1803.0
1868.0
1725.0
1793.0
1709.0
1639.0
1644.0
1612.0
1435.0
1335.0
1494.0
1533.0
1474.0
1301.0
1297.0
1259.0
1352.0
1550.0
1520.0
1637.0
1554.0
1615.0
1615.0
1956.0
1828.0
1838.0
1745.0
1761.0
1687.0
1701.0
1637.0
1637.0
1511.0
