1868.0
1580.0
1477.0
1426.0
1429.0
1232.0
1224.0
1196.0
1167.0
1268.0
1157.0
1084.0
1170.0
1200.0
1281.0
1398.0
1421.0
1382.0
1415.0
1503.0
1997.0
1771.0
1903.0
1841.0
1862.0
1584.0
1495.0
1441.0
1439.0
1240.0
1228.0
1203.0
1178.0
1274.0
1180.0
1102.0
1186.0
1216.0
1288.0
1411.0
1439.0
1406.0
1432.0
1519.0
2025.0
1783.0
1916.0
1861.0
1885.0
1592.0
1506.0
1457.0
1452.0
1251.0
1233.0
1216.0
1190.0
1280.0
1184.0
1109.0
1192.0
1225.0
1302.0
1427.0
1478.0
1427.0
1451.0
1531.0
2112.0
1822.0
1948.0
1884.0
1891.0
1605.0
1518.0
1470.0
1463.0
1256.0
1237.0
1218.0
1193.0
1282.0
1187.0
1115.0
1197.0
1231.0
1310.0
1438.0
1487.0
1438.0
1458.0
1541.0
2116.0
1829.0
1962.0
1894.0
1901.0
1613.0
1523.0
1472.0
1468.0
1263.0
1258.0
1229.0
1199.0
1285.0
1190.0
1153.0
1203.0
1238.0
1316.0
1444.0
1533.0
1446.0
1464.0
1546.0
2126.0
1837.0
1974.0
1906.0
1917.0
1639.0
1529.0
1478.0
1477.0
1305.0
1276.0
1234.0
1206.0
1290.0
1202.0
1194.0
1218.0
1255.0
1326.0
1461.0
1509.0
1457.0
1477.0
1633.0
2136.0
1863.0
1984.0
1924.0
1946.0
1645.0
1546.0
1493.0
1488.0
1280.0
1261.0
1249.0
1224.0
1304.0
1216.0
1188.0
1221.0
1258.0
1339.0
1474.0
1524.0
1479.0
1500.0
1583.0
2162.0
1881.0
1996.0
1938.0
1965.0
1662.0
1561.0
1535.0
1503.0
1294.0
1298.0
1256.0
1311.0
1345.0
1241.0
1109.0
1228.0
1263.0
1349.0
1494.0
1546.0
1499.0
1524.0
1602.0
2175.0
1981.0
2056.0
1974.0
1993.0
1591.0
1614.0
1487.0
1514.0
1301.0
1281.0
1274.0
1267.0
1354.0
1245.0
1084.0
1242.0
1277.0
1390.0
1519.0
1565.0
1523.0
1548.0
1621.0
2206.0
2008.0
2084.0
1993.0
1949.0
1702.0
1614.0
1616.0
1553.0
1325.0
1289.0
1259.0
1284.0
1420.0
1249.0
1177.0
1264.0
1290.0
1426.0
1534.0
1578.0
1536.0
1568.0
1640.0
2229.0
2010.0
2099.0
2004.0
2028.0
1700.0
1632.0
1627.0
1563.0
1335.0
1296.0
1304.0
1347.0
1375.0
1254.0
1183.0
1270.0
1299.0
1491.0
1555.0
1596.0
1545.0
1581.0
1651.0
2242.0
2009.0
2102.0
2012.0
2041.0
1707.0
1627.0
1636.0
1565.0
1334.0
1304.0
1294.0
1361.0
1372.0
1253.0
1190.0
1282.0
1300.0
1519.0
1560.0
1603.0
1552.0
1589.0
1662.0
2282.0
2047.0
2111.0
2017.0
2052.0
1717.0
1647.0
1641.0
1573.0
1357.0
1303.0
1480.0
1428.0
1410.0
1255.0
1173.0
1282.0
1341.0
1546.0
1572.0
1625.0
1543.0
1586.0
1682.0
2323.0
2060.0
2050.0
1976.0
2026.0
1825.0
1695.0
1710.0
1637.0
1363.0
1313.0
1514.0
1469.0
1417.0
1268.0
1183.0
1302.0
1316.0
1556.0
1597.0
1605.0
1556.0
1614.0
1699.0
2341.0
2166.0
2096.0
1999.0
2037.0
1841.0
1723.0
1725.0
1645.0
1421.0
