620.0
1605.0
752.0
616.0
1644.0
851.0
620.0
606.0
882.0
1540.0
954.0
1498.0
858.0
1732.0
972.0
650.0
569.0
1533.0
1449.0
1561.0
1503.0
1167.0
1632.0
1609.0
1132.0
1831.0
1238.0
1749.0
1595.0
1318.0
923.0
653.0
566.0
491.0
1496.0
959.0
715.0
551.0
563.0
647.0
641.0
905.0
398.0
593.0
460.0
1546.0
461.0
1008.0
907.0
850.0
442.0
551.0
1212.0
1408.0
403.0
510.0
500.0
547.0
531.0
488.0
502.0
722.0
536.0
689.0
537.0
848.0
1441.0
1238.0
1473.0
1452.0
1523.0
1197.0
1579.0
811.0
554.0
492.0
542.0
886.0
843.0
773.0
893.0
1041.0
1484.0
728.0
1310.0
507.0
659.0
549.0
1451.0
579.0
1469.0
642.0
1517.0
860.0
621.0
1423.0
1482.0
639.0
1649.0
1131.0
884.0
1279.0
636.0
641.0
839.0
534.0
1490.0
1250.0
1443.0
1521.0
1114.0
1189.0
748.0
1504.0
1221.0
1405.0
793.0
1226.0
1331.0
1324.0
1490.0
1554.0
1432.0
1613.0
1504.0
1556.0
1571.0
1571.0
893.0
701.0
762.0
1472.0
1310.0
1411.0
759.0
696.0
1222.0
568.0
571.0
1470.0
638.0
1081.0
1555.0
1407.0
900.0
644.0
736.0
1179.0
1390.0
1361.0
890.0
1576.0
1494.0
1534.0
1520.0
857.0
490.0
494.0
514.0
493.0
493.0
470.0
498.0
433.0
440.0
489.0
426.0
405.0
384.0
373.0
434.0
430.0
1344.0
223.0
1102.0
1404.0
528.0
444.0
1455.0
482.0
1456.0
367.0
457.0
501.0
659.0
405.0
1003.0
495.0
440.0
480.0
799.0
371.0
783.0
558.0
432.0
610.0
679.0
343.0
889.0
324.0
883.0
834.0
855.0
645.0
371.0
461.0
473.0
764.0
302.0
446.0
917.0
243.0
674.0
329.0
488.0
815.0
450.0
821.0
440.0
684.0
338.0
876.0
351.0
463.0
902.0
321.0
726.0
353.0
471.0
419.0
425.0
668.0
282.0
775.0
891.0
274.0
856.0
800.0
317.0
742.0
842.0
290.0
870.0
841.0
295.0
998.0
401.0
476.0
497.0
929.0
354.0
461.0
1043.0
322.0
665.0
394.0
1052.0
527.0
368.0
818.0
804.0
302.0
812.0
678.0
351.0
848.0
899.0
330.0
452.0
1010.0
298.0
1161.0
282.0
513.0
596.0
410.0
1318.0
339.0
584.0
448.0
1241.0
336.0
783.0
365.0
772.0
585.0
507.0
475.0
606.0
586.0
442.0
1213.0
321.0
914.0
432.0
1154.0
315.0
507.0
522.0
854.0
337.0
515.0
494.0
665.0
1191.0
533.0
942.0
1330.0
701.0
546.0
642.0
605.0
552.0
1239.0
451.0
1312.0
1350.0
762.0
697.0
1355.0
872.0
1462.0
988.0
707.0
1482.0
1042.0
819.0
1572.0
1311.0
1064.0
1618.0
1186.0
957.0
1106.0
1287.0
1147.0
1547.0
