1105.0
1602.0
1204.0
798.0
1786.0
1126.0
878.0
786.0
876.0
1447.0
1239.0
1756.0
1083.0
1801.0
1289.0
776.0
756.0
1429.0
1421.0
1602.0
1567.0
1326.0
1662.0
1650.0
1156.0
1938.0
1359.0
1775.0
1642.0
1297.0
1260.0
931.0
673.0
507.0
1703.0
1130.0
992.0
802.0
674.0
602.0
711.0
809.0
532.0
545.0
394.0
1435.0
830.0
1068.0
1064.0
868.0
546.0
475.0
976.0
1268.0
719.0
635.0
394.0
376.0
347.0
315.0
345.0
512.0
439.0
551.0
447.0
729.0
1294.0
1144.0
1354.0
1357.0
1340.0
1225.0
1567.0
1150.0
735.0
542.0
506.0
671.0
785.0
852.0
954.0
1057.0
1458.0
1134.0
1244.0
986.0
740.0
594.0
1477.0
978.0
1492.0
1125.0
1558.0
1278.0
725.0
1385.0
1563.0
939.0
1869.0
1438.0
958.0
1294.0
913.0
801.0
838.0
609.0
1392.0
1336.0
1558.0
1506.0
1272.0
1351.0
1095.0
1488.0
1423.0
1263.0
1222.0
1234.0
1650.0
1395.0
1389.0
1591.0
1438.0
1722.0
1523.0
1520.0
1650.0
1507.0
1181.0
912.0
810.0
1270.0
1338.0
1420.0
1107.0
926.0
1132.0
890.0
710.0
1354.0
1037.0
1116.0
1572.0
1325.0
1184.0
957.0
861.0
1083.0
1576.0
1447.0
1144.0
1686.0
1533.0
1348.0
1466.0
1145.0
705.0
454.0
497.0
424.0
396.0
413.0
452.0
448.0
437.0
460.0
416.0
405.0
385.0
386.0
371.0
382.0
1056.0
379.0
972.0
1360.0
772.0
666.0
1400.0
748.0
1334.0
801.0
510.0
473.0
506.0
429.0
803.0
554.0
541.0
500.0
650.0
433.0
658.0
553.0
528.0
565.0
630.0
374.0
726.0
348.0
713.0
733.0
867.0
829.0
578.0
503.0
450.0
582.0
345.0
439.0
675.0
362.0
611.0
384.0
526.0
638.0
515.0
737.0
573.0
722.0
416.0
696.0
392.0
479.0
699.0
426.0
631.0
416.0
510.0
410.0
377.0
508.0
327.0
619.0
772.0
451.0
804.0
804.0
463.0
643.0
731.0
425.0
719.0
758.0
440.0
838.0
480.0
532.0
449.0
695.0
427.0
461.0
832.0
512.0
634.0
478.0
847.0
607.0
444.0
756.0
751.0
420.0
717.0
666.0
481.0
703.0
776.0
516.0
473.0
798.0
410.0
908.0
428.0
652.0
553.0
448.0
1113.0
483.0
674.0
588.0
996.0
578.0
781.0
521.0
722.0
551.0
509.0
520.0
596.0
584.0
491.0
986.0
491.0
919.0
621.0
983.0
536.0
593.0
618.0
706.0
466.0
508.0
558.0
647.0
1179.0
605.0
986.0
1297.0
863.0
671.0
788.0
622.0
650.0
1157.0
658.0
1353.0
1333.0
788.0
957.0
1232.0
859.0
1541.0
1206.0
768.0
1491.0
1084.0
828.0
1534.0
1340.0
1010.0
1778.0
1322.0
864.0
1171.0
1366.0
1228.0
1548.0
