1095.0
1369.0
1159.0
883.0
1468.0
1121.0
876.0
844.0
882.0
1319.0
1191.0
1451.0
1076.0
1580.0
1260.0
900.0
840.0
1260.0
1358.0
1465.0
1447.0
1363.0
1409.0
1626.0
1266.0
1669.0
1368.0
1631.0
1588.0
1419.0
1091.0
938.0
794.0
664.0
1414.0
1266.0
932.0
874.0
756.0
720.0
798.0
853.0
611.0
619.0
503.0
1363.0
911.0
938.0
990.0
888.0
640.0
613.0
1010.0
1248.0
812.0
642.0
557.0
542.0
525.0
490.0
496.0
653.0
582.0
693.0
571.0
811.0
1256.0
1262.0
1265.0
1314.0
1339.0
1206.0
1425.0
1125.0
878.0
753.0
660.0
801.0
907.0
864.0
908.0
1004.0
1305.0
1108.0
1073.0
960.0
779.0
685.0
1336.0
949.0
1354.0
1023.0
1426.0
1222.0
841.0
1237.0
1414.0
1035.0
1539.0
1351.0
913.0
1171.0
984.0
796.0
882.0
691.0
1288.0
1277.0
1373.0
1449.0
1311.0
1114.0
1068.0
1345.0
1355.0
1186.0
1117.0
1071.0
1283.0
1512.0
1424.0
1504.0
1394.0
1618.0
1549.0
1555.0
1608.0
1598.0
1166.0
927.0
903.0
1281.0
1381.0
1234.0
1042.0
855.0
1078.0
883.0
701.0
1292.0
1044.0
993.0
1376.0
1307.0
1151.0
899.0
839.0
1040.0
1354.0
1453.0
1130.0
1442.0
1493.0
1397.0
1374.0
1160.0
824.0
658.0
592.0
541.0
519.0
500.0
511.0
460.0
440.0
457.0
423.0
395.0
378.0
370.0
404.0
420.0
1122.0
448.0
998.0
1222.0
842.0
647.0
1302.0
820.0
1280.0
765.0
697.0
573.0
652.0
488.0
881.0
681.0
517.0
492.0
701.0
486.0
671.0
645.0
493.0
575.0
693.0
415.0
776.0
465.0
730.0
876.0
936.0
775.0
490.0
515.0
505.0
644.0
397.0
456.0
744.0
396.0
532.0
390.0
454.0
685.0
579.0
813.0
581.0
648.0
445.0
760.0
488.0
489.0
769.0
492.0
653.0
463.0
488.0
443.0
423.0
534.0
338.0
574.0
871.0
413.0
760.0
820.0
437.0
682.0
824.0
452.0
753.0
854.0
446.0
852.0
576.0
521.0
532.0
821.0
512.0
500.0
899.0
560.0
631.0
490.0
902.0
715.0
469.0
703.0
837.0
424.0
684.0
716.0
460.0
702.0
881.0
476.0
493.0
828.0
468.0
975.0
472.0
556.0
569.0
481.0
1110.0
560.0
602.0
569.0
1094.0
601.0
773.0
492.0
714.0
629.0
583.0
516.0
579.0
586.0
488.0
1051.0
502.0
808.0
590.0
1050.0
530.0
589.0
601.0
755.0
469.0
556.0
546.0
605.0
1075.0
818.0
908.0
1191.0
1030.0
826.0
743.0
642.0
652.0
1213.0
630.0
1286.0
1261.0
1012.0
991.0
1246.0
977.0
1407.0
1163.0
982.0
1368.0
1285.0
1018.0
1431.0
1387.0
1255.0
1557.0
1392.0
1144.0
1076.0
1299.0
1261.0
1427.0
