1148.0
1605.0
1133.0
770.0
1851.0
1174.0
792.0
1003.0
952.0
1469.0
1100.0
1613.0
1171.0
1720.0
1320.0
932.0
937.0
1485.0
1376.0
1476.0
1585.0
1407.0
1548.0
1755.0
1345.0
1984.0
1442.0
1794.0
1769.0
1409.0
1249.0
1190.0
797.0
609.0
1739.0
1269.0
898.0
955.0
748.0
730.0
813.0
886.0
601.0
579.0
667.0
1554.0
998.0
878.0
1172.0
953.0
618.0
606.0
1222.0
1350.0
703.0
619.0
711.0
685.0
732.0
640.0
657.0
856.0
748.0
852.0
725.0
957.0
1544.0
1176.0
1322.0
1450.0
1472.0
1359.0
1571.0
1251.0
884.0
800.0
690.0
910.0
943.0
825.0
976.0
1089.0
1446.0
1053.0
1138.0
969.0
764.0
771.0
1550.0
993.0
1298.0
1108.0
1532.0
1141.0
642.0
1419.0
1506.0
902.0
1771.0
1380.0
959.0
1390.0
947.0
669.0
941.0
688.0
1378.0
1228.0
1378.0
1557.0
1314.0
1266.0
1147.0
1496.0
1303.0
1185.0
1135.0
1242.0
1678.0
1586.0
1283.0
1587.0
1530.0
1695.0
1630.0
1530.0
1584.0
1658.0
1288.0
1140.0
875.0
1441.0
1243.0
1256.0
1102.0
919.0
1202.0
859.0
532.0
1471.0
1024.0
945.0
1548.0
1252.0
1111.0
880.0
985.0
1122.0
1558.0
1383.0
1088.0
1619.0
1534.0
1360.0
1470.0
1247.0
816.0
773.0
612.0
632.0
597.0
587.0
642.0
590.0
599.0
637.0
564.0
515.0
469.0
434.0
503.0
527.0
1075.0
355.0
998.0
1570.0
784.0
490.0
1474.0
881.0
1219.0
822.0
443.0
729.0
753.0
687.0
1029.0
800.0
600.0
704.0
910.0
649.0
857.0
744.0
535.0
785.0
851.0
506.0
983.0
538.0
852.0
980.0
852.0
864.0
529.0
625.0
680.0
847.0
514.0
562.0
862.0
331.0
749.0
480.0
587.0
819.0
558.0
848.0
586.0
706.0
572.0
895.0
620.0
598.0
928.0
460.0
819.0
551.0
554.0
559.0
528.0
666.0
346.0
746.0
843.0
435.0
938.0
901.0
438.0
907.0
953.0
501.0
910.0
953.0
463.0
1045.0
622.0
588.0
680.0
882.0
543.0
599.0
1024.0
473.0
768.0
604.0
938.0
763.0
439.0
877.0
899.0
509.0
887.0
807.0
525.0
917.0
958.0
494.0
637.0
985.0
496.0
1055.0
466.0
542.0
735.0
552.0
1133.0
533.0
550.0
616.0
981.0
645.0
683.0
524.0
752.0
821.0
580.0
587.0
674.0
770.0
577.0
1053.0
459.0
887.0
686.0
929.0
600.0
498.0
703.0
764.0
565.0
602.0
587.0
640.0
1102.0
687.0
766.0
1548.0
997.0
622.0
759.0
730.0
764.0
1195.0
713.0
1256.0
1446.0
872.0
765.0
1337.0
1075.0
1574.0
1240.0
768.0
1638.0
1362.0
877.0
1581.0
1441.0
1136.0
1718.0
1361.0
981.0
1100.0
1413.0
1235.0
1427.0
