1003.0
1919.0
1138.0
935.0
2097.0
1242.0
883.0
814.0
995.0
1574.0
1228.0
1923.0
1062.0
1885.0
1149.0
1006.0
869.0
1462.0
1338.0
1593.0
1644.0
1192.0
1714.0
1603.0
1119.0
2116.0
1042.0
1946.0
1568.0
1217.0
1430.0
890.0
732.0
607.0
1926.0
1232.0
941.0
764.0
741.0
759.0
921.0
1169.0
929.0
978.0
869.0
1872.0
1213.0
1015.0
1247.0
1044.0
954.0
943.0
1461.0
1449.0
944.0
833.0
758.0
853.0
754.0
641.0
694.0
834.0
806.0
972.0
870.0
971.0
1692.0
1266.0
1365.0
1331.0
1455.0
1305.0
1670.0
969.0
996.0
845.0
819.0
941.0
992.0
1168.0
1367.0
1279.0
1607.0
1301.0
1152.0
1036.0
1026.0
1029.0
1762.0
1252.0
1457.0
1075.0
1642.0
1331.0
776.0
1450.0
1680.0
943.0
1949.0
1352.0
964.0
1265.0
981.0
810.0
941.0
921.0
1766.0
1513.0
1525.0
1519.0
1189.0
1417.0
983.0
1624.0
1336.0
1289.0
1088.0
1384.0
1975.0
1527.0
1244.0
1540.0
1404.0
1791.0
1456.0
1500.0
1607.0
1431.0
1335.0
1006.0
843.0
1361.0
1084.0
1232.0
1037.0
1047.0
1251.0
984.0
894.0
1639.0
1205.0
1056.0
1637.0
1458.0
1105.0
1026.0
1067.0
1326.0
1693.0
1523.0
877.0
1741.0
1500.0
1426.0
1351.0
965.0
954.0
714.0
704.0
702.0
744.0
653.0
600.0
627.0
580.0
590.0
606.0
639.0
585.0
553.0
530.0
729.0
1437.0
626.0
974.0
1858.0
865.0
619.0
1618.0
956.0
1391.0
810.0
697.0
627.0
630.0
732.0
963.0
900.0
903.0
748.0
713.0
873.0
948.0
911.0
722.0
842.0
823.0
725.0
932.0
703.0
897.0
1029.0
921.0
1104.0
640.0
669.0
551.0
769.0
650.0
542.0
886.0
648.0
763.0
571.0
498.0
930.0
725.0
1041.0
769.0
757.0
673.0
665.0
803.0
525.0
1023.0
618.0
880.0
615.0
463.0
603.0
335.0
779.0
518.0
763.0
912.0
671.0
1037.0
871.0
423.0
871.0
848.0
665.0
812.0
852.0
654.0
990.0
564.0
547.0
675.0
769.0
794.0
579.0
1058.0
681.0
772.0
688.0
776.0
919.0
553.0
957.0
746.0
708.0
884.0
793.0
688.0
849.0
904.0
640.0
740.0
854.0
638.0
1134.0
652.0
459.0
699.0
323.0
1431.0
623.0
545.0
676.0
845.0
867.0
703.0
809.0
561.0
775.0
494.0
867.0
478.0
679.0
609.0
1180.0
647.0
758.0
732.0
719.0
709.0
507.0
913.0
494.0
650.0
410.0
803.0
545.0
1438.0
941.0
951.0
1670.0
1064.0
691.0
672.0
499.0
375.0
941.0
727.0
1405.0
1670.0
731.0
953.0
1330.0
989.0
1640.0
1208.0
713.0
1575.0
1430.0
898.0
1603.0
1528.0
1179.0
1746.0
1166.0
792.0
1085.0
1432.0
1119.0
1398.0
