1133.0
1372.0
1225.0
997.0
1532.0
1123.0
1001.0
1009.0
1011.0
1250.0
1098.0
1421.0
1132.0
1488.0
1326.0
1081.0
1060.0
1275.0
1228.0
1340.0
1431.0
1439.0
1477.0
1478.0
1398.0
1595.0
1410.0
1546.0
1493.0
1519.0
1378.0
1239.0
1161.0
992.0
1532.0
1115.0
1086.0
1043.0
944.0
968.0
927.0
864.0
745.0
723.0
669.0
1159.0
858.0
889.0
959.0
913.0
814.0
780.0
953.0
1050.0
817.0
730.0
731.0
749.0
701.0
619.0
634.0
655.0
608.0
645.0
665.0
753.0
1094.0
1140.0
1189.0
1261.0
1309.0
1280.0
1377.0
1235.0
1057.0
981.0
869.0
857.0
846.0
831.0
806.0
891.0
1131.0
1027.0
1053.0
928.0
824.0
816.0
1183.0
919.0
1157.0
1038.0
1324.0
1188.0
902.0
1194.0
1303.0
1031.0
1491.0
1316.0
1122.0
1215.0
1045.0
934.0
963.0
818.0
1089.0
1076.0
1271.0
1349.0
1319.0
1266.0
1162.0
1290.0
1266.0
1204.0
1139.0
1145.0
1521.0
1441.0
1403.0
1485.0
1503.0
1536.0
1464.0
1524.0
1514.0
1646.0
1464.0
1346.0
1227.0
1278.0
1253.0
1217.0
1144.0
1044.0
1115.0
1001.0
866.0
1126.0
991.0
994.0
1206.0
1160.0
1112.0
935.0
916.0
992.0
1286.0
1301.0
1100.0
1331.0
1328.0
1325.0
1343.0
1231.0
1055.0
988.0
909.0
791.0
650.0
664.0
620.0
584.0
562.0
537.0
511.0
505.0
479.0
468.0
461.0
532.0
828.0
528.0
706.0
1151.0
837.0
702.0
1155.0
845.0
1087.0
823.0
728.0
746.0
717.0
666.0
760.0
695.0
592.0
574.0
650.0
617.0
661.0
630.0
575.0
608.0
665.0
552.0
709.0
588.0
641.0
681.0
759.0
717.0
619.0
610.0
663.0
639.0
550.0
553.0
627.0
527.0
576.0
502.0
545.0
596.0
575.0
659.0
635.0
629.0
585.0
662.0
607.0
584.0
677.0
562.0
620.0
575.0
560.0
538.0
462.0
540.0
477.0
551.0
643.0
548.0
701.0
721.0
546.0
647.0
710.0
584.0
658.0
718.0
613.0
730.0
625.0
589.0
620.0
692.0
607.0
602.0
692.0
595.0
633.0
654.0
704.0
713.0
599.0
652.0
666.0
591.0
665.0
630.0
584.0
680.0
712.0
586.0
597.0
710.0
574.0
741.0
616.0
612.0
612.0
567.0
834.0
609.0
637.0
690.0
792.0
661.0
705.0
647.0
675.0
662.0
636.0
646.0
642.0
626.0
581.0
754.0
630.0
682.0
672.0
748.0
670.0
640.0
671.0
644.0
609.0
621.0
637.0
593.0
884.0
771.0
784.0
1214.0
1016.0
905.0
878.0
676.0
694.0
843.0
729.0
1050.0
1220.0
1049.0
953.0
1206.0
1007.0
1350.0
1191.0
1066.0
1475.0
1209.0
1106.0
1361.0
1224.0
1268.0
1487.0
1337.0
1251.0
1192.0
1236.0
1287.0
1327.0
