953.0
1671.0
1132.0
829.0
1777.0
1213.0
877.0
698.0
927.0
1537.0
1189.0
1634.0
1172.0
1806.0
1320.0
902.0
697.0
1546.0
1427.0
1560.0
1513.0
1395.0
1674.0
1596.0
1248.0
1920.0
1422.0
1840.0
1600.0
1442.0
1109.0
853.0
664.0
554.0
1710.0
1217.0
961.0
670.0
677.0
666.0
776.0
901.0
666.0
656.0
575.0
1506.0
973.0
1091.0
1049.0
996.0
671.0
614.0
1119.0
1287.0
819.0
643.0
561.0
608.0
583.0
554.0
551.0
689.0
646.0
728.0
666.0
845.0
1356.0
1170.0
1349.0
1360.0
1406.0
1291.0
1607.0
1132.0
792.0
597.0
610.0
825.0
901.0
896.0
965.0
1074.0
1461.0
1088.0
1290.0
894.0
785.0
712.0
1502.0
1014.0
1497.0
1044.0
1607.0
1221.0
842.0
1420.0
1562.0
1000.0
1720.0
1410.0
1048.0
1296.0
871.0
754.0
872.0
690.0
1411.0
1267.0
1449.0
1454.0
1329.0
1237.0
971.0
1565.0
1371.0
1327.0
1034.0
1227.0
1599.0
1538.0
1354.0
1538.0
1448.0
1747.0
1523.0
1504.0
1613.0
1613.0
1122.0
897.0
774.0
1452.0
1326.0
1314.0
934.0
814.0
1168.0
812.0
677.0
1430.0
1024.0
1119.0
1517.0
1351.0
1114.0
817.0
812.0
1117.0
1518.0
1429.0
1054.0
1641.0
1505.0
1426.0
1426.0
1058.0
677.0
548.0
570.0
568.0
565.0
566.0
583.0
563.0
550.0
552.0
534.0
512.0
483.0
479.0
464.0
511.0
1028.0
568.0
960.0
1381.0
860.0
653.0
1473.0
921.0
1387.0
818.0
628.0
559.0
667.0
569.0
857.0
732.0
591.0
572.0
726.0
590.0
706.0
673.0
582.0
621.0
725.0
532.0
765.0
579.0
725.0
800.0
868.0
836.0
611.0
566.0
563.0
689.0
529.0
516.0
734.0
518.0
590.0
502.0
529.0
683.0
586.0
767.0
648.0
699.0
538.0
747.0
571.0
539.0
744.0
561.0
662.0
556.0
535.0
513.0
494.0
578.0
468.0
612.0
741.0
521.0
791.0
791.0
499.0
703.0
786.0
529.0
744.0
808.0
525.0
847.0
613.0
558.0
556.0
757.0
570.0
547.0
829.0
602.0
650.0
563.0
835.0
695.0
536.0
726.0
776.0
506.0
717.0
711.0
544.0
726.0
804.0
539.0
562.0
803.0
538.0
906.0
562.0
572.0
588.0
547.0
1057.0
639.0
602.0
585.0
1001.0
637.0
758.0
547.0
701.0
636.0
583.0
577.0
613.0
605.0
548.0
953.0
578.0
807.0
613.0
953.0
589.0
587.0
594.0
696.0
535.0
566.0
588.0
623.0
1078.0
731.0
962.0
1381.0
1006.0
823.0
746.0
654.0
654.0
1129.0
731.0
1304.0
1317.0
968.0
890.0
1419.0
1013.0
1530.0
1197.0
961.0
1599.0
1247.0
975.0
1630.0
1361.0
1202.0
1754.0
1399.0
1027.0
1164.0
1374.0
1256.0
1586.0
