1753.0
1499.0
1424.0
1395.0
1406.0
1213.0
1215.0
1198.0
1179.0
1272.0
1160.0
1085.0
1177.0
1218.0
1286.0
1387.0
1400.0
1357.0
1390.0
1470.0
1874.0
1653.0
1773.0
1724.0
1745.0
1504.0
1440.0
1405.0
1414.0
1220.0
1211.0
1205.0
1189.0
1277.0
1181.0
1101.0
1192.0
1232.0
1291.0
1398.0
1414.0
1379.0
1403.0
1483.0
1897.0
1662.0
1784.0
1740.0
1765.0
1511.0
1448.0
1421.0
1424.0
1230.0
1217.0
1217.0
1200.0
1284.0
1187.0
1108.0
1194.0
1239.0
1304.0
1411.0
1449.0
1395.0
1417.0
1494.0
1962.0
1688.0
1806.0
1757.0
1769.0
1522.0
1462.0
1431.0
1432.0
1233.0
1223.0
1222.0
1203.0
1285.0
1188.0
1115.0
1201.0
1245.0
1310.0
1420.0
1456.0
1402.0
1423.0
1500.0
1964.0
1694.0
1818.0
1765.0
1776.0
1530.0
1465.0
1433.0
1436.0
1242.0
1240.0
1226.0
1206.0
1287.0
1194.0
1147.0
1198.0
1251.0
1316.0
1424.0
1488.0
1402.0
1425.0
1504.0
1973.0
1700.0
1827.0
1774.0
1788.0
1547.0
1468.0
1438.0
1445.0
1269.0
1248.0
1229.0
1213.0
1291.0
1204.0
1177.0
1205.0
1265.0
1325.0
1440.0
1473.0
1418.0
1437.0
1570.0
1971.0
1717.0
1836.0
1788.0
1813.0
1554.0
1483.0
1451.0
1454.0
1259.0
1243.0
1247.0
1228.0
1304.0
1215.0
1175.0
1211.0
1268.0
1336.0
1453.0
1486.0
1436.0
1456.0
1532.0
1998.0
1732.0
1842.0
1799.0
1826.0
1567.0
1495.0
1486.0
1465.0
1267.0
1274.0
1249.0
1309.0
1341.0
1232.0
1102.0
1236.0
1272.0
1346.0
1468.0
1504.0
1451.0
1475.0
1548.0
2007.0
1827.0
1889.0
1822.0
1846.0
1507.0
1547.0
1440.0
1478.0
1278.0
1263.0
1269.0
1266.0
1350.0
1235.0
1078.0
1253.0
1284.0
1382.0
1490.0
1519.0
1471.0
1494.0
1564.0
2031.0
1848.0
1911.0
1837.0
1805.0
1602.0
1541.0
1557.0
1507.0
1295.0
1267.0
1255.0
1285.0
1397.0
1231.0
1166.0
1258.0
1294.0
1413.0
1501.0
1528.0
1482.0
1511.0
1578.0
2048.0
1852.0
1924.0
1845.0
1874.0
1600.0
1557.0
1567.0
1514.0
1305.0
1274.0
1294.0
1339.0
1365.0
1242.0
1177.0
1266.0
1300.0
1469.0
1517.0
1539.0
1487.0
1520.0
1588.0
2057.0
1853.0
1927.0
1851.0
1885.0
1603.0
1551.0
1574.0
1516.0
1306.0
1282.0
1287.0
1353.0
1361.0
1243.0
1182.0
1276.0
1302.0
1492.0
1520.0
1545.0
1493.0
1527.0
1595.0
2092.0
1877.0
1934.0
1856.0
1894.0
1610.0
1568.0
1577.0
1523.0
1323.0
1281.0
1452.0
1408.0
1385.0
1239.0
1169.0
1280.0
1335.0
1511.0
1526.0
1564.0
1489.0
1531.0
1614.0
2119.0
1884.0
1892.0
1836.0
1879.0
1710.0
1608.0
1627.0
1568.0
1321.0
1288.0
1483.0
1436.0
1385.0
1250.0
1177.0
1298.0
1313.0
1521.0
1547.0
1547.0
1502.0
1554.0
1627.0
2129.0
1976.0
1929.0
1853.0
1887.0
1723.0
1630.0
1640.0
1573.0
1377.0
