1825.0
1546.0
1455.0
1413.0
1430.0
1245.0
1221.0
1219.0
1203.0
1293.0
1173.0
1092.0
1186.0
1231.0
1300.0
1396.0
1407.0
1361.0
1390.0
1477.0
1966.0
1734.0
1861.0
1793.0
1817.0
1552.0
1476.0
1431.0
1439.0
1255.0
1239.0
1230.0
1215.0
1299.0
1196.0
1112.0
1204.0
1247.0
1305.0
1408.0
1424.0
1386.0
1409.0
1493.0
1994.0
1746.0
1873.0
1813.0
1841.0
1559.0
1485.0
1449.0
1453.0
1265.0
1247.0
1241.0
1227.0
1307.0
1203.0
1120.0
1212.0
1258.0
1320.0
1423.0
1460.0
1406.0
1423.0
1507.0
2084.0
1783.0
1904.0
1837.0
1849.0
1574.0
1499.0
1461.0
1463.0
1268.0
1254.0
1249.0
1230.0
1307.0
1207.0
1127.0
1216.0
1260.0
1323.0
1433.0
1469.0
1416.0
1431.0
1515.0
2086.0
1790.0
1919.0
1848.0
1858.0
1583.0
1505.0
1464.0
1468.0
1280.0
1274.0
1253.0
1235.0
1310.0
1212.0
1165.0
1211.0
1270.0
1333.0
1437.0
1516.0
1419.0
1438.0
1520.0
2097.0
1798.0
1929.0
1860.0
1875.0
1607.0
1509.0
1470.0
1477.0
1318.0
1284.0
1256.0
1240.0
1317.0
1226.0
1205.0
1216.0
1285.0
1342.0
1456.0
1491.0
1436.0
1453.0
1611.0
2104.0
1824.0
1941.0
1879.0
1903.0
1614.0
1527.0
1485.0
1488.0
1295.0
1279.0
1279.0
1259.0
1330.0
1239.0
1201.0
1229.0
1287.0
1353.0
1469.0
1506.0
1455.0
1473.0
1555.0
2133.0
1842.0
1951.0
1894.0
1923.0
1630.0
1542.0
1526.0
1500.0
1305.0
1316.0
1280.0
1339.0
1366.0
1254.0
1122.0
1266.0
1299.0
1364.0
1486.0
1526.0
1475.0
1496.0
1573.0
2143.0
1938.0
2010.0
1928.0
1951.0
1556.0
1600.0
1474.0
1519.0
1317.0
1299.0
1305.0
1299.0
1385.0
1260.0
1099.0
1286.0
1309.0
1404.0
1511.0
1545.0
1498.0
1519.0
1591.0
2175.0
1966.0
2036.0
1949.0
1905.0
1673.0
1594.0
1602.0
1546.0
1332.0
1304.0
1289.0
1323.0
1450.0
1252.0
1191.0
1284.0
1319.0
1434.0
1524.0
1556.0
1512.0
1542.0
1610.0
2198.0
1967.0
2053.0
1961.0
1989.0
1670.0
1612.0
1612.0
1553.0
1340.0
1311.0
1332.0
1372.0
1397.0
1267.0
1201.0
1290.0
1323.0
1494.0
1542.0
1572.0
1520.0
1555.0
1623.0
2210.0
1966.0
2059.0
1972.0
2005.0
1679.0
1608.0
1621.0
1555.0
1339.0
1319.0
1323.0
1385.0
1388.0
1271.0
1210.0
1304.0
1328.0
1522.0
1545.0
1578.0
1529.0
1565.0
1633.0
2245.0
2007.0
2068.0
1981.0
2017.0
1691.0
1627.0
1623.0
1560.0
1364.0
1316.0
1487.0
1435.0
1413.0
1266.0
1193.0
1300.0
1362.0
1538.0
1556.0
1606.0
1522.0
1561.0
1653.0
2283.0
2036.0
2011.0
1944.0
1991.0
1801.0
1671.0
1679.0
1614.0
1362.0
1322.0
1504.0
1465.0
1408.0
1277.0
1203.0
1325.0
1337.0
1544.0
1581.0
1584.0
1537.0
1588.0
1671.0
2296.0
2142.0
2063.0
1970.0
2001.0
1817.0
1697.0
1695.0
1622.0
1414.0
