670.0
614.0
605.0
570.0
556.0
548.0
533.0
551.0
549.0
599.0
619.0
595.0
586.0
635.0
653.0
605.0
556.0
541.0
663.0
545.0
545.0
613.0
586.0
580.0
584.0
595.0
557.0
547.0
517.0
541.0
540.0
573.0
576.0
611.0
568.0
534.0
582.0
656.0
652.0
641.0
580.0
623.0
660.0
671.0
688.0
751.0
919.0
1049.0
1022.0
1046.0
1124.0
1148.0
1319.0
1120.0
1178.0
1043.0
1090.0
1150.0
846.0
620.0
555.0
589.0
572.0
621.0
601.0
552.0
659.0
586.0
1035.0
859.0
1030.0
1010.0
899.0
746.0
751.0
967.0
1054.0
1059.0
1007.0
931.0
1080.0
1014.0
805.0
741.0
688.0
814.0
771.0
665.0
606.0
616.0
814.0
713.0
665.0
671.0
859.0
940.0
938.0
857.0
992.0
982.0
1031.0
1015.0
915.0
866.0
758.0
755.0
636.0
584.0
582.0
547.0
567.0
582.0
613.0
638.0
663.0
792.0
771.0
863.0
733.0
911.0
901.0
928.0
941.0
978.0
1142.0
1191.0
1138.0
978.0
1019.0
780.0
645.0
567.0
560.0
622.0
579.0
514.0
1082.0
867.0
751.0
801.0
721.0
1034.0
1023.0
981.0
1071.0
977.0
1058.0
1058.0
981.0
1109.0
990.0
750.0
820.0
885.0
823.0
588.0
756.0
741.0
735.0
827.0
778.0
780.0
771.0
707.0
752.0
775.0
687.0
586.0
715.0
657.0
683.0
692.0
576.0
601.0
582.0
694.0
608.0
611.0
550.0
518.0
555.0
600.0
601.0
622.0
559.0
500.0
617.0
631.0
532.0
560.0
549.0
516.0
575.0
584.0
564.0
487.0
533.0
586.0
495.0
667.0
519.0
672.0
560.0
533.0
582.0
815.0
591.0
653.0
847.0
710.0
613.0
663.0
688.0
668.0
516.0
465.0
556.0
770.0
607.0
510.0
471.0
503.0
548.0
580.0
573.0
577.0
502.0
534.0
705.0
560.0
691.0
681.0
891.0
604.0
646.0
824.0
898.0
877.0
890.0
967.0
890.0
947.0
882.0
1007.0
1054.0
1056.0
934.0
951.0
990.0
923.0
724.0
584.0
855.0
826.0
628.0
577.0
514.0
489.0
552.0
676.0
639.0
663.0
635.0
769.0
766.0
796.0
822.0
812.0
846.0
806.0
828.0
748.0
749.0
876.0
871.0
601.0
608.0
696.0
656.0
631.0
525.0
748.0
594.0
551.0
574.0
740.0
694.0
668.0
712.0
827.0
835.0
875.0
914.0
933.0
923.0
920.0
770.0
733.0
737.0
556.0
568.0
634.0
579.0
627.0
623.0
712.0
740.0
807.0
844.0
834.0
835.0
694.0
784.0
813.0
847.0
942.0
1021.0
1031.0
926.0
884.0
712.0
749.0
607.0
622.0
686.0
607.0
662.0
635.0
706.0
659.0
736.0
623.0
527.0
588.0
695.0
625.0
710.0
567.0
606.0
506.0
569.0
578.0
