577.0
576.0
615.0
533.0
521.0
524.0
506.0
525.0
522.0
595.0
609.0
568.0
563.0
644.0
660.0
579.0
511.0
509.0
688.0
523.0
492.0
611.0
569.0
554.0
560.0
574.0
528.0
515.0
490.0
517.0
509.0
560.0
565.0
592.0
544.0
493.0
578.0
675.0
657.0
625.0
533.0
623.0
684.0
650.0
695.0
768.0
921.0
1040.0
981.0
1008.0
1121.0
1136.0
1341.0
1084.0
1171.0
997.0
1073.0
1138.0
775.0
483.0
497.0
596.0
560.0
628.0
583.0
497.0
682.0
574.0
1075.0
788.0
1013.0
973.0
856.0
690.0
737.0
964.0
1043.0
1028.0
973.0
895.0
1071.0
977.0
746.0
705.0
659.0
826.0
751.0
612.0
542.0
614.0
847.0
691.0
601.0
680.0
880.0
930.0
903.0
823.0
982.0
951.0
1006.0
983.0
885.0
842.0
734.0
734.0
595.0
526.0
567.0
536.0
541.0
577.0
615.0
629.0
672.0
814.0
757.0
853.0
708.0
917.0
867.0
908.0
916.0
962.0
1145.0
1194.0
1120.0
935.0
993.0
753.0
561.0
505.0
545.0
636.0
566.0
479.0
1146.0
776.0
654.0
813.0
705.0
1044.0
992.0
953.0
1057.0
945.0
1039.0
1033.0
952.0
1098.0
952.0
692.0
811.0
869.0
801.0
518.0
785.0
752.0
698.0
833.0
757.0
745.0
761.0
689.0
731.0
774.0
668.0
511.0
738.0
663.0
644.0
692.0
558.0
569.0
571.0
713.0
606.0
565.0
529.0
493.0
539.0
594.0
594.0
607.0
538.0
470.0
618.0
641.0
495.0
540.0
539.0
492.0
573.0
589.0
541.0
459.0
518.0
586.0
478.0
696.0
507.0
677.0
556.0
496.0
564.0
846.0
569.0
621.0
877.0
681.0
533.0
675.0
711.0
652.0
463.0
442.0
557.0
819.0
594.0
461.0
439.0
496.0
529.0
579.0
557.0
558.0
476.0
521.0
709.0
534.0
701.0
684.0
864.0
561.0
629.0
820.0
903.0
857.0
853.0
954.0
877.0
924.0
868.0
994.0
1042.0
1041.0
931.0
927.0
967.0
915.0
702.0
555.0
878.0
841.0
582.0
541.0
501.0
484.0
558.0
695.0
636.0
638.0
635.0
799.0
788.0
795.0
819.0
803.0
833.0
792.0
815.0
742.0
733.0
878.0
876.0
538.0
594.0
736.0
644.0
598.0
502.0
776.0
594.0
525.0
569.0
775.0
684.0
637.0
717.0
849.0
836.0
863.0
910.0
926.0
916.0
916.0
756.0
702.0
729.0
533.0
541.0
652.0
576.0
623.0
627.0
721.0
752.0
815.0
843.0
815.0
822.0
661.0
772.0
830.0
848.0
939.0
1017.0
1028.0
915.0
880.0
691.0
737.0
591.0
620.0
715.0
607.0
661.0
642.0
715.0
655.0
740.0
612.0
496.0
596.0
723.0
607.0
704.0
554.0
594.0
494.0
568.0
574.0
