667.0
652.0
661.0
567.0
569.0
563.0
545.0
567.0
564.0
622.0
638.0
605.0
605.0
678.0
690.0
629.0
577.0
562.0
703.0
566.0
555.0
643.0
597.0
595.0
604.0
608.0
567.0
560.0
536.0
555.0
552.0
589.0
590.0
627.0
580.0
543.0
615.0
690.0
682.0
672.0
605.0
677.0
704.0
697.0
741.0
814.0
957.0
1077.0
1019.0
1042.0
1140.0
1159.0
1318.0
1132.0
1184.0
1031.0
1093.0
1155.0
806.0
594.0
576.0
613.0
569.0
641.0
618.0
559.0
705.0
616.0
1030.0
823.0
1001.0
1021.0
891.0
760.0
785.0
987.0
1069.0
1062.0
1000.0
921.0
1080.0
1005.0
792.0
764.0
718.0
834.0
794.0
674.0
617.0
656.0
841.0
723.0
671.0
727.0
899.0
972.0
943.0
877.0
1003.0
983.0
1035.0
1010.0
911.0
875.0
785.0
774.0
646.0
571.0
590.0
552.0
565.0
602.0
637.0
651.0
702.0
840.0
805.0
893.0
771.0
927.0
916.0
937.0
952.0
989.0
1157.0
1206.0
1156.0
957.0
1001.0
784.0
633.0
570.0
577.0
623.0
571.0
521.0
1092.0
782.0
729.0
849.0
733.0
1040.0
1030.0
971.0
1084.0
961.0
1059.0
1059.0
972.0
1103.0
961.0
740.0
825.0
908.0
814.0
584.0
780.0
749.0
722.0
858.0
792.0
771.0
813.0
732.0
742.0
807.0
683.0
560.0
743.0
681.0
655.0
719.0
606.0
603.0
597.0
723.0
621.0
604.0
574.0
517.0
560.0
612.0
606.0
621.0
576.0
507.0
639.0
644.0
522.0
584.0
561.0
518.0
595.0
599.0
559.0
489.0
559.0
596.0
497.0
703.0
555.0
689.0
596.0
525.0
594.0
828.0
606.0
669.0
881.0
714.0
597.0
708.0
736.0
660.0
513.0
482.0
583.0
789.0
617.0
504.0
491.0
508.0
537.0
586.0
572.0
576.0
512.0
538.0
692.0
584.0
682.0
724.0
881.0
628.0
642.0
838.0
941.0
852.0
895.0
997.0
869.0
958.0
893.0
1025.0
1065.0
1058.0
910.0
957.0
995.0
916.0
730.0
589.0
880.0
818.0
604.0
591.0
513.0
474.0
552.0
695.0
623.0
669.0
690.0
796.0
810.0
830.0
875.0
827.0
879.0
819.0
841.0
760.0
754.0
906.0
857.0
562.0
636.0
746.0
599.0
610.0
536.0
756.0
615.0
526.0
597.0
735.0
690.0
640.0
725.0
844.0
839.0
877.0
933.0
940.0
928.0
920.0
777.0
729.0
753.0
563.0
532.0
635.0
574.0
600.0
622.0
698.0
750.0
816.0
863.0
849.0
855.0
706.0
766.0
835.0
842.0
942.0
1027.0
1036.0
923.0
888.0
737.0
753.0
630.0
617.0
695.0
612.0
647.0
638.0
697.0
664.0
736.0
645.0
516.0
589.0
695.0
613.0
682.0
595.0
586.0
512.0
555.0
574.0
