610.0
615.0
597.0
576.0
533.0
540.0
513.0
536.0
537.0
569.0
591.0
568.0
561.0
619.0
647.0
604.0
546.0
526.0
651.0
558.0
516.0
596.0
569.0
563.0
572.0
561.0
543.0
527.0
511.0
518.0
525.0
551.0
567.0
582.0
556.0
520.0
566.0
634.0
640.0
627.0
571.0
612.0
653.0
628.0
674.0
745.0
941.0
1079.0
1026.0
1052.0
1155.0
1168.0
1362.0
1130.0
1199.0
1041.0
1102.0
1170.0
778.0
563.0
537.0
551.0
554.0
605.0
594.0
538.0
657.0
589.0
1087.0
839.0
1037.0
1043.0
868.0
705.0
740.0
991.0
1080.0
1069.0
1010.0
919.0
1099.0
1031.0
743.0
709.0
676.0
807.0
769.0
634.0
590.0
604.0
819.0
707.0
626.0
674.0
874.0
966.0
938.0
837.0
1014.0
998.0
1042.0
1027.0
909.0
848.0
744.0
731.0
629.0
558.0
566.0
534.0
545.0
572.0
599.0
616.0
645.0
796.0
759.0
869.0
738.0
923.0
901.0
932.0
954.0
995.0
1166.0
1208.0
1145.0
960.0
1022.0
746.0
619.0
560.0
545.0
598.0
569.0
514.0
1166.0
859.0
688.0
827.0
724.0
1059.0
1047.0
983.0
1086.0
974.0
1065.0
1071.0
978.0
1123.0
985.0
699.0
815.0
901.0
819.0
569.0
760.0
769.0
702.0
835.0
782.0
766.0
771.0
702.0
746.0
784.0
682.0
570.0
729.0
651.0
651.0
689.0
567.0
597.0
574.0
673.0
618.0
580.0
542.0
514.0
548.0
573.0
577.0
600.0
545.0
504.0
610.0
612.0
514.0
557.0
553.0
507.0
575.0
577.0
547.0
478.0
534.0
577.0
490.0
674.0
534.0
660.0
564.0
530.0
574.0
810.0
595.0
618.0
854.0
707.0
601.0
674.0
673.0
666.0
522.0
475.0
553.0
765.0
626.0
512.0
471.0
517.0
526.0
577.0
561.0
573.0
488.0
539.0
654.0
517.0
700.0
668.0
862.0
590.0
676.0
786.0
903.0
894.0
885.0
983.0
887.0
955.0
880.0
1017.0
1076.0
1068.0
924.0
958.0
993.0
920.0
761.0
618.0
867.0
810.0
646.0
585.0
501.0
491.0
548.0
654.0
625.0
643.0
629.0
776.0
775.0
798.0
828.0
837.0
862.0
819.0
841.0
760.0
759.0
879.0
890.0
609.0
601.0
663.0
680.0
629.0
516.0
758.0
606.0
559.0
571.0
724.0
686.0
659.0
701.0
823.0
832.0
879.0
920.0
944.0
924.0
922.0
785.0
733.0
735.0
568.0
560.0
635.0
557.0
621.0
615.0
693.0
737.0
811.0
842.0
827.0
840.0
696.0
784.0
821.0
851.0
956.0
1035.0
1032.0
920.0
893.0
723.0
749.0
623.0
616.0
693.0
606.0
659.0
640.0
684.0
657.0
730.0
628.0
518.0
590.0
685.0
595.0
694.0
551.0
595.0
502.0
555.0
564.0
