680.0
624.0
610.0
569.0
557.0
538.0
526.0
542.0
542.0
595.0
612.0
601.0
587.0
639.0
656.0
626.0
561.0
537.0
649.0
551.0
548.0
600.0
575.0
583.0
579.0
584.0
557.0
541.0
520.0
532.0
533.0
568.0
566.0
606.0
562.0
537.0
586.0
646.0
668.0
663.0
583.0
628.0
670.0
686.0
714.0
780.0
958.0
1086.0
1038.0
1068.0
1157.0
1172.0
1357.0
1133.0
1205.0
1042.0
1117.0
1168.0
793.0
580.0
528.0
562.0
560.0
624.0
599.0
553.0
669.0
585.0
1067.0
851.0
1060.0
1039.0
896.0
759.0
788.0
1000.0
1080.0
1080.0
1018.0
933.0
1108.0
1026.0
786.0
759.0
711.0
849.0
794.0
693.0
616.0
614.0
824.0
739.0
694.0
686.0
883.0
969.0
953.0
870.0
1030.0
1003.0
1055.0
1030.0
918.0
886.0
797.0
789.0
659.0
579.0
569.0
536.0
552.0
568.0
604.0
638.0
669.0
797.0
794.0
900.0
768.0
951.0
913.0
958.0
967.0
1005.0
1168.0
1203.0
1147.0
955.0
1033.0
768.0
655.0
554.0
529.0
609.0
583.0
518.0
1118.0
838.0
737.0
810.0
750.0
1061.0
1037.0
983.0
1093.0
979.0
1077.0
1071.0
982.0
1129.0
982.0
747.0
841.0
905.0
859.0
599.0
776.0
759.0
766.0
834.0
808.0
810.0
785.0
740.0
796.0
782.0
711.0
588.0
701.0
645.0
713.0
695.0
578.0
610.0
578.0
667.0
616.0
624.0
540.0
508.0
556.0
577.0
585.0
625.0
559.0
500.0
613.0
626.0
525.0
565.0
548.0
515.0
575.0
578.0
561.0
485.0
539.0
578.0
495.0
669.0
523.0
700.0
558.0
540.0
577.0
804.0
598.0
659.0
857.0
739.0
627.0
646.0
686.0
719.0
515.0
476.0
540.0
771.0
635.0
511.0
473.0
499.0
539.0
566.0
562.0
573.0
488.0
537.0
670.0
540.0
718.0
677.0
893.0
618.0
689.0
790.0
892.0
889.0
917.0
996.0
886.0
976.0
898.0
1033.0
1066.0
1057.0
932.0
986.0
1010.0
926.0
794.0
666.0
889.0
787.0
678.0
622.0
508.0
489.0
549.0
632.0
607.0
671.0
613.0
777.0
797.0
820.0
852.0
852.0
893.0
828.0
866.0
789.0
792.0
890.0
867.0
665.0
653.0
611.0
652.0
698.0
521.0
743.0
609.0
561.0
562.0
721.0
715.0
675.0
717.0
824.0
865.0
899.0
938.0
951.0
946.0
940.0
808.0
760.0
741.0
583.0
570.0
605.0
570.0
637.0
615.0
705.0
751.0
825.0
865.0
860.0
860.0
732.0
793.0
817.0
872.0
966.0
1037.0
1038.0
931.0
900.0
743.0
770.0
619.0
630.0
681.0
638.0
680.0
634.0
705.0
671.0
754.0
644.0
529.0
575.0
676.0
632.0
720.0
563.0
605.0
503.0
560.0
567.0
