639.0
611.0
604.0
533.0
536.0
528.0
519.0
533.0
535.0
587.0
605.0
578.0
572.0
635.0
650.0
598.0
547.0
529.0
654.0
536.0
525.0
605.0
567.0
560.0
570.0
573.0
538.0
530.0
509.0
527.0
526.0
558.0
558.0
593.0
551.0
521.0
578.0
652.0
648.0
637.0
574.0
621.0
657.0
653.0
689.0
765.0
927.0
1066.0
1010.0
1033.0
1135.0
1159.0
1319.0
1132.0
1177.0
1023.0
1083.0
1151.0
783.0
573.0
529.0
569.0
534.0
599.0
587.0
537.0
657.0
585.0
1025.0
835.0
1030.0
1009.0
853.0
706.0
743.0
955.0
1064.0
1059.0
990.0
897.0
1076.0
999.0
747.0
724.0
669.0
798.0
751.0
637.0
577.0
602.0
794.0
697.0
641.0
680.0
855.0
945.0
918.0
834.0
991.0
966.0
1025.0
1002.0
883.0
844.0
739.0
733.0
606.0
545.0
551.0
523.0
534.0
570.0
605.0
619.0
663.0
803.0
775.0
873.0
731.0
915.0
880.0
919.0
926.0
975.0
1154.0
1210.0
1153.0
942.0
997.0
735.0
609.0
533.0
539.0
589.0
552.0
503.0
1083.0
829.0
706.0
810.0
707.0
1033.0
1030.0
958.0
1075.0
951.0
1053.0
1055.0
959.0
1103.0
961.0
706.0
810.0
878.0
795.0
559.0
753.0
737.0
698.0
828.0
771.0
744.0
773.0
686.0
714.0
767.0
654.0
547.0
704.0
647.0
640.0
694.0
580.0
572.0
572.0
687.0
597.0
591.0
547.0
508.0
537.0
590.0
588.0
605.0
554.0
496.0
612.0
623.0
518.0
554.0
544.0
506.0
576.0
580.0
544.0
476.0
537.0
577.0
486.0
671.0
526.0
658.0
572.0
527.0
568.0
815.0
588.0
628.0
856.0
700.0
581.0
669.0
691.0
638.0
513.0
471.0
558.0
772.0
610.0
507.0
475.0
504.0
525.0
575.0
559.0
565.0
493.0
532.0
678.0
558.0
669.0
702.0
877.0
609.0
628.0
818.0
899.0
837.0
894.0
974.0
848.0
946.0
859.0
1014.0
1059.0
1055.0
905.0
954.0
981.0
898.0
719.0
581.0
849.0
811.0
602.0
576.0
512.0
474.0
544.0
678.0
624.0
664.0
652.0
788.0
790.0
818.0
837.0
807.0
851.0
788.0
823.0
732.0
732.0
867.0
852.0
583.0
608.0
693.0
607.0
612.0
525.0
742.0
597.0
544.0
580.0
740.0
687.0
657.0
726.0
835.0
838.0
873.0
922.0
929.0
916.0
913.0
760.0
707.0
726.0
538.0
526.0
626.0
560.0
607.0
625.0
708.0
750.0
821.0
857.0
839.0
835.0
682.0
750.0
810.0
835.0
939.0
1029.0
1031.0
914.0
881.0
712.0
730.0
601.0
588.0
673.0
603.0
639.0
642.0
692.0
661.0
733.0
634.0
523.0
581.0
696.0
602.0
690.0
583.0
586.0
498.0
559.0
567.0
