673.0
623.0
653.0
539.0
552.0
537.0
529.0
549.0
544.0
609.0
608.0
578.0
585.0
657.0
650.0
591.0
542.0
539.0
689.0
515.0
553.0
622.0
565.0
583.0
575.0
586.0
542.0
543.0
516.0
545.0
535.0
581.0
565.0
613.0
546.0
527.0
604.0
663.0
644.0
641.0
561.0
664.0
648.0
671.0
694.0
770.0
941.0
1062.0
1012.0
1046.0
1143.0
1160.0
1321.0
1121.0
1188.0
1034.0
1108.0
1162.0
782.0
603.0
589.0
601.0
564.0
635.0
569.0
543.0
690.0
558.0
1028.0
740.0
1036.0
1009.0
892.0
752.0
796.0
993.0
1071.0
1060.0
1005.0
929.0
1099.0
1006.0
777.0
799.0
698.0
857.0
758.0
663.0
600.0
637.0
826.0
663.0
653.0
683.0
887.0
954.0
931.0
867.0
1016.0
982.0
1040.0
1013.0
913.0
892.0
781.0
787.0
624.0
580.0
576.0
542.0
554.0
584.0
620.0
618.0
674.0
818.0
756.0
886.0
712.0
948.0
894.0
948.0
945.0
996.0
1163.0
1203.0
1150.0
959.0
1032.0
783.0
639.0
566.0
575.0
618.0
539.0
507.0
1085.0
704.0
781.0
837.0
729.0
1040.0
1020.0
976.0
1087.0
966.0
1072.0
1063.0
976.0
1118.0
958.0
719.0
880.0
905.0
806.0
573.0
818.0
682.0
746.0
853.0
768.0
769.0
791.0
716.0
732.0
782.0
660.0
542.0
741.0
630.0
670.0
671.0
584.0
590.0
558.0
734.0
567.0
601.0
544.0
511.0
542.0
609.0
593.0
599.0
543.0
497.0
636.0
605.0
508.0
575.0
534.0
506.0
587.0
578.0
543.0
471.0
558.0
571.0
477.0
714.0
494.0
715.0
539.0
537.0
575.0
832.0
543.0
703.0
854.0
685.0
580.0
685.0
709.0
643.0
473.0
480.0
590.0
792.0
557.0
493.0
487.0
508.0
527.0
582.0
555.0
561.0
492.0
530.0
665.0
564.0
701.0
674.0
861.0
588.0
657.0
771.0
952.0
833.0
895.0
997.0
862.0
965.0
892.0
1036.0
1064.0
1062.0
917.0
970.0
1000.0
935.0
732.0
596.0
890.0
802.0
625.0
577.0
509.0
484.0
535.0
700.0
595.0
689.0
653.0
808.0
775.0
828.0
860.0
813.0
863.0
800.0
849.0
733.0
766.0
905.0
868.0
556.0
629.0
737.0
621.0
595.0
505.0
783.0
556.0
541.0
595.0
738.0
668.0
626.0
700.0
846.0
833.0
880.0
932.0
942.0
931.0
929.0
770.0
750.0
760.0
567.0
548.0
631.0
573.0
611.0
600.0
715.0
731.0
809.0
847.0
839.0
855.0
689.0
803.0
823.0
861.0
954.0
1029.0
1028.0
915.0
904.0
731.0
786.0
619.0
662.0
689.0
607.0
654.0
607.0
715.0
624.0
751.0
604.0
515.0
592.0
693.0
598.0
680.0
556.0
596.0
495.0
569.0
563.0
