Observation,Prediction
271.0,336.0
269.0,336.0
254.0,336.0
269.0,336.0
267.0,336.0
260.0,336.0
889.0,334.0
267.0,336.0
260.0,336.0
267.0,336.0
262.0,336.0
284.0,335.0
297.0,332.0
275.0,332.0
267.0,332.0
270.0,332.0
267.0,332.0
1255.0,332.0
272.0,334.0
256.0,334.0
268.0,334.0
261.0,334.0
268.0,334.0
265.0,334.0
215.0,334.0
276.0,334.0
267.0,334.0
269.0,332.0
267.0,332.0
270.0,332.0
272.0,332.0
258.0,332.0
271.0,332.0
1294.0,332.0
269.0,334.0
266.0,334.0
288.0,334.0
124.0,334.0
168.0,334.0
267.0,334.0
178.0,334.0
270.0,334.0
277.0,334.0
272.0,334.0
277.0,334.0
259.0,334.0
232.0,334.0
193.0,334.0
267.0,333.0
270.0,333.0
1238.0,333.0
269.0,335.0
267.0,335.0
195.0,335.0
259.0,335.0
273.0,335.0
205.0,335.0
270.0,335.0
270.0,335.0
277.0,335.0
268.0,335.0
271.0,335.0
253.0,335.0
267.0,334.0
268.0,334.0
270.0,334.0
269.0,334.0
112.0,334.0
267.0,334.0
259.0,334.0
117.0,334.0
1011.0,334.0
270.0,335.0
270.0,335.0
268.0,335.0
269.0,335.0
267.0,335.0
175.0,335.0
269.0,335.0
268.0,335.0
179.0,335.0
268.0,335.0
272.0,334.0
269.0,334.0
268.0,334.0
262.0,334.0
268.0,334.0
270.0,334.0
1223.0,334.0
268.0,336.0
272.0,336.0
271.0,336.0
274.0,336.0
269.0,336.0
268.0,336.0
270.0,336.0
270.0,336.0
269.0,336.0
267.0,336.0
264.0,336.0
271.0,336.0
271.0,336.0
265.0,336.0
271.0,336.0
276.0,336.0
1202.0,336.0
157.0,338.0
111.0,338.0
267.0,337.0
272.0,337.0
272.0,337.0
470.0,337.0
268.0,338.0
257.0,337.0
268.0,337.0
271.0,337.0
278.0,337.0
271.0,337.0
273.0,337.0
271.0,337.0
347.0,337.0
1253.0,337.0
276.0,339.0
273.0,339.0
270.0,339.0
273.0,339.0
261.0,339.0
270.0,339.0
203.0,339.0
272.0,338.0
267.0,338.0
270.0,338.0
268.0,338.0
247.0,338.0
270.0,338.0
286.0,338.0
271.0,338.0
1229.0,338.0
209.0,340.0
271.0,340.0
277.0,340.0
272.0,340.0
272.0,340.0
273.0,339.0
273.0,339.0
270.0,339.0
266.0,339.0
273.0,339.0
271.0,339.0
272.0,339.0
366.0,339.0
189.0,339.0
340.0,339.0
253.0,339.0
1242.0,339.0
270.0,341.0
187.0,341.0
272.0,340.0
322.0,340.0
271.0,340.0
272.0,340.0
269.0,340.0
280.0,340.0
278.0,340.0
270.0,340.0
271.0,340.0
272.0,340.0
273.0,340.0
270.0,340.0
274.0,340.0
270.0,340.0
1229.0,340.0
212.0,342.0
266.0,342.0
254.0,342.0
271.0,342.0
274.0,342.0
222.0,342.0
258.0,342.0
271.0,342.0
269.0,342.0
270.0,342.0
272.0,342.0
270.0,342.0
100.0,342.0
269.0,341.0
78.0,341.0
518.0,341.0
1207.0,341.0
385.0,343.0
272.0,343.0
246.0,343.0
268.0,343.0
269.0,343.0
245.0,343.0
268.0,343.0
270.0,343.0
269.0,343.0
269.0,343.0
277.0,343.0
113.0,343.0
178.0,343.0
258.0,343.0
269.0,343.0
1247.0,342.0
274.0,344.0
270.0,344.0
415.0,344.0
271.0,345.0
208.0,345.0
267.0,344.0
173.0,344.0
271.0,344.0
273.0,344.0
269.0,344.0
270.0,344.0
271.0,344.0
271.0,344.0
271.0,344.0
259.0,344.0
1115.0,344.0
284.0,346.0
257.0,343.0
272.0,345.0
266.0,346.0
318.0,346.0
255.0,346.0
297.0,346.0
270.0,346.0
261.0,346.0
191.0,346.0
267.0,346.0
267.0,346.0
352.0,345.0
144.0,346.0
271.0,346.0
269.0,345.0
1203.0,344.0
409.0,338.0
270.0,336.0
