Observation,Prediction
271.0,292.0
269.0,292.0
254.0,292.0
269.0,292.0
267.0,292.0
260.0,292.0
889.0,292.0
267.0,292.0
260.0,292.0
267.0,292.0
262.0,292.0
284.0,292.0
297.0,292.0
275.0,292.0
267.0,292.0
270.0,292.0
267.0,292.0
1255.0,292.0
272.0,292.0
256.0,292.0
268.0,292.0
261.0,292.0
268.0,292.0
265.0,292.0
215.0,292.0
276.0,292.0
267.0,292.0
269.0,292.0
267.0,292.0
270.0,292.0
272.0,292.0
258.0,292.0
271.0,292.0
1294.0,292.0
269.0,292.0
266.0,292.0
288.0,292.0
124.0,292.0
168.0,292.0
267.0,292.0
178.0,292.0
270.0,292.0
277.0,292.0
272.0,292.0
277.0,292.0
259.0,292.0
232.0,292.0
193.0,292.0
267.0,292.0
270.0,292.0
1238.0,292.0
269.0,292.0
267.0,292.0
195.0,292.0
259.0,292.0
273.0,292.0
205.0,292.0
270.0,292.0
270.0,292.0
277.0,292.0
268.0,292.0
271.0,292.0
253.0,292.0
267.0,292.0
268.0,292.0
270.0,292.0
269.0,292.0
112.0,292.0
267.0,292.0
259.0,292.0
117.0,292.0
1011.0,292.0
270.0,292.0
270.0,292.0
268.0,292.0
269.0,292.0
267.0,292.0
175.0,292.0
269.0,292.0
268.0,292.0
179.0,292.0
268.0,292.0
272.0,292.0
269.0,292.0
268.0,292.0
262.0,292.0
268.0,292.0
270.0,292.0
1223.0,292.0
268.0,292.0
272.0,292.0
271.0,292.0
274.0,292.0
269.0,292.0
268.0,292.0
270.0,292.0
270.0,292.0
269.0,292.0
267.0,292.0
264.0,292.0
271.0,292.0
271.0,292.0
265.0,292.0
271.0,292.0
276.0,292.0
1202.0,292.0
157.0,292.0
111.0,292.0
267.0,292.0
272.0,292.0
272.0,292.0
470.0,292.0
268.0,292.0
257.0,292.0
268.0,292.0
271.0,292.0
278.0,292.0
271.0,292.0
273.0,292.0
271.0,292.0
347.0,292.0
1253.0,292.0
276.0,292.0
273.0,292.0
270.0,292.0
273.0,292.0
261.0,292.0
270.0,292.0
203.0,292.0
272.0,292.0
267.0,292.0
270.0,292.0
268.0,292.0
247.0,292.0
270.0,292.0
286.0,292.0
271.0,292.0
1229.0,292.0
209.0,292.0
271.0,292.0
277.0,292.0
272.0,292.0
272.0,292.0
273.0,292.0
273.0,292.0
270.0,292.0
266.0,292.0
273.0,292.0
271.0,292.0
272.0,292.0
366.0,292.0
189.0,292.0
340.0,292.0
253.0,292.0
1242.0,292.0
270.0,292.0
187.0,292.0
272.0,292.0
322.0,292.0
271.0,292.0
272.0,292.0
269.0,292.0
280.0,292.0
278.0,292.0
270.0,292.0
271.0,292.0
272.0,292.0
273.0,292.0
270.0,292.0
274.0,292.0
270.0,292.0
1229.0,292.0
212.0,292.0
266.0,292.0
254.0,292.0
271.0,292.0
274.0,292.0
222.0,292.0
258.0,292.0
271.0,292.0
269.0,292.0
270.0,292.0
272.0,292.0
270.0,292.0
100.0,292.0
269.0,292.0
78.0,292.0
518.0,292.0
1207.0,292.0
385.0,292.0
272.0,292.0
246.0,292.0
268.0,292.0
269.0,292.0
245.0,292.0
268.0,292.0
270.0,292.0
269.0,292.0
269.0,292.0
277.0,292.0
113.0,292.0
178.0,292.0
258.0,292.0
269.0,292.0
1247.0,292.0
274.0,292.0
270.0,292.0
415.0,292.0
271.0,292.0
208.0,292.0
267.0,292.0
173.0,292.0
271.0,292.0
273.0,292.0
269.0,292.0
270.0,292.0
271.0,292.0
271.0,292.0
271.0,292.0
259.0,292.0
1115.0,292.0
284.0,292.0
257.0,292.0
272.0,292.0
266.0,292.0
318.0,292.0
255.0,292.0
297.0,292.0
270.0,292.0
261.0,292.0
191.0,292.0
267.0,292.0
267.0,292.0
352.0,292.0
144.0,292.0
271.0,292.0
269.0,292.0
1203.0,292.0
409.0,298.0
270.0,408.0
