Observation,Prediction
271.0,340.0
269.0,340.0
254.0,340.0
269.0,341.0
267.0,339.0
260.0,339.0
889.0,339.0
267.0,330.0
260.0,338.0
267.0,338.0
262.0,338.0
284.0,338.0
297.0,337.0
275.0,336.0
267.0,336.0
270.0,335.0
267.0,335.0
1255.0,335.0
272.0,322.0
256.0,336.0
268.0,336.0
261.0,336.0
268.0,334.0
265.0,334.0
215.0,334.0
276.0,335.0
267.0,334.0
269.0,334.0
267.0,334.0
270.0,334.0
272.0,334.0
258.0,334.0
271.0,334.0
1294.0,334.0
269.0,321.0
266.0,336.0
288.0,336.0
124.0,336.0
168.0,338.0
267.0,337.0
178.0,336.0
270.0,337.0
277.0,336.0
272.0,336.0
277.0,336.0
259.0,336.0
232.0,336.0
193.0,336.0
267.0,336.0
270.0,335.0
1238.0,335.0
269.0,323.0
267.0,337.0
195.0,337.0
259.0,338.0
273.0,337.0
205.0,337.0
270.0,338.0
270.0,337.0
277.0,337.0
268.0,337.0
271.0,337.0
253.0,337.0
267.0,337.0
268.0,337.0
270.0,337.0
269.0,336.0
112.0,336.0
267.0,339.0
259.0,336.0
117.0,336.0
1011.0,338.0
270.0,326.0
270.0,337.0
268.0,337.0
269.0,337.0
267.0,337.0
175.0,337.0
269.0,338.0
268.0,337.0
179.0,337.0
268.0,338.0
272.0,337.0
269.0,337.0
268.0,337.0
262.0,337.0
268.0,337.0
270.0,336.0
1223.0,336.0
268.0,323.0
272.0,338.0
271.0,338.0
274.0,338.0
269.0,338.0
268.0,339.0
270.0,339.0
270.0,339.0
269.0,339.0
267.0,339.0
264.0,339.0
271.0,339.0
271.0,339.0
265.0,339.0
271.0,338.0
276.0,338.0
1202.0,338.0
157.0,325.0
111.0,341.0
267.0,342.0
272.0,340.0
272.0,340.0
470.0,340.0
268.0,337.0
257.0,340.0
268.0,340.0
271.0,340.0
278.0,340.0
271.0,340.0
273.0,340.0
271.0,340.0
347.0,341.0
1253.0,338.0
276.0,325.0
273.0,340.0
270.0,341.0
273.0,341.0
261.0,341.0
270.0,342.0
203.0,341.0
272.0,342.0
267.0,341.0
270.0,341.0
268.0,341.0
247.0,342.0
270.0,341.0
286.0,341.0
271.0,340.0
1229.0,340.0
209.0,326.0
271.0,341.0
277.0,341.0
272.0,341.0
272.0,342.0
273.0,342.0
273.0,342.0
270.0,342.0
266.0,342.0
273.0,342.0
271.0,342.0
272.0,342.0
366.0,342.0
189.0,340.0
340.0,344.0
253.0,341.0
1242.0,342.0
270.0,325.0
187.0,342.0
272.0,349.0
322.0,348.0
271.0,348.0
272.0,349.0
269.0,349.0
280.0,344.0
278.0,349.0
270.0,349.0
271.0,349.0
272.0,350.0
273.0,344.0
270.0,344.0
274.0,343.0
270.0,343.0
1229.0,343.0
212.0,334.0
266.0,350.0
254.0,348.0
271.0,350.0
274.0,350.0
222.0,350.0
258.0,352.0
271.0,352.0
269.0,346.0
270.0,352.0
272.0,352.0
270.0,352.0
100.0,353.0
269.0,356.0
78.0,354.0
518.0,362.0
1207.0,363.0
385.0,343.0
272.0,347.0
246.0,348.0
268.0,350.0
269.0,350.0
245.0,346.0
268.0,348.0
270.0,351.0
269.0,349.0
269.0,354.0
277.0,355.0
113.0,349.0
178.0,357.0
258.0,354.0
269.0,355.0
1247.0,352.0
274.0,335.0
270.0,353.0
415.0,351.0
271.0,359.0
208.0,358.0
267.0,358.0
173.0,359.0
271.0,365.0
273.0,359.0
269.0,360.0
270.0,358.0
271.0,363.0
271.0,363.0
271.0,362.0
259.0,363.0
1115.0,360.0
284.0,344.0
257.0,353.0
272.0,359.0
266.0,360.0
318.0,360.0
255.0,362.0
297.0,360.0
270.0,362.0
261.0,362.0
191.0,364.0
267.0,366.0
267.0,366.0
352.0,360.0
144.0,361.0
271.0,367.0
269.0,360.0
1203.0,359.0
409.0,343.0
270.0,351.0
