Observation,Prediction
271.0,345.0
269.0,345.0
254.0,345.0
269.0,345.0
267.0,345.0
260.0,345.0
889.0,346.0
267.0,343.0
260.0,343.0
267.0,344.0
262.0,344.0
284.0,342.0
297.0,342.0
275.0,342.0
267.0,342.0
270.0,342.0
267.0,341.0
1255.0,340.0
272.0,342.0
256.0,342.0
268.0,342.0
261.0,342.0
268.0,342.0
265.0,342.0
215.0,342.0
276.0,340.0
267.0,340.0
269.0,340.0
267.0,340.0
270.0,340.0
272.0,340.0
258.0,340.0
271.0,340.0
1294.0,340.0
269.0,342.0
266.0,340.0
288.0,342.0
124.0,341.0
168.0,340.0
267.0,340.0
178.0,340.0
270.0,340.0
277.0,340.0
272.0,340.0
277.0,340.0
259.0,340.0
232.0,340.0
193.0,340.0
267.0,340.0
270.0,340.0
1238.0,340.0
269.0,342.0
267.0,342.0
195.0,342.0
259.0,342.0
273.0,342.0
205.0,342.0
270.0,341.0
270.0,341.0
277.0,341.0
268.0,341.0
271.0,341.0
253.0,341.0
267.0,341.0
268.0,341.0
270.0,341.0
269.0,341.0
112.0,341.0
267.0,341.0
259.0,341.0
117.0,341.0
1011.0,341.0
270.0,342.0
270.0,342.0
268.0,342.0
269.0,342.0
267.0,342.0
175.0,342.0
269.0,342.0
268.0,342.0
179.0,342.0
268.0,342.0
272.0,342.0
269.0,342.0
268.0,342.0
262.0,342.0
268.0,341.0
270.0,341.0
1223.0,341.0
268.0,343.0
272.0,343.0
271.0,343.0
274.0,343.0
269.0,343.0
268.0,343.0
270.0,343.0
270.0,343.0
269.0,343.0
267.0,343.0
264.0,343.0
271.0,343.0
271.0,343.0
265.0,343.0
271.0,343.0
276.0,343.0
1202.0,343.0
157.0,344.0
111.0,344.0
267.0,344.0
272.0,344.0
272.0,344.0
470.0,344.0
268.0,344.0
257.0,344.0
268.0,344.0
271.0,344.0
278.0,344.0
271.0,344.0
273.0,344.0
271.0,344.0
347.0,344.0
1253.0,344.0
276.0,346.0
273.0,346.0
270.0,346.0
273.0,346.0
261.0,346.0
270.0,346.0
203.0,346.0
272.0,346.0
267.0,346.0
270.0,346.0
268.0,345.0
247.0,345.0
270.0,345.0
286.0,345.0
271.0,345.0
1229.0,345.0
209.0,347.0
271.0,347.0
277.0,347.0
272.0,347.0
272.0,347.0
273.0,347.0
273.0,346.0
270.0,346.0
266.0,346.0
273.0,346.0
271.0,346.0
272.0,346.0
366.0,346.0
189.0,347.0
340.0,346.0
253.0,346.0
1242.0,346.0
270.0,348.0
187.0,348.0
272.0,348.0
322.0,348.0
271.0,348.0
272.0,348.0
269.0,348.0
280.0,347.0
278.0,347.0
270.0,347.0
271.0,347.0
272.0,347.0
273.0,347.0
270.0,347.0
274.0,347.0
270.0,347.0
1229.0,347.0
212.0,349.0
266.0,349.0
254.0,349.0
271.0,349.0
274.0,349.0
222.0,349.0
258.0,349.0
271.0,349.0
269.0,349.0
270.0,348.0
272.0,349.0
270.0,348.0
100.0,349.0
269.0,348.0
78.0,348.0
518.0,348.0
1207.0,348.0
385.0,350.0
272.0,350.0
246.0,350.0
268.0,350.0
269.0,350.0
245.0,350.0
268.0,350.0
270.0,350.0
269.0,350.0
269.0,350.0
277.0,350.0
113.0,350.0
178.0,350.0
258.0,350.0
269.0,350.0
1247.0,350.0
274.0,352.0
270.0,352.0
415.0,352.0
271.0,352.0
208.0,352.0
267.0,352.0
173.0,352.0
271.0,351.0
273.0,351.0
269.0,351.0
270.0,351.0
271.0,351.0
271.0,351.0
271.0,351.0
259.0,351.0
1115.0,351.0
284.0,353.0
257.0,352.0
272.0,352.0
266.0,352.0
318.0,352.0
255.0,353.0
297.0,352.0
270.0,354.0
261.0,353.0
191.0,352.0
267.0,352.0
267.0,355.0
352.0,353.0
144.0,349.0
271.0,348.0
269.0,350.0
1203.0,338.0
409.0,334.0
270.0,334.0
