Observation,Prediction
271.0,277.0
269.0,277.0
254.0,275.0
269.0,260.0
267.0,274.0
260.0,272.0
889.0,266.0
267.0,860.0
260.0,273.0
267.0,266.0
262.0,273.0
284.0,269.0
297.0,290.0
275.0,302.0
267.0,281.0
270.0,274.0
267.0,275.0
1255.0,272.0
272.0,1205.0
256.0,277.0
268.0,262.0
261.0,274.0
268.0,267.0
265.0,274.0
215.0,271.0
276.0,223.0
267.0,281.0
269.0,272.0
267.0,274.0
270.0,273.0
272.0,275.0
258.0,277.0
271.0,264.0
1294.0,276.0
269.0,1242.0
266.0,275.0
288.0,272.0
124.0,292.0
168.0,138.0
267.0,179.0
178.0,273.0
270.0,189.0
277.0,276.0
272.0,283.0
277.0,277.0
259.0,282.0
232.0,265.0
193.0,240.0
267.0,203.0
270.0,272.0
1238.0,275.0
269.0,1206.0
267.0,274.0
195.0,273.0
259.0,204.0
273.0,265.0
205.0,278.0
270.0,213.0
270.0,275.0
277.0,275.0
268.0,281.0
271.0,273.0
253.0,276.0
267.0,259.0
268.0,272.0
270.0,273.0
269.0,275.0
112.0,274.0
267.0,122.0
259.0,270.0
117.0,263.0
1011.0,131.0
270.0,974.0
270.0,275.0
268.0,273.0
269.0,273.0
267.0,272.0
175.0,271.0
269.0,185.0
268.0,272.0
179.0,271.0
268.0,186.0
272.0,271.0
269.0,277.0
268.0,272.0
262.0,271.0
268.0,266.0
270.0,271.0
1223.0,275.0
268.0,1189.0
272.0,271.0
271.0,275.0
274.0,274.0
269.0,277.0
268.0,272.0
270.0,272.0
270.0,273.0
269.0,273.0
267.0,272.0
264.0,271.0
271.0,267.0
271.0,274.0
265.0,274.0
271.0,269.0
276.0,274.0
1202.0,279.0
157.0,1172.0
111.0,165.0
267.0,120.0
272.0,270.0
272.0,275.0
470.0,275.0
268.0,466.0
257.0,272.0
268.0,261.0
271.0,272.0
278.0,274.0
271.0,280.0
273.0,274.0
271.0,276.0
347.0,274.0
1253.0,347.0
276.0,1217.0
273.0,279.0
270.0,276.0
273.0,273.0
261.0,276.0
270.0,264.0
203.0,273.0
272.0,208.0
267.0,275.0
270.0,270.0
268.0,273.0
247.0,271.0
270.0,251.0
286.0,273.0
271.0,288.0
1229.0,274.0
209.0,1194.0
271.0,216.0
277.0,275.0
272.0,280.0
272.0,275.0
273.0,275.0
273.0,276.0
270.0,276.0
266.0,273.0
273.0,270.0
271.0,276.0
272.0,274.0
366.0,275.0
189.0,365.0
340.0,195.0
253.0,340.0
1242.0,257.0
270.0,1206.0
187.0,273.0
272.0,193.0
322.0,275.0
271.0,323.0
272.0,274.0
269.0,275.0
280.0,272.0
278.0,283.0
270.0,281.0
271.0,273.0
272.0,274.0
273.0,275.0
270.0,276.0
274.0,273.0
270.0,277.0
1229.0,273.0
212.0,1194.0
266.0,217.0
254.0,269.0
271.0,258.0
274.0,274.0
222.0,277.0
258.0,226.0
271.0,261.0
269.0,275.0
270.0,272.0
272.0,273.0
270.0,275.0
100.0,273.0
269.0,110.0
78.0,272.0
518.0,89.0
1207.0,512.0
385.0,1173.0
272.0,383.0
246.0,276.0
268.0,250.0
269.0,271.0
245.0,272.0
268.0,249.0
270.0,271.0
269.0,273.0
269.0,272.0
277.0,272.0
113.0,280.0
178.0,122.0
258.0,185.0
269.0,262.0
1247.0,272.0
274.0,1212.0
270.0,277.0
415.0,273.0
271.0,412.0
208.0,275.0
267.0,214.0
173.0,271.0
271.0,180.0
273.0,275.0
269.0,276.0
270.0,272.0
271.0,273.0
271.0,274.0
271.0,274.0
259.0,274.0
1115.0,263.0
284.0,1085.0
257.0,287.0
272.0,261.0
266.0,275.0
318.0,269.0
255.0,319.0
297.0,259.0
270.0,299.0
261.0,273.0
191.0,265.0
267.0,198.0
267.0,271.0
352.0,270.0
144.0,352.0
271.0,152.0
269.0,274.0
1203.0,273.0
409.0,1178.0
270.0,405.0
