Observation,Prediction
271.0,332.0
269.0,333.0
254.0,331.0
269.0,332.0
267.0,334.0
260.0,335.0
889.0,334.0
267.0,322.0
260.0,330.0
267.0,332.0
262.0,333.0
284.0,332.0
297.0,331.0
275.0,331.0
267.0,332.0
270.0,332.0
267.0,332.0
1255.0,333.0
272.0,306.0
256.0,320.0
268.0,325.0
261.0,326.0
268.0,328.0
265.0,328.0
215.0,329.0
276.0,331.0
267.0,329.0
269.0,329.0
267.0,329.0
270.0,329.0
272.0,330.0
258.0,330.0
271.0,329.0
1294.0,330.0
269.0,306.0
266.0,319.0
288.0,323.0
124.0,324.0
168.0,329.0
267.0,331.0
178.0,330.0
270.0,332.0
277.0,331.0
272.0,328.0
277.0,330.0
259.0,330.0
232.0,331.0
193.0,331.0
267.0,331.0
270.0,331.0
1238.0,330.0
269.0,309.0
267.0,319.0
195.0,324.0
259.0,328.0
273.0,328.0
205.0,329.0
270.0,332.0
270.0,332.0
277.0,332.0
268.0,332.0
271.0,332.0
253.0,332.0
267.0,332.0
268.0,332.0
270.0,333.0
269.0,332.0
112.0,332.0
267.0,336.0
259.0,334.0
117.0,334.0
1011.0,336.0
270.0,319.0
270.0,326.0
268.0,327.0
269.0,330.0
267.0,332.0
175.0,332.0
269.0,335.0
268.0,334.0
179.0,339.0
268.0,338.0
272.0,336.0
269.0,336.0
268.0,337.0
262.0,336.0
268.0,340.0
270.0,337.0
1223.0,337.0
268.0,312.0
272.0,326.0
271.0,326.0
274.0,330.0
269.0,332.0
268.0,333.0
270.0,335.0
270.0,336.0
269.0,336.0
267.0,337.0
264.0,337.0
271.0,338.0
271.0,335.0
265.0,338.0
271.0,338.0
276.0,338.0
1202.0,338.0
157.0,317.0
111.0,328.0
267.0,335.0
272.0,336.0
272.0,337.0
470.0,338.0
268.0,332.0
257.0,335.0
268.0,337.0
271.0,338.0
278.0,339.0
271.0,339.0
273.0,339.0
271.0,341.0
347.0,340.0
1253.0,338.0
276.0,309.0
273.0,323.0
270.0,328.0
273.0,331.0
261.0,334.0
270.0,336.0
203.0,337.0
272.0,340.0
267.0,339.0
270.0,340.0
268.0,340.0
247.0,340.0
270.0,342.0
286.0,341.0
271.0,341.0
1229.0,342.0
209.0,314.0
271.0,325.0
277.0,330.0
272.0,333.0
272.0,335.0
273.0,337.0
273.0,338.0
270.0,339.0
266.0,340.0
273.0,341.0
271.0,341.0
272.0,342.0
366.0,342.0
189.0,340.0
340.0,344.0
253.0,341.0
1242.0,342.0
270.0,318.0
187.0,322.0
272.0,330.0
322.0,334.0
271.0,335.0
272.0,337.0
269.0,339.0
280.0,340.0
278.0,341.0
270.0,342.0
271.0,342.0
272.0,343.0
273.0,343.0
270.0,344.0
274.0,344.0
270.0,344.0
1229.0,345.0
212.0,314.0
266.0,324.0
254.0,329.0
271.0,334.0
274.0,337.0
222.0,339.0
258.0,343.0
271.0,344.0
269.0,345.0
270.0,346.0
272.0,346.0
270.0,347.0
100.0,347.0
269.0,354.0
78.0,351.0
518.0,357.0
1207.0,346.0
385.0,319.0
272.0,322.0
246.0,326.0
268.0,332.0
269.0,336.0
245.0,339.0
268.0,342.0
270.0,344.0
269.0,345.0
269.0,346.0
277.0,348.0
113.0,349.0
178.0,354.0
258.0,356.0
269.0,354.0
1247.0,353.0
274.0,318.0
270.0,327.0
415.0,332.0
271.0,332.0
208.0,335.0
267.0,341.0
173.0,344.0
271.0,349.0
273.0,350.0
269.0,350.0
270.0,351.0
271.0,352.0
271.0,352.0
271.0,353.0
259.0,353.0
1115.0,354.0
284.0,324.0
257.0,330.0
272.0,334.0
266.0,339.0
318.0,342.0
255.0,343.0
297.0,346.0
270.0,347.0
261.0,348.0
191.0,350.0
267.0,356.0
267.0,355.0
352.0,356.0
144.0,353.0
271.0,356.0
269.0,356.0
1203.0,356.0
409.0,304.0
270.0,310.0
