Observation,Prediction
271.0,346.0
269.0,346.0
254.0,346.0
269.0,346.0
267.0,345.0
260.0,345.0
889.0,345.0
267.0,336.0
260.0,345.0
267.0,345.0
262.0,345.0
284.0,345.0
297.0,345.0
275.0,343.0
267.0,342.0
270.0,342.0
267.0,342.0
1255.0,341.0
272.0,328.0
256.0,343.0
268.0,343.0
261.0,343.0
268.0,343.0
265.0,343.0
215.0,343.0
276.0,344.0
267.0,343.0
269.0,343.0
267.0,343.0
270.0,343.0
272.0,343.0
258.0,343.0
271.0,343.0
1294.0,343.0
269.0,328.0
266.0,345.0
288.0,345.0
124.0,345.0
168.0,347.0
267.0,346.0
178.0,345.0
270.0,346.0
277.0,344.0
272.0,344.0
277.0,344.0
259.0,344.0
232.0,344.0
193.0,345.0
267.0,345.0
270.0,344.0
1238.0,344.0
269.0,330.0
267.0,346.0
195.0,346.0
259.0,347.0
273.0,346.0
205.0,346.0
270.0,347.0
270.0,345.0
277.0,345.0
268.0,345.0
271.0,345.0
253.0,345.0
267.0,346.0
268.0,345.0
270.0,345.0
269.0,345.0
112.0,345.0
267.0,347.0
259.0,345.0
117.0,345.0
1011.0,347.0
270.0,333.0
270.0,346.0
268.0,346.0
269.0,346.0
267.0,346.0
175.0,346.0
269.0,347.0
268.0,346.0
179.0,346.0
268.0,347.0
272.0,345.0
269.0,345.0
268.0,345.0
262.0,345.0
268.0,345.0
270.0,345.0
1223.0,345.0
268.0,330.0
272.0,347.0
271.0,347.0
274.0,347.0
269.0,347.0
268.0,347.0
270.0,347.0
270.0,347.0
269.0,347.0
267.0,347.0
264.0,347.0
271.0,347.0
271.0,347.0
265.0,347.0
271.0,347.0
276.0,347.0
1202.0,347.0
157.0,332.0
111.0,351.0
267.0,351.0
272.0,348.0
272.0,348.0
470.0,348.0
268.0,344.0
257.0,348.0
268.0,348.0
271.0,348.0
278.0,348.0
271.0,348.0
273.0,348.0
271.0,348.0
347.0,348.0
1253.0,346.0
276.0,331.0
273.0,350.0
270.0,350.0
273.0,350.0
261.0,350.0
270.0,350.0
203.0,350.0
272.0,351.0
267.0,350.0
270.0,350.0
268.0,349.0
247.0,349.0
270.0,350.0
286.0,349.0
271.0,349.0
1229.0,349.0
209.0,332.0
271.0,352.0
277.0,351.0
272.0,350.0
272.0,350.0
273.0,350.0
273.0,350.0
270.0,350.0
266.0,350.0
273.0,350.0
271.0,350.0
272.0,350.0
366.0,350.0
189.0,348.0
340.0,352.0
253.0,348.0
1242.0,350.0
270.0,332.0
187.0,352.0
272.0,353.0
322.0,352.0
271.0,351.0
272.0,352.0
269.0,352.0
280.0,352.0
278.0,351.0
270.0,351.0
271.0,351.0
272.0,351.0
273.0,351.0
270.0,351.0
274.0,351.0
270.0,351.0
1229.0,351.0
212.0,333.0
266.0,354.0
254.0,353.0
271.0,353.0
274.0,353.0
222.0,353.0
258.0,354.0
271.0,353.0
269.0,353.0
270.0,353.0
272.0,353.0
270.0,353.0
100.0,353.0
269.0,356.0
78.0,353.0
518.0,356.0
1207.0,347.0
385.0,335.0
272.0,352.0
246.0,355.0
268.0,355.0
269.0,355.0
245.0,355.0
268.0,355.0
270.0,355.0
269.0,355.0
269.0,355.0
277.0,355.0
113.0,354.0
178.0,357.0
258.0,356.0
269.0,354.0
1247.0,354.0
274.0,336.0
270.0,356.0
415.0,356.0
271.0,353.0
208.0,356.0
267.0,357.0
173.0,356.0
271.0,358.0
273.0,356.0
269.0,355.0
270.0,356.0
271.0,356.0
271.0,356.0
271.0,354.0
259.0,353.0
1115.0,353.0
284.0,337.0
257.0,354.0
272.0,355.0
266.0,355.0
318.0,353.0
255.0,352.0
297.0,352.0
270.0,351.0
261.0,352.0
191.0,349.0
267.0,350.0
267.0,349.0
352.0,349.0
144.0,347.0
271.0,351.0
269.0,347.0
1203.0,347.0
409.0,330.0
270.0,345.0
