Observation,Prediction
271.0,287.0
269.0,287.0
254.0,287.0
269.0,287.0
267.0,287.0
260.0,287.0
889.0,287.0
267.0,287.0
260.0,287.0
267.0,287.0
262.0,287.0
284.0,287.0
297.0,287.0
275.0,287.0
267.0,287.0
270.0,287.0
267.0,287.0
1255.0,287.0
272.0,287.0
256.0,287.0
268.0,287.0
261.0,287.0
268.0,287.0
265.0,287.0
215.0,287.0
276.0,287.0
267.0,287.0
269.0,287.0
267.0,287.0
270.0,287.0
272.0,287.0
258.0,287.0
271.0,287.0
1294.0,287.0
269.0,287.0
266.0,287.0
288.0,287.0
124.0,287.0
168.0,287.0
267.0,287.0
178.0,287.0
270.0,287.0
277.0,287.0
272.0,287.0
277.0,287.0
259.0,287.0
232.0,287.0
193.0,287.0
267.0,287.0
270.0,287.0
1238.0,287.0
269.0,287.0
267.0,287.0
195.0,287.0
259.0,287.0
273.0,287.0
205.0,287.0
270.0,287.0
270.0,287.0
277.0,287.0
268.0,287.0
271.0,287.0
253.0,287.0
267.0,287.0
268.0,287.0
270.0,287.0
269.0,287.0
112.0,287.0
267.0,287.0
259.0,287.0
117.0,287.0
1011.0,287.0
270.0,287.0
270.0,287.0
268.0,287.0
269.0,287.0
267.0,287.0
175.0,287.0
269.0,287.0
268.0,287.0
179.0,287.0
268.0,287.0
272.0,287.0
269.0,287.0
268.0,287.0
262.0,287.0
268.0,287.0
270.0,287.0
1223.0,287.0
268.0,287.0
272.0,287.0
271.0,287.0
274.0,287.0
269.0,287.0
268.0,287.0
270.0,287.0
270.0,287.0
269.0,287.0
267.0,287.0
264.0,287.0
271.0,287.0
271.0,287.0
265.0,287.0
271.0,287.0
276.0,287.0
1202.0,287.0
157.0,287.0
111.0,287.0
267.0,287.0
272.0,287.0
272.0,287.0
470.0,287.0
268.0,287.0
257.0,287.0
268.0,287.0
271.0,287.0
278.0,287.0
271.0,287.0
273.0,287.0
271.0,287.0
347.0,287.0
1253.0,287.0
276.0,334.0
273.0,287.0
270.0,287.0
273.0,287.0
261.0,287.0
270.0,287.0
203.0,287.0
272.0,287.0
267.0,287.0
270.0,287.0
268.0,287.0
247.0,287.0
270.0,287.0
286.0,287.0
271.0,287.0
1229.0,287.0
209.0,300.0
271.0,287.0
277.0,287.0
272.0,287.0
272.0,287.0
273.0,287.0
273.0,287.0
270.0,287.0
266.0,287.0
273.0,287.0
271.0,287.0
272.0,287.0
366.0,287.0
189.0,287.0
340.0,287.0
253.0,287.0
1242.0,287.0
270.0,300.0
187.0,287.0
272.0,287.0
322.0,287.0
271.0,287.0
272.0,287.0
269.0,287.0
280.0,287.0
278.0,287.0
270.0,287.0
271.0,287.0
272.0,287.0
273.0,287.0
270.0,287.0
274.0,287.0
270.0,287.0
1229.0,287.0
212.0,284.0
266.0,287.0
254.0,287.0
271.0,287.0
274.0,287.0
222.0,287.0
258.0,287.0
271.0,287.0
269.0,287.0
270.0,287.0
272.0,287.0
270.0,287.0
100.0,287.0
269.0,287.0
78.0,287.0
518.0,287.0
1207.0,287.0
385.0,321.0
272.0,287.0
246.0,287.0
268.0,287.0
269.0,287.0
245.0,287.0
268.0,287.0
270.0,287.0
269.0,287.0
269.0,287.0
277.0,287.0
113.0,287.0
178.0,287.0
258.0,287.0
269.0,287.0
1247.0,287.0
274.0,274.0
270.0,287.0
415.0,287.0
271.0,287.0
208.0,287.0
267.0,287.0
173.0,287.0
271.0,287.0
273.0,287.0
269.0,287.0
270.0,287.0
271.0,287.0
271.0,287.0
271.0,287.0
259.0,287.0
1115.0,287.0
284.0,319.0
257.0,287.0
272.0,287.0
266.0,287.0
318.0,287.0
255.0,287.0
297.0,287.0
270.0,287.0
261.0,287.0
191.0,287.0
267.0,287.0
267.0,287.0
352.0,287.0
144.0,287.0
271.0,287.0
269.0,287.0
1203.0,287.0
409.0,294.0
270.0,296.0
