Observation,Prediction
271.0,356.0
269.0,357.0
254.0,356.0
269.0,354.0
267.0,345.0
260.0,344.0
889.0,343.0
267.0,478.0
260.0,357.0
267.0,351.0
262.0,357.0
284.0,357.0
297.0,361.0
275.0,360.0
267.0,360.0
270.0,359.0
267.0,360.0
1255.0,357.0
272.0,550.0
256.0,358.0
268.0,355.0
261.0,358.0
268.0,357.0
265.0,359.0
215.0,359.0
276.0,350.0
267.0,362.0
269.0,355.0
267.0,361.0
270.0,361.0
272.0,356.0
258.0,357.0
271.0,361.0
1294.0,358.0
269.0,560.0
266.0,360.0
288.0,363.0
124.0,363.0
168.0,333.0
267.0,342.0
178.0,361.0
270.0,342.0
277.0,364.0
272.0,365.0
277.0,364.0
259.0,361.0
232.0,362.0
193.0,355.0
267.0,348.0
270.0,354.0
1238.0,366.0
269.0,758.0
267.0,352.0
195.0,363.0
259.0,324.0
273.0,336.0
205.0,339.0
270.0,326.0
270.0,338.0
277.0,338.0
268.0,340.0
271.0,338.0
253.0,340.0
267.0,335.0
268.0,337.0
270.0,338.0
269.0,339.0
112.0,339.0
267.0,308.0
259.0,338.0
117.0,336.0
1011.0,308.0
270.0,481.0
270.0,339.0
268.0,339.0
269.0,338.0
267.0,339.0
175.0,338.0
269.0,320.0
268.0,338.0
179.0,338.0
268.0,321.0
272.0,338.0
269.0,338.0
268.0,338.0
262.0,338.0
268.0,336.0
270.0,338.0
1223.0,338.0
268.0,522.0
272.0,339.0
271.0,340.0
274.0,340.0
269.0,340.0
268.0,339.0
270.0,339.0
270.0,340.0
269.0,340.0
267.0,339.0
264.0,339.0
271.0,319.0
271.0,339.0
265.0,339.0
271.0,338.0
276.0,327.0
1202.0,340.0
157.0,703.0
111.0,272.0
267.0,256.0
272.0,315.0
272.0,331.0
470.0,332.0
268.0,378.0
257.0,340.0
268.0,318.0
271.0,336.0
278.0,325.0
271.0,328.0
273.0,327.0
271.0,328.0
347.0,328.0
1253.0,342.0
276.0,514.0
273.0,324.0
270.0,324.0
273.0,325.0
261.0,326.0
270.0,324.0
203.0,327.0
272.0,315.0
267.0,328.0
270.0,328.0
268.0,329.0
247.0,329.0
270.0,325.0
286.0,329.0
271.0,333.0
1229.0,330.0
209.0,511.0
271.0,314.0
277.0,327.0
272.0,329.0
272.0,328.0
273.0,329.0
273.0,330.0
270.0,330.0
266.0,330.0
273.0,333.0
271.0,330.0
272.0,330.0
366.0,330.0
189.0,348.0
340.0,315.0
253.0,344.0
1242.0,328.0
270.0,515.0
187.0,327.0
272.0,312.0
322.0,326.0
271.0,338.0
272.0,329.0
269.0,330.0
280.0,330.0
278.0,332.0
270.0,332.0
271.0,332.0
272.0,332.0
273.0,332.0
270.0,334.0
274.0,333.0
270.0,334.0
1229.0,333.0
212.0,514.0
266.0,318.0
254.0,329.0
271.0,327.0
274.0,331.0
222.0,333.0
258.0,323.0
271.0,327.0
269.0,334.0
270.0,334.0
272.0,334.0
270.0,335.0
100.0,335.0
269.0,303.0
78.0,336.0
518.0,301.0
1207.0,384.0
385.0,512.0
272.0,353.0
246.0,332.0
268.0,327.0
269.0,332.0
245.0,333.0
268.0,329.0
270.0,330.0
269.0,335.0
269.0,335.0
277.0,336.0
113.0,338.0
178.0,307.0
258.0,321.0
269.0,337.0
1247.0,340.0
274.0,522.0
270.0,334.0
415.0,334.0
271.0,361.0
208.0,334.0
267.0,323.0
173.0,335.0
271.0,318.0
273.0,338.0
269.0,339.0
270.0,338.0
271.0,339.0
271.0,339.0
271.0,327.0
259.0,339.0
1115.0,337.0
284.0,497.0
257.0,336.0
272.0,335.0
266.0,326.0
318.0,318.0
255.0,346.0
297.0,330.0
270.0,338.0
261.0,326.0
191.0,329.0
267.0,318.0
267.0,333.0
352.0,333.0
144.0,349.0
271.0,310.0
269.0,333.0
1203.0,350.0
409.0,642.0
270.0,326.0
