Observation,Prediction
271.0,332.0
262.0,332.0
274.0,332.0
272.0,332.0
1023.0,332.0
273.0,324.0
269.0,333.0
266.0,333.0
247.0,333.0
270.0,333.0
272.0,333.0
269.0,333.0
269.0,333.0
1075.0,333.0
181.0,325.0
270.0,336.0
269.0,334.0
248.0,334.0
269.0,335.0
266.0,334.0
273.0,334.0
271.0,334.0
269.0,334.0
1080.0,334.0
263.0,325.0
252.0,336.0
288.0,335.0
267.0,335.0
268.0,335.0
257.0,334.0
271.0,335.0
268.0,334.0
784.0,334.0
267.0,327.0
268.0,334.0
261.0,334.0
269.0,334.0
267.0,334.0
267.0,334.0
294.0,334.0
270.0,334.0
241.0,334.0
670.0,335.0
256.0,328.0
222.0,335.0
229.0,335.0
268.0,335.0
271.0,334.0
273.0,334.0
270.0,334.0
145.0,334.0
268.0,336.0
273.0,334.0
267.0,334.0
267.0,334.0
266.0,334.0
267.0,334.0
299.0,334.0
269.0,333.0
293.0,334.0
172.0,334.0
1102.0,335.0
265.0,322.0
268.0,335.0
268.0,335.0
1118.0,334.0
273.0,321.0
267.0,336.0
260.0,335.0
267.0,335.0
1230.0,335.0
274.0,319.0
269.0,337.0
534.0,337.0
667.0,332.0
267.0,331.0
269.0,338.0
252.0,336.0
154.0,336.0
1051.0,337.0
114.0,322.0
269.0,340.0
271.0,336.0
268.0,336.0
273.0,336.0
270.0,336.0
268.0,336.0
419.0,336.0
270.0,334.0
1053.0,337.0
271.0,322.0
254.0,338.0
244.0,339.0
267.0,339.0
269.0,338.0
269.0,338.0
274.0,338.0
267.0,338.0
1153.0,338.0
268.0,321.0
254.0,340.0
271.0,340.0
271.0,340.0
269.0,340.0
254.0,340.0
269.0,340.0
267.0,340.0
260.0,340.0
889.0,340.0
267.0,327.0
260.0,341.0
267.0,341.0
262.0,341.0
284.0,341.0
297.0,341.0
275.0,341.0
267.0,341.0
270.0,341.0
267.0,341.0
1255.0,341.0
272.0,320.0
256.0,343.0
268.0,344.0
261.0,343.0
268.0,343.0
265.0,343.0
215.0,343.0
276.0,344.0
267.0,343.0
269.0,343.0
267.0,343.0
270.0,343.0
272.0,343.0
258.0,343.0
271.0,343.0
1294.0,343.0
269.0,320.0
266.0,345.0
288.0,345.0
124.0,344.0
168.0,348.0
267.0,347.0
178.0,344.0
270.0,346.0
277.0,344.0
272.0,344.0
277.0,344.0
259.0,344.0
232.0,344.0
193.0,345.0
267.0,345.0
270.0,344.0
1238.0,343.0
269.0,323.0
267.0,346.0
195.0,346.0
259.0,347.0
273.0,346.0
205.0,345.0
270.0,347.0
270.0,345.0
277.0,345.0
268.0,345.0
271.0,345.0
253.0,345.0
267.0,345.0
268.0,345.0
270.0,345.0
269.0,345.0
112.0,345.0
267.0,348.0
259.0,344.0
117.0,345.0
1011.0,348.0
270.0,327.0
270.0,345.0
268.0,345.0
269.0,346.0
267.0,345.0
175.0,345.0
269.0,347.0
268.0,345.0
179.0,345.0
268.0,347.0
272.0,344.0
269.0,344.0
268.0,344.0
262.0,344.0
268.0,344.0
270.0,344.0
1223.0,344.0
268.0,322.0
272.0,346.0
271.0,346.0
274.0,346.0
269.0,345.0
268.0,345.0
270.0,345.0
270.0,345.0
269.0,345.0
267.0,345.0
264.0,345.0
271.0,345.0
271.0,345.0
265.0,345.0
271.0,345.0
276.0,345.0
1202.0,344.0
157.0,323.0
111.0,350.0
267.0,350.0
272.0,346.0
272.0,346.0
470.0,346.0
268.0,341.0
257.0,346.0
268.0,346.0
271.0,346.0
278.0,346.0
271.0,346.0
273.0,346.0
271.0,346.0
347.0,346.0
1253.0,344.0
276.0,322.0
273.0,348.0
270.0,348.0
273.0,348.0
261.0,348.0
270.0,348.0
203.0,348.0
272.0,349.0
267.0,348.0
270.0,348.0
268.0,348.0
247.0,348.0
270.0,348.0
286.0,348.0
271.0,347.0
1229.0,348.0
209.0,324.0
271.0,351.0
277.0,350.0
272.0,349.0
272.0,349.0
273.0,349.0
273.0,349.0
270.0,349.0
266.0,350.0
273.0,350.0
271.0,349.0
272.0,349.0
366.0,349.0
189.0,347.0
340.0,352.0
253.0,348.0
1242.0,350.0
270.0,324.0
187.0,352.0
272.0,354.0
322.0,351.0
271.0,350.0
272.0,351.0
269.0,351.0
280.0,351.0
278.0,351.0
270.0,351.0
271.0,351.0
272.0,351.0
273.0,351.0
270.0,351.0
274.0,352.0
270.0,351.0
1229.0,351.0
212.0,325.0
266.0,355.0
254.0,353.0
271.0,353.0
274.0,353.0
222.0,353.0
258.0,354.0
271.0,353.0
269.0,351.0
270.0,350.0
272.0,347.0
270.0,347.0
100.0,347.0
269.0,350.0
78.0,345.0
518.0,351.0
1207.0,335.0
385.0,316.0
272.0,342.0
246.0,345.0
268.0,346.0
269.0,345.0
245.0,345.0
268.0,345.0
270.0,344.0
269.0,344.0
269.0,344.0
277.0,344.0
113.0,344.0
178.0,348.0
258.0,345.0
269.0,342.0
1247.0,342.0
274.0,315.0
270.0,344.0
415.0,344.0
271.0,340.0
208.0,344.0
267.0,346.0
173.0,344.0
271.0,347.0
273.0,344.0
269.0,344.0
270.0,344.0
271.0,342.0
271.0,341.0
271.0,341.0
259.0,339.0
1115.0,340.0
284.0,314.0
257.0,341.0
272.0,342.0
266.0,341.0
318.0,338.0
255.0,336.0
297.0,338.0
270.0,337.0
261.0,338.0
191.0,336.0
267.0,339.0
267.0,336.0
352.0,336.0
144.0,333.0
271.0,341.0
269.0,334.0
1203.0,334.0
409.0,298.0
270.0,331.0
