Observation,Prediction
271.0,293.0
269.0,293.0
254.0,293.0
269.0,293.0
267.0,293.0
260.0,293.0
889.0,293.0
267.0,293.0
260.0,293.0
267.0,293.0
262.0,293.0
284.0,293.0
297.0,293.0
275.0,293.0
267.0,293.0
270.0,293.0
267.0,293.0
1255.0,293.0
272.0,293.0
256.0,293.0
268.0,293.0
261.0,293.0
268.0,293.0
265.0,293.0
215.0,293.0
276.0,293.0
267.0,293.0
269.0,293.0
267.0,293.0
270.0,293.0
272.0,293.0
258.0,293.0
271.0,293.0
1294.0,293.0
269.0,293.0
266.0,293.0
288.0,293.0
124.0,293.0
168.0,293.0
267.0,293.0
178.0,293.0
270.0,293.0
277.0,293.0
272.0,293.0
277.0,293.0
259.0,293.0
232.0,293.0
193.0,293.0
267.0,293.0
270.0,293.0
1238.0,293.0
269.0,293.0
267.0,293.0
195.0,293.0
259.0,293.0
273.0,293.0
205.0,293.0
270.0,293.0
270.0,293.0
277.0,293.0
268.0,293.0
271.0,293.0
253.0,293.0
267.0,293.0
268.0,293.0
270.0,293.0
269.0,293.0
112.0,293.0
267.0,293.0
259.0,293.0
117.0,293.0
1011.0,293.0
270.0,293.0
270.0,293.0
268.0,293.0
269.0,293.0
267.0,293.0
175.0,293.0
269.0,293.0
268.0,293.0
179.0,293.0
268.0,293.0
272.0,293.0
269.0,293.0
268.0,293.0
262.0,293.0
268.0,293.0
270.0,293.0
1223.0,293.0
268.0,293.0
272.0,293.0
271.0,293.0
274.0,293.0
269.0,293.0
268.0,293.0
270.0,293.0
270.0,293.0
269.0,293.0
267.0,293.0
264.0,293.0
271.0,293.0
271.0,293.0
265.0,293.0
271.0,293.0
276.0,293.0
1202.0,293.0
157.0,293.0
111.0,293.0
267.0,293.0
272.0,293.0
272.0,293.0
470.0,293.0
268.0,293.0
257.0,293.0
268.0,293.0
271.0,293.0
278.0,293.0
271.0,293.0
273.0,293.0
271.0,293.0
347.0,293.0
1253.0,293.0
276.0,306.0
273.0,307.0
270.0,297.0
273.0,293.0
261.0,293.0
270.0,293.0
203.0,293.0
272.0,293.0
267.0,293.0
270.0,293.0
268.0,293.0
247.0,293.0
270.0,293.0
286.0,293.0
271.0,293.0
1229.0,293.0
209.0,313.0
271.0,293.0
277.0,293.0
272.0,293.0
272.0,293.0
273.0,293.0
273.0,293.0
270.0,293.0
266.0,293.0
273.0,293.0
271.0,293.0
272.0,293.0
366.0,293.0
189.0,293.0
340.0,293.0
253.0,293.0
1242.0,293.0
270.0,292.0
187.0,293.0
272.0,293.0
322.0,293.0
271.0,293.0
272.0,293.0
269.0,293.0
280.0,293.0
278.0,293.0
270.0,293.0
271.0,293.0
272.0,293.0
273.0,293.0
270.0,293.0
274.0,293.0
270.0,293.0
1229.0,293.0
212.0,304.0
266.0,293.0
254.0,293.0
271.0,293.0
274.0,293.0
222.0,293.0
258.0,293.0
271.0,293.0
269.0,293.0
270.0,293.0
272.0,293.0
270.0,293.0
100.0,293.0
269.0,293.0
78.0,293.0
518.0,293.0
1207.0,293.0
385.0,293.0
272.0,293.0
246.0,293.0
268.0,293.0
269.0,293.0
245.0,293.0
268.0,293.0
270.0,293.0
269.0,293.0
269.0,293.0
277.0,293.0
113.0,293.0
178.0,293.0
258.0,293.0
269.0,293.0
1247.0,293.0
274.0,293.0
270.0,293.0
415.0,293.0
271.0,293.0
208.0,293.0
267.0,293.0
173.0,293.0
271.0,293.0
273.0,293.0
269.0,293.0
270.0,293.0
271.0,293.0
271.0,293.0
271.0,293.0
259.0,293.0
1115.0,293.0
284.0,293.0
257.0,293.0
272.0,293.0
266.0,293.0
318.0,293.0
255.0,293.0
297.0,293.0
270.0,293.0
261.0,293.0
191.0,293.0
267.0,293.0
267.0,293.0
352.0,293.0
144.0,293.0
271.0,293.0
269.0,293.0
1203.0,293.0
409.0,293.0
270.0,298.0
