Observation,Prediction
271.0,340.0
269.0,339.0
254.0,339.0
269.0,338.0
267.0,338.0
260.0,336.0
889.0,336.0
267.0,337.0
260.0,337.0
267.0,337.0
262.0,337.0
284.0,336.0
297.0,336.0
275.0,336.0
267.0,335.0
270.0,335.0
267.0,335.0
1255.0,335.0
272.0,338.0
256.0,338.0
268.0,338.0
261.0,339.0
268.0,337.0
265.0,336.0
215.0,336.0
276.0,336.0
267.0,336.0
269.0,336.0
267.0,336.0
270.0,336.0
272.0,336.0
258.0,335.0
271.0,335.0
1294.0,335.0
269.0,338.0
266.0,338.0
288.0,338.0
124.0,338.0
168.0,337.0
267.0,337.0
178.0,337.0
270.0,337.0
277.0,336.0
272.0,337.0
277.0,337.0
259.0,336.0
232.0,337.0
193.0,336.0
267.0,336.0
270.0,336.0
1238.0,336.0
269.0,335.0
267.0,338.0
195.0,338.0
259.0,339.0
273.0,338.0
205.0,338.0
270.0,338.0
270.0,338.0
277.0,338.0
268.0,337.0
271.0,337.0
253.0,338.0
267.0,338.0
268.0,337.0
270.0,337.0
269.0,337.0
112.0,337.0
267.0,337.0
259.0,336.0
117.0,337.0
1011.0,337.0
270.0,335.0
270.0,335.0
268.0,337.0
269.0,336.0
267.0,336.0
175.0,337.0
269.0,337.0
268.0,337.0
179.0,336.0
268.0,336.0
272.0,336.0
269.0,336.0
268.0,336.0
262.0,336.0
268.0,336.0
270.0,336.0
1223.0,336.0
268.0,337.0
272.0,337.0
271.0,337.0
274.0,337.0
269.0,337.0
268.0,337.0
270.0,337.0
270.0,337.0
269.0,337.0
267.0,337.0
264.0,337.0
271.0,337.0
271.0,337.0
265.0,337.0
271.0,337.0
276.0,337.0
1202.0,337.0
157.0,339.0
111.0,339.0
267.0,338.0
272.0,338.0
272.0,338.0
470.0,338.0
268.0,338.0
257.0,338.0
268.0,338.0
271.0,338.0
278.0,338.0
271.0,338.0
273.0,338.0
271.0,338.0
347.0,338.0
1253.0,338.0
276.0,340.0
273.0,340.0
270.0,340.0
273.0,340.0
261.0,340.0
270.0,340.0
203.0,340.0
272.0,340.0
267.0,340.0
270.0,340.0
268.0,339.0
247.0,339.0
270.0,339.0
286.0,339.0
271.0,339.0
1229.0,339.0
209.0,341.0
271.0,341.0
277.0,340.0
272.0,340.0
272.0,340.0
273.0,340.0
273.0,340.0
270.0,340.0
266.0,340.0
273.0,340.0
271.0,340.0
272.0,340.0
366.0,340.0
189.0,340.0
340.0,340.0
253.0,340.0
1242.0,340.0
270.0,341.0
187.0,342.0
272.0,341.0
322.0,341.0
271.0,341.0
272.0,341.0
269.0,341.0
280.0,341.0
278.0,341.0
270.0,341.0
271.0,341.0
272.0,341.0
273.0,341.0
270.0,341.0
274.0,341.0
270.0,341.0
1229.0,341.0
212.0,343.0
266.0,343.0
254.0,343.0
271.0,343.0
274.0,343.0
222.0,343.0
258.0,343.0
271.0,343.0
269.0,343.0
270.0,343.0
272.0,343.0
270.0,343.0
100.0,343.0
269.0,342.0
78.0,342.0
518.0,342.0
1207.0,342.0
385.0,344.0
272.0,345.0
246.0,344.0
268.0,344.0
269.0,344.0
245.0,344.0
268.0,344.0
270.0,344.0
269.0,344.0
269.0,344.0
277.0,344.0
113.0,344.0
178.0,344.0
258.0,344.0
269.0,344.0
1247.0,344.0
274.0,346.0
270.0,346.0
415.0,346.0
271.0,346.0
208.0,346.0
267.0,346.0
173.0,346.0
271.0,346.0
273.0,346.0
269.0,344.0
270.0,344.0
271.0,344.0
271.0,345.0
271.0,344.0
259.0,344.0
1115.0,344.0
284.0,340.0
257.0,340.0
272.0,342.0
266.0,341.0
318.0,342.0
255.0,342.0
297.0,342.0
270.0,342.0
261.0,342.0
191.0,342.0
267.0,343.0
267.0,343.0
352.0,343.0
144.0,342.0
271.0,344.0
269.0,342.0
1203.0,342.0
409.0,337.0
270.0,338.0
