Observation,Prediction
271.0,350.0
269.0,336.0
254.0,328.0
269.0,333.0
267.0,343.0
260.0,336.0
889.0,342.0
267.0,492.0
260.0,348.0
267.0,332.0
262.0,341.0
284.0,340.0
297.0,333.0
275.0,337.0
267.0,332.0
270.0,359.0
267.0,326.0
1255.0,337.0
272.0,451.0
256.0,360.0
268.0,342.0
261.0,330.0
268.0,319.0
265.0,333.0
215.0,331.0
276.0,332.0
267.0,339.0
269.0,323.0
267.0,340.0
270.0,341.0
272.0,340.0
258.0,320.0
271.0,339.0
1294.0,335.0
269.0,350.0
266.0,349.0
288.0,337.0
124.0,345.0
168.0,344.0
267.0,343.0
178.0,344.0
270.0,343.0
277.0,342.0
272.0,343.0
277.0,341.0
259.0,342.0
232.0,340.0
193.0,340.0
267.0,338.0
270.0,340.0
1238.0,339.0
269.0,342.0
267.0,342.0
195.0,316.0
259.0,342.0
273.0,332.0
205.0,342.0
270.0,341.0
270.0,341.0
277.0,341.0
268.0,341.0
271.0,341.0
253.0,341.0
267.0,346.0
268.0,341.0
270.0,341.0
269.0,340.0
112.0,325.0
267.0,324.0
259.0,340.0
117.0,340.0
1011.0,356.0
270.0,324.0
270.0,341.0
268.0,340.0
269.0,341.0
267.0,324.0
175.0,326.0
269.0,327.0
268.0,341.0
179.0,341.0
268.0,340.0
272.0,340.0
269.0,350.0
268.0,341.0
262.0,353.0
268.0,340.0
270.0,338.0
1223.0,339.0
268.0,329.0
272.0,342.0
271.0,342.0
274.0,340.0
269.0,323.0
268.0,323.0
270.0,341.0
270.0,348.0
269.0,342.0
267.0,322.0
264.0,333.0
271.0,341.0
271.0,341.0
265.0,321.0
271.0,340.0
276.0,333.0
1202.0,332.0
157.0,326.0
111.0,341.0
267.0,340.0
272.0,329.0
272.0,342.0
470.0,339.0
268.0,335.0
257.0,330.0
268.0,342.0
271.0,320.0
278.0,325.0
271.0,339.0
273.0,347.0
271.0,343.0
347.0,332.0
1253.0,342.0
276.0,343.0
273.0,344.0
270.0,345.0
273.0,341.0
261.0,341.0
270.0,344.0
203.0,342.0
272.0,332.0
267.0,343.0
270.0,330.0
268.0,316.0
247.0,337.0
270.0,338.0
286.0,344.0
271.0,349.0
1229.0,336.0
209.0,342.0
271.0,344.0
277.0,350.0
272.0,344.0
272.0,343.0
273.0,344.0
273.0,344.0
270.0,341.0
266.0,337.0
273.0,343.0
271.0,343.0
272.0,343.0
366.0,344.0
189.0,331.0
340.0,342.0
253.0,344.0
1242.0,331.0
270.0,347.0
187.0,333.0
272.0,346.0
322.0,343.0
271.0,353.0
272.0,350.0
269.0,344.0
280.0,342.0
278.0,341.0
270.0,345.0
271.0,341.0
272.0,341.0
273.0,346.0
270.0,338.0
274.0,345.0
270.0,352.0
1229.0,340.0
212.0,502.0
266.0,346.0
254.0,346.0
271.0,334.0
274.0,346.0
222.0,351.0
258.0,344.0
271.0,336.0
269.0,338.0
270.0,343.0
272.0,342.0
270.0,343.0
100.0,344.0
269.0,344.0
78.0,340.0
518.0,317.0
1207.0,361.0
385.0,418.0
272.0,369.0
246.0,352.0
268.0,342.0
269.0,343.0
245.0,337.0
268.0,340.0
270.0,337.0
269.0,337.0
269.0,344.0
277.0,330.0
113.0,339.0
178.0,320.0
258.0,315.0
269.0,331.0
1247.0,326.0
274.0,369.0
270.0,349.0
415.0,337.0
271.0,366.0
208.0,348.0
267.0,317.0
173.0,337.0
271.0,327.0
273.0,312.0
269.0,323.0
270.0,317.0
271.0,323.0
271.0,327.0
271.0,334.0
259.0,310.0
1115.0,328.0
284.0,343.0
257.0,343.0
272.0,330.0
266.0,329.0
318.0,328.0
255.0,340.0
297.0,331.0
270.0,334.0
261.0,328.0
191.0,333.0
267.0,310.0
267.0,330.0
352.0,301.0
144.0,332.0
271.0,267.0
269.0,328.0
1203.0,304.0
409.0,389.0
270.0,387.0
