Observation,Prediction
271.0,335.0
269.0,335.0
254.0,335.0
269.0,336.0
267.0,334.0
260.0,335.0
889.0,335.0
267.0,325.0
260.0,334.0
267.0,335.0
262.0,334.0
284.0,334.0
297.0,334.0
275.0,334.0
267.0,335.0
270.0,335.0
267.0,335.0
1255.0,334.0
272.0,317.0
256.0,331.0
268.0,333.0
261.0,334.0
268.0,335.0
265.0,335.0
215.0,334.0
276.0,335.0
267.0,334.0
269.0,334.0
267.0,334.0
270.0,334.0
272.0,334.0
258.0,334.0
271.0,335.0
1294.0,335.0
269.0,316.0
266.0,332.0
288.0,333.0
124.0,334.0
168.0,338.0
267.0,338.0
178.0,336.0
270.0,338.0
277.0,337.0
272.0,337.0
277.0,336.0
259.0,336.0
232.0,336.0
193.0,337.0
267.0,338.0
270.0,337.0
1238.0,336.0
269.0,319.0
267.0,332.0
195.0,334.0
259.0,337.0
273.0,336.0
205.0,336.0
270.0,338.0
270.0,337.0
277.0,337.0
268.0,337.0
271.0,337.0
253.0,338.0
267.0,338.0
268.0,338.0
270.0,338.0
269.0,338.0
112.0,338.0
267.0,340.0
259.0,338.0
117.0,338.0
1011.0,340.0
270.0,323.0
270.0,335.0
268.0,336.0
269.0,336.0
267.0,337.0
175.0,337.0
269.0,339.0
268.0,338.0
179.0,338.0
268.0,340.0
272.0,338.0
269.0,338.0
268.0,338.0
262.0,338.0
268.0,338.0
270.0,338.0
1223.0,338.0
268.0,317.0
272.0,334.0
271.0,335.0
274.0,336.0
269.0,337.0
268.0,337.0
270.0,338.0
270.0,338.0
269.0,338.0
267.0,339.0
264.0,339.0
271.0,339.0
271.0,339.0
265.0,339.0
271.0,339.0
276.0,339.0
1202.0,339.0
157.0,326.0
111.0,337.0
267.0,346.0
272.0,339.0
272.0,340.0
470.0,341.0
268.0,341.0
257.0,340.0
268.0,341.0
271.0,350.0
278.0,342.0
271.0,342.0
273.0,342.0
271.0,341.0
347.0,348.0
1253.0,346.0
276.0,331.0
273.0,331.0
270.0,333.0
273.0,336.0
261.0,338.0
270.0,339.0
203.0,340.0
272.0,342.0
267.0,343.0
270.0,349.0
268.0,343.0
247.0,343.0
270.0,349.0
286.0,344.0
271.0,351.0
1229.0,346.0
209.0,327.0
271.0,335.0
277.0,344.0
272.0,343.0
272.0,344.0
273.0,347.0
273.0,343.0
270.0,343.0
266.0,351.0
273.0,349.0
271.0,352.0
272.0,345.0
366.0,345.0
189.0,354.0
340.0,347.0
253.0,351.0
1242.0,351.0
270.0,332.0
187.0,347.0
272.0,345.0
322.0,354.0
271.0,351.0
272.0,349.0
269.0,354.0
280.0,355.0
278.0,355.0
270.0,353.0
271.0,360.0
272.0,356.0
273.0,353.0
270.0,357.0
274.0,355.0
270.0,353.0
1229.0,358.0
212.0,329.0
266.0,347.0
254.0,350.0
271.0,350.0
274.0,352.0
222.0,352.0
258.0,352.0
271.0,354.0
269.0,354.0
270.0,354.0
272.0,355.0
270.0,355.0
100.0,355.0
269.0,360.0
78.0,354.0
518.0,363.0
1207.0,354.0
385.0,332.0
272.0,340.0
246.0,344.0
268.0,347.0
269.0,347.0
245.0,349.0
268.0,351.0
270.0,351.0
269.0,352.0
269.0,353.0
277.0,353.0
113.0,354.0
178.0,359.0
258.0,360.0
269.0,359.0
1247.0,359.0
274.0,332.0
270.0,343.0
415.0,348.0
271.0,346.0
208.0,349.0
267.0,352.0
173.0,353.0
271.0,354.0
273.0,354.0
269.0,355.0
270.0,355.0
271.0,352.0
271.0,353.0
271.0,353.0
259.0,352.0
1115.0,352.0
284.0,335.0
257.0,346.0
272.0,349.0
266.0,350.0
318.0,350.0
255.0,353.0
297.0,351.0
270.0,353.0
261.0,356.0
191.0,356.0
267.0,356.0
267.0,355.0
352.0,355.0
144.0,351.0
271.0,354.0
269.0,356.0
1203.0,352.0
409.0,328.0
270.0,337.0
