333.0
335.0
331.0
335.0
335.0
482.0
336.0
335.0
335.0
331.0
336.0
336.0
335.0
335.0
492.0
319.0
334.0
335.0
332.0
336.0
336.0
337.0
337.0
336.0
494.0
335.0
332.0
340.0
336.0
336.0
334.0
337.0
336.0
437.0
337.0
337.0
334.0
337.0
337.0
337.0
342.0
337.0
332.0
415.0
335.0
328.0
325.0
337.0
338.0
338.0
337.0
313.0
337.0
337.0
336.0
336.0
336.0
336.0
342.0
337.0
341.0
318.0
499.0
334.0
335.0
338.0
501.0
337.0
339.0
337.0
339.0
526.0
342.0
341.0
392.0
419.0
339.0
342.0
339.0
319.0
493.0
313.0
343.0
343.0
343.0
344.0
343.0
343.0
372.0
343.0
494.0
345.0
342.0
340.0
344.0
344.0
345.0
346.0
344.0
515.0
345.0
353.0
357.0
357.0
357.0
355.0
345.0
345.0
344.0
478.0
357.0
352.0
358.0
359.0
362.0
361.0
361.0
360.0
361.0
362.0
550.0
358.0
355.0
358.0
357.0
359.0
359.0
350.0
362.0
355.0
362.0
361.0
357.0
357.0
361.0
359.0
560.0
360.0
363.0
364.0
333.0
342.0
362.0
338.0
364.0
365.0
364.0
361.0
363.0
355.0
349.0
354.0
367.0
758.0
352.0
364.0
324.0
337.0
339.0
327.0
339.0
339.0
340.0
338.0
340.0
336.0
338.0
339.0
339.0
339.0
309.0
338.0
336.0
309.0
481.0
339.0
339.0
339.0
339.0
338.0
321.0
338.0
338.0
321.0
338.0
339.0
338.0
338.0
337.0
338.0
338.0
522.0
340.0
340.0
340.0
341.0
340.0
340.0
340.0
340.0
340.0
339.0
320.0
339.0
339.0
338.0
327.0
340.0
704.0
273.0
257.0
315.0
332.0
332.0
386.0
340.0
318.0
339.0
325.0
329.0
328.0
328.0
328.0
342.0
514.0
324.0
325.0
325.0
326.0
325.0
327.0
315.0
329.0
328.0
329.0
329.0
325.0
330.0
333.0
330.0
512.0
314.0
327.0
329.0
329.0
329.0
330.0
330.0
330.0
333.0
331.0
330.0
331.0
349.0
315.0
345.0
328.0
515.0
327.0
312.0
326.0
339.0
330.0
330.0
330.0
333.0
333.0
333.0
332.0
333.0
334.0
333.0
335.0
334.0
515.0
319.0
329.0
328.0
332.0
333.0
324.0
328.0
334.0
334.0
335.0
335.0
336.0
304.0
337.0
301.0
385.0
513.0
353.0
332.0
328.0
333.0
333.0
330.0
331.0
335.0
336.0
336.0
338.0
308.0
321.0
337.0
340.0
522.0
334.0
334.0
362.0
334.0
323.0
336.0
319.0
338.0
339.0
338.0
339.0
339.0
327.0
340.0
338.0
497.0
337.0
336.0
326.0
319.0
346.0
330.0
338.0
326.0
329.0
318.0
333.0
333.0
349.0
311.0
333.0
350.0
643.0
327.0
