Observation,Prediction
0.515688949523,856.5
0.524556616644,961.0
0.549795361528,862.08
0.509549795362,856.5
0.515688949523,873.0
0.480218281037,961.0
0.581855388813,769.5
0.56275579809,856.5
0.675989085948,858.193548387
0.761255115962,965.0
0.834242837653,1127.5
0.782401091405,1226.63636364
0.884038199181,1154.0
0.858117326057,1352.5
0.909276944065,1268.5
1.00477489768,1309.0
0.890859481583,1314.0
0.807639836289,1275.80952381
0.81446111869,1187.0
0.783083219645,1217.33333333
0.793997271487,1156.6
0.726466575716,1196.0
0.598226466576,1055.0
0.582537517053,851.0
0.515688949523,856.5
0.525238744884,961.0
0.551841746248,736.0
0.520463847203,848.625
0.517735334243,646.0
0.481582537517,895.0
0.587312414734,774.5
0.56412005457,870.818181818
0.681446111869,856.5
0.766712141883,1003.5
0.839017735334,1196.0
0.785811732606,1230.125
0.896316507503,1167.0
0.863574351978,1299.0
0.914051841746,1268.5
1.01091405184,1309.0
0.892905866303,1314.0
0.81241473397,1268.5
0.825375170532,1166.0
0.788540245566,1237.8
0.798090040928,1171.0
0.739427012278,1217.33333333
0.599590723056,1081.0
0.584583901774,856.5
0.519099590723,856.5
0.574351978172,895.0
0.552523874488,861.0
0.522510231924,856.5
0.517735334243,712.0
0.482946793997,895.0
0.591405184175,911.0
0.56548431105,856.5
0.682810368349,856.5
0.768758526603,1003.5
0.843110504775,1186.0
0.791268758527,1226.63636364
0.903819918145,1194.0
0.868349249659,1309.0
0.918144611187,1268.5
1.01773533424,1309.0
0.893587994543,1314.0
0.817189631651,1268.5
0.825375170532,1217.33333333
0.788540245566,1237.8
0.800136425648,1171.0
0.740791268759,1187.0
0.600954979536,1113.0
0.584583901774,856.5
0.522510231924,856.5
0.577762619372,712.0
0.553206002729,856.5
0.522510231924,856.5
0.519099590723,712.0
0.488403819918,895.0
0.62619372442,669.0
0.566166439291,1005.25
0.68826739427,856.5
0.770122783083,988.735294118
0.845156889495,1186.0
0.801500682128,1232.38235294
0.909276944065,1217.33333333
0.871077762619,1309.0
0.922237380628,1268.5
1.01909959072,1309.0
0.894270122783,1314.0
0.821964529332,1306.875
0.825375170532,1217.33333333
0.789222373806,1237.8
0.801500682128,1176.4
0.741473396999,1217.33333333
0.607776261937,1115.0
0.585266030014,909.0
0.523192360164,856.5
0.582537517053,858.181818182
0.56070941337,856.5
0.523192360164,856.5
0.523192360164,858.181818182
0.490450204638,858.181818182
0.635743519782,680.0
0.580491132333,965.0
0.693724420191,860.341463415
0.772169167804,1007.5
0.848567530696,1189.85714286
0.804229195089,1268.5
0.915416098226,1202.71428571
0.8758526603,1309.0
0.927012278308,1250.44117647
1.02319236016,1309.0
0.902455661664,1314.0
0.826057298772,1309.0
0.828785811733,1226.63636364
0.791950886767,1231.0
0.804911323329,1205.0
0.742837653479,1200.25
0.609822646658,1113.71428571
0.586630286494,900.6
0.526603001364,856.5
0.588676671214,736.0
0.56139154161,856.5
0.532060027285,857.971962617
0.523192360164,915.0
0.493178717599,858.181818182
0.639836289222,797.0
0.586630286494,965.0
0.701909959072,856.5
0.774897680764,997.2
0.854024556617,1136.05882353
0.818553888131,1262.0
0.920873124147,1217.33333333
0.878581173261,1309.0
0.933151432469,1268.5
1.02592087312,1309.0
0.905184174625,1314.0
0.830150068213,1309.0
0.830832196453,1234.80487805
0.799454297408,1217.33333333
0.806957708049,1217.33333333
0.743519781719,1187.0
0.613233287858,1093.0
0.590723055935,901.2
0.530695770805,856.5
0.598226466576,761.0
0.566166439291,851.0
0.534106412005,856.5
0.529331514325,808.75
0.495225102319,860.0
0.643246930423,893.0
0.592087312415,952.384615385
0.705320600273,909.0
0.780354706685,1007.5
0.860163710778,1167.0
0.829467939973,1268.5
0.93792633015,1226.63636364
0.883356070941,1309.0
0.93929058663,1352.5
1.02933151432,1309.0
0.916780354707,1314.0
0.845839017735,1309.0
0.836971350614,1237.8
0.802864938608,1250.0
0.81446111869,1221.0
0.74897680764,1217.33333333
0.621418826739,1116.85714286
0.592769440655,965.0
0.535470668486,856.5
0.600954979536,872.5
0.567530695771,856.5
0.537517053206,856.5
0.532742155525,839.941176471
0.49795361528,911.0
0.646657571623,893.0
0.592769440655,965.0
0.708049113233,856.5
0.800818553888,1007.5
0.864256480218,1217.33333333
0.842428376535,1268.5
0.942019099591,1220.53125
0.886084583902,1309.0
0.940654843111,1411.0
1.03547066849,1309.0
0.925648021828,1314.0
0.848567530696,1309.0
0.843792633015,1268.5
0.808321964529,1227.56666667
0.824010914052,1217.33333333
0.755798090041,1237.8
0.62278308322,1133.0
0.594133697135,998.0
0.537517053206,856.5
0.606412005457,839.941176471
0.570259208731,897.181818182
0.547748976808,856.5
0.534788540246,856.5
0.5,788.2
0.650068212824,727.0
0.597544338336,952.444444444
0.713506139154,850.0
0.809004092769,1024.0
0.866984993179,1217.33333333
0.849249658936,1268.5
0.952933151432,1268.5
0.892223738063,1309.0
0.945429740791,1268.5
1.04092769441,1309.0
0.933833560709,1314.0
0.860163710778,1309.0
0.847885402456,1268.5
0.81036834925,1268.5
0.826057298772,1171.0
0.759208731241,1226.63636364
0.632332878581,1127.5
0.596180081855,912.0
0.540245566166,856.5
0.610504774898,874.5
0.574351978172,898.235294118
0.548431105048,861.0
0.537517053206,856.5
0.50204638472,839.941176471
0.651432469304,680.0
0.600954979536,949.363636364
0.716234652115,856.5
0.81173260573,1007.5
0.868349249659,1176.4
0.855388813097,1268.5
0.976125511596,1262.0
0.893587994543,1309.0
0.950204638472,1268.5
1.04502046385,1309.0
0.93997271487,1314.0
0.860845839018,1309.0
0.848567530696,1268.5
0.81377899045,1268.5
0.826739427012,1217.33333333
0.766712141883,1221.0
0.635061391542,1196.0
0.596180081855,903.470588235
