Observation,Prediction
271.0,290.0
269.0,290.0
254.0,290.0
269.0,290.0
267.0,290.0
260.0,290.0
889.0,290.0
267.0,290.0
260.0,290.0
267.0,305.0
262.0,290.0
284.0,290.0
297.0,290.0
275.0,305.0
267.0,290.0
270.0,290.0
267.0,290.0
1255.0,290.0
272.0,290.0
256.0,290.0
268.0,290.0
261.0,290.0
268.0,290.0
265.0,290.0
215.0,290.0
276.0,290.0
267.0,290.0
269.0,305.0
267.0,290.0
270.0,290.0
272.0,305.0
258.0,305.0
271.0,290.0
1294.0,305.0
269.0,290.0
266.0,290.0
288.0,290.0
124.0,290.0
168.0,290.0
267.0,290.0
178.0,290.0
270.0,290.0
277.0,290.0
272.0,290.0
277.0,290.0
259.0,305.0
232.0,290.0
193.0,305.0
267.0,290.0
270.0,352.0
1238.0,290.0
269.0,296.0
267.0,290.0
195.0,290.0
259.0,290.0
273.0,290.0
205.0,290.0
270.0,290.0
270.0,290.0
277.0,290.0
268.0,290.0
271.0,290.0
253.0,290.0
267.0,290.0
268.0,290.0
270.0,290.0
269.0,290.0
112.0,290.0
267.0,290.0
259.0,290.0
117.0,290.0
1011.0,305.0
270.0,290.0
270.0,290.0
268.0,290.0
269.0,290.0
267.0,290.0
175.0,290.0
269.0,290.0
268.0,290.0
179.0,290.0
268.0,290.0
272.0,290.0
269.0,290.0
268.0,290.0
262.0,290.0
268.0,290.0
270.0,290.0
1223.0,290.0
268.0,290.0
272.0,290.0
271.0,290.0
274.0,290.0
269.0,290.0
268.0,290.0
270.0,290.0
270.0,290.0
269.0,290.0
267.0,290.0
264.0,290.0
271.0,428.0
271.0,290.0
265.0,290.0
271.0,290.0
276.0,343.0
1202.0,290.0
157.0,296.0
111.0,293.0
267.0,293.0
272.0,293.0
272.0,298.0
470.0,298.0
268.0,298.0
257.0,298.0
268.0,289.0
271.0,298.0
278.0,305.0
271.0,305.0
273.0,305.0
271.0,305.0
347.0,305.0
1253.0,305.0
276.0,305.0
273.0,305.0
270.0,305.0
273.0,305.0
261.0,305.0
270.0,305.0
203.0,305.0
272.0,305.0
267.0,305.0
270.0,305.0
268.0,305.0
247.0,305.0
270.0,305.0
286.0,305.0
271.0,305.0
1229.0,305.0
209.0,305.0
271.0,305.0
277.0,305.0
272.0,305.0
272.0,305.0
273.0,305.0
273.0,305.0
270.0,305.0
266.0,305.0
273.0,290.0
271.0,305.0
272.0,305.0
366.0,305.0
189.0,305.0
340.0,305.0
253.0,305.0
1242.0,305.0
270.0,305.0
187.0,305.0
272.0,305.0
322.0,305.0
271.0,305.0
272.0,305.0
269.0,305.0
280.0,305.0
278.0,305.0
270.0,305.0
271.0,305.0
272.0,305.0
273.0,305.0
270.0,305.0
274.0,305.0
270.0,305.0
1229.0,305.0
212.0,305.0
266.0,305.0
254.0,305.0
271.0,305.0
274.0,305.0
222.0,305.0
258.0,305.0
271.0,305.0
269.0,305.0
270.0,305.0
272.0,305.0
270.0,305.0
100.0,305.0
269.0,305.0
78.0,305.0
518.0,305.0
1207.0,305.0
385.0,305.0
272.0,305.0
246.0,305.0
268.0,305.0
269.0,305.0
245.0,305.0
268.0,305.0
270.0,289.0
269.0,305.0
269.0,305.0
277.0,305.0
113.0,305.0
178.0,305.0
258.0,305.0
269.0,305.0
1247.0,290.0
274.0,305.0
270.0,305.0
415.0,305.0
271.0,305.0
208.0,305.0
267.0,305.0
173.0,305.0
271.0,305.0
273.0,305.0
269.0,305.0
270.0,305.0
271.0,305.0
271.0,305.0
271.0,302.0
259.0,305.0
1115.0,305.0
284.0,305.0
257.0,305.0
272.0,290.0
266.0,297.0
318.0,288.0
255.0,305.0
297.0,305.0
270.0,293.0
261.0,294.0
191.0,298.0
267.0,313.0
267.0,293.0
352.0,307.0
144.0,307.0
271.0,298.0
269.0,297.0
1203.0,318.0
409.0,296.0
270.0,305.0
