Observation,Prediction
271.0,347.0
269.0,340.0
254.0,325.0
269.0,325.0
267.0,333.0
260.0,333.0
889.0,338.0
267.0,334.0
260.0,342.0
267.0,329.0
262.0,341.0
284.0,336.0
297.0,344.0
275.0,334.0
267.0,326.0
270.0,335.0
267.0,335.0
1255.0,329.0
272.0,517.0
256.0,337.0
268.0,318.0
261.0,324.0
268.0,337.0
265.0,344.0
215.0,334.0
276.0,338.0
267.0,337.0
269.0,338.0
267.0,336.0
270.0,334.0
272.0,338.0
258.0,335.0
271.0,332.0
1294.0,335.0
269.0,338.0
266.0,339.0
288.0,340.0
124.0,340.0
168.0,339.0
267.0,346.0
178.0,338.0
270.0,333.0
277.0,326.0
272.0,336.0
277.0,335.0
259.0,336.0
232.0,332.0
193.0,333.0
267.0,333.0
270.0,333.0
1238.0,332.0
269.0,333.0
267.0,335.0
195.0,338.0
259.0,335.0
273.0,329.0
205.0,335.0
270.0,335.0
270.0,335.0
277.0,335.0
268.0,335.0
271.0,321.0
253.0,342.0
267.0,327.0
268.0,342.0
270.0,334.0
269.0,332.0
112.0,331.0
267.0,330.0
259.0,332.0
117.0,330.0
1011.0,330.0
270.0,329.0
270.0,329.0
268.0,329.0
269.0,332.0
267.0,320.0
175.0,334.0
269.0,330.0
268.0,332.0
179.0,332.0
268.0,328.0
272.0,328.0
269.0,331.0
268.0,328.0
262.0,330.0
268.0,328.0
270.0,330.0
1223.0,324.0
268.0,330.0
272.0,329.0
271.0,330.0
274.0,333.0
269.0,332.0
268.0,330.0
270.0,332.0
270.0,330.0
269.0,329.0
267.0,329.0
264.0,331.0
271.0,331.0
271.0,329.0
265.0,327.0
271.0,329.0
276.0,327.0
1202.0,327.0
157.0,332.0
111.0,332.0
267.0,332.0
272.0,330.0
272.0,334.0
470.0,332.0
268.0,334.0
257.0,338.0
268.0,330.0
271.0,330.0
278.0,334.0
271.0,332.0
273.0,333.0
271.0,330.0
347.0,331.0
1253.0,332.0
276.0,334.0
273.0,333.0
270.0,335.0
273.0,333.0
261.0,334.0
270.0,334.0
203.0,336.0
272.0,332.0
267.0,335.0
270.0,331.0
268.0,330.0
247.0,326.0
270.0,329.0
286.0,334.0
271.0,334.0
1229.0,330.0
209.0,335.0
271.0,336.0
277.0,342.0
272.0,335.0
272.0,337.0
273.0,334.0
273.0,335.0
270.0,329.0
266.0,335.0
273.0,334.0
271.0,335.0
272.0,335.0
366.0,335.0
189.0,338.0
340.0,333.0
253.0,334.0
1242.0,333.0
270.0,387.0
187.0,337.0
272.0,335.0
322.0,340.0
271.0,339.0
272.0,338.0
269.0,337.0
280.0,334.0
278.0,338.0
270.0,336.0
271.0,337.0
272.0,337.0
273.0,339.0
270.0,332.0
274.0,337.0
270.0,338.0
1229.0,336.0
212.0,342.0
266.0,343.0
254.0,343.0
271.0,340.0
274.0,344.0
222.0,338.0
258.0,337.0
271.0,337.0
269.0,341.0
270.0,338.0
272.0,330.0
270.0,337.0
100.0,340.0
269.0,338.0
78.0,338.0
518.0,336.0
1207.0,330.0
385.0,342.0
272.0,343.0
246.0,335.0
268.0,341.0
269.0,332.0
245.0,332.0
268.0,329.0
270.0,333.0
269.0,329.0
269.0,336.0
277.0,333.0
113.0,329.0
178.0,293.0
258.0,335.0
269.0,322.0
1247.0,329.0
274.0,429.0
270.0,358.0
415.0,338.0
271.0,350.0
208.0,338.0
267.0,337.0
173.0,321.0
271.0,311.0
273.0,331.0
269.0,322.0
270.0,330.0
271.0,326.0
271.0,324.0
271.0,330.0
259.0,332.0
1115.0,318.0
284.0,486.0
257.0,339.0
272.0,347.0
266.0,333.0
318.0,328.0
255.0,340.0
297.0,333.0
270.0,336.0
261.0,336.0
191.0,331.0
267.0,330.0
267.0,328.0
352.0,323.0
144.0,330.0
271.0,315.0
269.0,324.0
1203.0,326.0
409.0,348.0
270.0,384.0
