Observation,Prediction
271.0,325.0
262.0,325.0
274.0,325.0
272.0,325.0
1023.0,325.0
273.0,317.0
269.0,326.0
266.0,326.0
247.0,327.0
270.0,327.0
272.0,327.0
269.0,327.0
269.0,327.0
1075.0,327.0
181.0,317.0
270.0,328.0
269.0,327.0
248.0,328.0
269.0,328.0
266.0,328.0
273.0,328.0
271.0,328.0
269.0,328.0
1080.0,327.0
263.0,317.0
252.0,328.0
288.0,328.0
267.0,328.0
268.0,328.0
257.0,328.0
271.0,328.0
268.0,328.0
784.0,328.0
267.0,321.0
268.0,328.0
261.0,328.0
269.0,328.0
267.0,328.0
267.0,328.0
294.0,328.0
270.0,328.0
241.0,328.0
670.0,328.0
256.0,323.0
222.0,328.0
229.0,329.0
268.0,329.0
271.0,328.0
273.0,328.0
270.0,328.0
145.0,328.0
268.0,330.0
273.0,328.0
267.0,328.0
267.0,328.0
266.0,328.0
267.0,328.0
299.0,328.0
269.0,327.0
293.0,327.0
172.0,327.0
1102.0,329.0
265.0,315.0
268.0,327.0
268.0,328.0
1118.0,328.0
273.0,315.0
267.0,329.0
260.0,330.0
267.0,330.0
1230.0,331.0
274.0,314.0
269.0,329.0
534.0,330.0
667.0,326.0
267.0,322.0
269.0,326.0
252.0,330.0
154.0,331.0
1051.0,333.0
114.0,316.0
269.0,331.0
271.0,329.0
268.0,330.0
273.0,331.0
270.0,331.0
268.0,332.0
419.0,332.0
270.0,328.0
1053.0,331.0
271.0,314.0
254.0,327.0
244.0,330.0
267.0,332.0
269.0,333.0
269.0,333.0
274.0,334.0
267.0,334.0
1153.0,334.0
268.0,313.0
254.0,328.0
271.0,331.0
271.0,333.0
269.0,334.0
254.0,335.0
269.0,336.0
267.0,336.0
260.0,336.0
889.0,336.0
267.0,321.0
260.0,331.0
267.0,334.0
262.0,335.0
284.0,336.0
297.0,336.0
275.0,336.0
267.0,337.0
270.0,338.0
267.0,338.0
1255.0,338.0
272.0,313.0
256.0,328.0
268.0,331.0
261.0,334.0
268.0,337.0
265.0,338.0
215.0,339.0
276.0,340.0
267.0,340.0
269.0,340.0
267.0,341.0
270.0,340.0
272.0,340.0
258.0,340.0
271.0,341.0
1294.0,341.0
269.0,312.0
266.0,328.0
288.0,333.0
124.0,336.0
168.0,342.0
267.0,344.0
178.0,343.0
270.0,345.0
277.0,344.0
272.0,343.0
277.0,343.0
259.0,342.0
232.0,343.0
193.0,345.0
267.0,346.0
270.0,345.0
1238.0,344.0
269.0,317.0
267.0,331.0
195.0,335.0
259.0,340.0
273.0,341.0
205.0,342.0
270.0,341.0
270.0,343.0
277.0,344.0
268.0,344.0
271.0,344.0
253.0,344.0
267.0,345.0
268.0,345.0
270.0,345.0
269.0,345.0
112.0,345.0
267.0,349.0
259.0,347.0
117.0,346.0
1011.0,350.0
270.0,327.0
270.0,336.0
268.0,340.0
269.0,342.0
267.0,343.0
175.0,344.0
269.0,348.0
268.0,348.0
179.0,347.0
268.0,350.0
272.0,348.0
269.0,348.0
268.0,348.0
262.0,347.0
268.0,348.0
270.0,347.0
1223.0,346.0
268.0,318.0
272.0,330.0
271.0,334.0
274.0,338.0
269.0,340.0
268.0,341.0
270.0,345.0
270.0,344.0
269.0,344.0
267.0,346.0
264.0,346.0
271.0,346.0
271.0,346.0
265.0,347.0
271.0,347.0
276.0,346.0
1202.0,347.0
157.0,319.0
111.0,333.0
267.0,343.0
272.0,344.0
272.0,347.0
470.0,345.0
268.0,340.0
257.0,344.0
268.0,344.0
271.0,347.0
278.0,349.0
271.0,346.0
273.0,347.0
271.0,349.0
347.0,348.0
1253.0,348.0
276.0,313.0
273.0,327.0
270.0,334.0
273.0,338.0
261.0,344.0
270.0,342.0
203.0,345.0
272.0,349.0
267.0,350.0
270.0,350.0
268.0,351.0
247.0,352.0
270.0,353.0
286.0,353.0
271.0,353.0
1229.0,353.0
209.0,320.0
271.0,334.0
277.0,338.0
272.0,342.0
272.0,345.0
273.0,346.0
273.0,348.0
270.0,350.0
266.0,351.0
273.0,353.0
271.0,353.0
272.0,355.0
366.0,355.0
189.0,352.0
340.0,356.0
253.0,354.0
1242.0,356.0
270.0,321.0
187.0,333.0
272.0,341.0
322.0,345.0
271.0,344.0
272.0,347.0
269.0,349.0
280.0,350.0
278.0,352.0
270.0,352.0
271.0,354.0
272.0,355.0
273.0,355.0
270.0,355.0
274.0,357.0
270.0,357.0
1229.0,358.0
212.0,322.0
266.0,333.0
254.0,338.0
271.0,343.0
274.0,346.0
222.0,348.0
258.0,352.0
271.0,354.0
269.0,354.0
270.0,360.0
272.0,356.0
270.0,356.0
100.0,358.0
269.0,363.0
78.0,361.0
518.0,367.0
1207.0,356.0
385.0,320.0
272.0,326.0
246.0,332.0
268.0,339.0
269.0,343.0
245.0,345.0
268.0,349.0
270.0,350.0
269.0,351.0
269.0,353.0
277.0,353.0
113.0,355.0
178.0,360.0
258.0,362.0
269.0,360.0
1247.0,360.0
274.0,314.0
270.0,324.0
415.0,331.0
271.0,331.0
208.0,336.0
267.0,347.0
173.0,350.0
271.0,351.0
273.0,352.0
269.0,350.0
270.0,351.0
271.0,351.0
271.0,352.0
271.0,356.0
259.0,353.0
1115.0,356.0
284.0,302.0
257.0,316.0
272.0,323.0
266.0,331.0
318.0,338.0
255.0,340.0
297.0,344.0
270.0,346.0
261.0,349.0
191.0,351.0
267.0,357.0
267.0,356.0
352.0,362.0
144.0,350.0
271.0,361.0
269.0,356.0
1203.0,357.0
409.0,299.0
270.0,306.0
