Observation,Prediction
271.0,259.0
262.0,271.0
274.0,262.0
272.0,274.0
1023.0,272.0
273.0,1023.0
269.0,273.0
266.0,269.0
247.0,266.0
270.0,247.0
272.0,270.0
269.0,272.0
269.0,269.0
1075.0,269.0
181.0,1075.0
270.0,181.0
269.0,270.0
248.0,269.0
269.0,248.0
266.0,269.0
273.0,266.0
271.0,273.0
269.0,271.0
1080.0,269.0
263.0,1080.0
252.0,263.0
288.0,252.0
267.0,288.0
268.0,267.0
257.0,268.0
271.0,257.0
268.0,271.0
784.0,268.0
267.0,784.0
268.0,267.0
261.0,268.0
269.0,261.0
267.0,269.0
267.0,267.0
294.0,267.0
270.0,294.0
241.0,270.0
670.0,241.0
256.0,670.0
222.0,256.0
229.0,222.0
268.0,229.0
271.0,268.0
273.0,271.0
270.0,273.0
145.0,270.0
268.0,145.0
273.0,268.0
267.0,273.0
267.0,267.0
266.0,267.0
267.0,266.0
299.0,267.0
269.0,299.0
293.0,269.0
172.0,293.0
1102.0,172.0
265.0,1102.0
268.0,265.0
268.0,268.0
1118.0,268.0
273.0,1118.0
267.0,273.0
260.0,267.0
267.0,260.0
1230.0,267.0
274.0,1230.0
269.0,274.0
534.0,269.0
667.0,534.0
267.0,667.0
269.0,267.0
252.0,269.0
154.0,252.0
1051.0,154.0
114.0,1051.0
269.0,114.0
271.0,269.0
268.0,271.0
273.0,268.0
270.0,273.0
268.0,270.0
419.0,268.0
270.0,419.0
1053.0,270.0
271.0,1053.0
254.0,271.0
244.0,254.0
267.0,244.0
269.0,267.0
269.0,269.0
274.0,269.0
267.0,274.0
1153.0,267.0
268.0,1153.0
254.0,268.0
271.0,254.0
271.0,271.0
269.0,271.0
254.0,269.0
269.0,254.0
267.0,269.0
260.0,267.0
889.0,260.0
267.0,889.0
260.0,267.0
267.0,260.0
262.0,267.0
284.0,262.0
297.0,284.0
275.0,297.0
267.0,275.0
270.0,267.0
267.0,270.0
1255.0,267.0
272.0,1255.0
256.0,272.0
268.0,256.0
261.0,268.0
268.0,261.0
265.0,268.0
215.0,265.0
276.0,215.0
267.0,276.0
269.0,267.0
267.0,269.0
270.0,267.0
272.0,270.0
258.0,272.0
271.0,258.0
1294.0,271.0
269.0,1294.0
266.0,269.0
288.0,266.0
124.0,288.0
168.0,124.0
267.0,168.0
178.0,267.0
270.0,178.0
277.0,270.0
272.0,277.0
277.0,272.0
259.0,277.0
232.0,259.0
193.0,232.0
267.0,193.0
270.0,267.0
1238.0,270.0
269.0,1238.0
267.0,269.0
195.0,267.0
259.0,195.0
273.0,259.0
205.0,273.0
270.0,205.0
270.0,270.0
277.0,270.0
268.0,277.0
271.0,268.0
253.0,271.0
267.0,253.0
268.0,267.0
270.0,268.0
269.0,270.0
112.0,269.0
267.0,112.0
259.0,267.0
117.0,259.0
1011.0,117.0
270.0,1011.0
270.0,270.0
268.0,270.0
269.0,268.0
267.0,269.0
175.0,267.0
269.0,175.0
268.0,269.0
179.0,268.0
268.0,179.0
272.0,268.0
269.0,272.0
268.0,269.0
262.0,268.0
268.0,262.0
270.0,268.0
1223.0,270.0
268.0,1223.0
272.0,268.0
271.0,272.0
274.0,271.0
269.0,274.0
268.0,269.0
270.0,268.0
270.0,270.0
269.0,270.0
267.0,269.0
264.0,267.0
271.0,264.0
271.0,271.0
265.0,271.0
271.0,265.0
276.0,271.0
1202.0,276.0
157.0,1202.0
111.0,157.0
267.0,111.0
272.0,267.0
272.0,272.0
470.0,272.0
268.0,470.0
257.0,268.0
268.0,257.0
271.0,268.0
278.0,271.0
271.0,278.0
273.0,271.0
271.0,273.0
347.0,271.0
1253.0,347.0
276.0,1253.0
273.0,276.0
270.0,273.0
273.0,270.0
261.0,273.0
270.0,261.0
203.0,270.0
272.0,203.0
267.0,272.0
270.0,267.0
268.0,270.0
247.0,268.0
270.0,247.0
286.0,270.0
271.0,286.0
1229.0,271.0
209.0,1229.0
271.0,209.0
277.0,271.0
272.0,277.0
272.0,272.0
273.0,272.0
273.0,273.0
270.0,273.0
266.0,270.0
273.0,266.0
271.0,273.0
272.0,271.0
366.0,272.0
189.0,366.0
340.0,189.0
253.0,340.0
1242.0,253.0
270.0,1242.0
187.0,270.0
272.0,187.0
322.0,272.0
271.0,322.0
272.0,271.0
269.0,272.0
280.0,269.0
278.0,280.0
270.0,278.0
271.0,270.0
272.0,271.0
273.0,272.0
270.0,273.0
274.0,270.0
270.0,274.0
1229.0,270.0
212.0,1229.0
266.0,212.0
254.0,266.0
271.0,254.0
274.0,271.0
222.0,274.0
258.0,222.0
271.0,258.0
269.0,271.0
270.0,269.0
272.0,270.0
270.0,272.0
100.0,270.0
269.0,100.0
78.0,269.0
518.0,78.0
1207.0,518.0
385.0,1207.0
272.0,385.0
246.0,272.0
268.0,246.0
269.0,268.0
245.0,269.0
268.0,245.0
270.0,268.0
269.0,270.0
269.0,269.0
277.0,269.0
113.0,277.0
178.0,113.0
258.0,178.0
269.0,258.0
1247.0,269.0
274.0,1247.0
270.0,274.0
415.0,270.0
271.0,415.0
208.0,271.0
267.0,208.0
173.0,267.0
271.0,173.0
273.0,271.0
269.0,273.0
270.0,269.0
271.0,270.0
271.0,271.0
271.0,271.0
259.0,271.0
1115.0,259.0
284.0,1115.0
257.0,284.0
272.0,257.0
266.0,272.0
318.0,266.0
255.0,318.0
297.0,255.0
270.0,297.0
261.0,270.0
191.0,261.0
267.0,191.0
267.0,267.0
352.0,267.0
144.0,352.0
271.0,144.0
269.0,271.0
1203.0,269.0
409.0,1203.0
270.0,409.0
