Observation,Prediction
271.0,331.0
269.0,317.0
254.0,330.0
269.0,324.0
267.0,325.0
260.0,322.0
889.0,323.0
267.0,394.0
260.0,352.0
267.0,330.0
262.0,330.0
284.0,322.0
297.0,328.0
275.0,328.0
267.0,321.0
270.0,316.0
267.0,319.0
1255.0,313.0
272.0,574.0
256.0,376.0
268.0,362.0
261.0,348.0
268.0,340.0
265.0,335.0
215.0,323.0
276.0,329.0
267.0,317.0
269.0,328.0
267.0,334.0
270.0,332.0
272.0,331.0
258.0,314.0
271.0,329.0
1294.0,331.0
269.0,347.0
266.0,330.0
288.0,341.0
124.0,340.0
168.0,313.0
267.0,326.0
178.0,333.0
270.0,328.0
277.0,329.0
272.0,330.0
277.0,329.0
259.0,328.0
232.0,326.0
193.0,326.0
267.0,325.0
270.0,331.0
1238.0,322.0
269.0,339.0
267.0,338.0
195.0,337.0
259.0,336.0
273.0,333.0
205.0,335.0
270.0,338.0
270.0,332.0
277.0,352.0
268.0,346.0
271.0,344.0
253.0,353.0
267.0,312.0
268.0,311.0
270.0,310.0
269.0,325.0
112.0,306.0
267.0,318.0
259.0,318.0
117.0,318.0
1011.0,337.0
270.0,343.0
270.0,334.0
268.0,332.0
269.0,332.0
267.0,329.0
175.0,329.0
269.0,324.0
268.0,328.0
179.0,325.0
268.0,341.0
272.0,333.0
269.0,335.0
268.0,327.0
262.0,321.0
268.0,317.0
270.0,298.0
1223.0,320.0
268.0,324.0
272.0,323.0
271.0,336.0
274.0,320.0
269.0,333.0
268.0,338.0
270.0,337.0
270.0,337.0
269.0,336.0
267.0,334.0
264.0,313.0
271.0,333.0
271.0,312.0
265.0,320.0
271.0,312.0
276.0,322.0
1202.0,330.0
157.0,343.0
111.0,339.0
267.0,341.0
272.0,336.0
272.0,318.0
470.0,334.0
268.0,318.0
257.0,337.0
268.0,334.0
271.0,336.0
278.0,327.0
271.0,334.0
273.0,326.0
271.0,325.0
347.0,334.0
1253.0,330.0
276.0,333.0
273.0,336.0
270.0,324.0
273.0,308.0
261.0,338.0
270.0,318.0
203.0,340.0
272.0,329.0
267.0,335.0
270.0,327.0
268.0,335.0
247.0,335.0
270.0,338.0
286.0,332.0
271.0,320.0
1229.0,319.0
209.0,335.0
271.0,334.0
277.0,331.0
272.0,341.0
272.0,339.0
273.0,339.0
273.0,338.0
270.0,337.0
266.0,337.0
273.0,330.0
271.0,336.0
272.0,338.0
366.0,329.0
189.0,334.0
340.0,322.0
253.0,324.0
1242.0,332.0
270.0,346.0
187.0,340.0
272.0,340.0
322.0,342.0
271.0,343.0
272.0,341.0
269.0,344.0
280.0,343.0
278.0,346.0
270.0,328.0
271.0,328.0
272.0,318.0
273.0,326.0
270.0,326.0
274.0,324.0
270.0,320.0
1229.0,333.0
212.0,349.0
266.0,348.0
254.0,348.0
271.0,337.0
274.0,340.0
222.0,339.0
258.0,323.0
271.0,333.0
269.0,330.0
270.0,334.0
272.0,334.0
270.0,331.0
100.0,336.0
269.0,328.0
78.0,321.0
518.0,323.0
1207.0,323.0
385.0,336.0
272.0,341.0
246.0,342.0
268.0,340.0
269.0,342.0
245.0,337.0
268.0,341.0
270.0,337.0
269.0,333.0
269.0,332.0
277.0,330.0
113.0,329.0
178.0,309.0
258.0,333.0
269.0,322.0
1247.0,314.0
274.0,344.0
270.0,366.0
415.0,345.0
271.0,372.0
208.0,338.0
267.0,337.0
173.0,326.0
271.0,333.0
273.0,330.0
269.0,323.0
270.0,328.0
271.0,323.0
271.0,323.0
271.0,319.0
259.0,322.0
1115.0,321.0
284.0,350.0
257.0,347.0
272.0,336.0
266.0,330.0
318.0,333.0
255.0,337.0
297.0,325.0
270.0,328.0
261.0,330.0
191.0,318.0
267.0,327.0
267.0,322.0
352.0,316.0
144.0,329.0
271.0,311.0
269.0,304.0
1203.0,304.0
409.0,411.0
270.0,363.0
