Observation,Prediction
271.0,343.0
269.0,343.0
254.0,343.0
269.0,344.0
267.0,342.0
260.0,340.0
889.0,339.0
267.0,339.0
260.0,338.0
267.0,338.0
262.0,338.0
284.0,338.0
297.0,338.0
275.0,338.0
267.0,338.0
270.0,338.0
267.0,338.0
1255.0,338.0
272.0,340.0
256.0,340.0
268.0,340.0
261.0,340.0
268.0,341.0
265.0,341.0
215.0,339.0
276.0,339.0
267.0,339.0
269.0,339.0
267.0,339.0
270.0,339.0
272.0,340.0
258.0,339.0
271.0,336.0
1294.0,336.0
269.0,338.0
266.0,338.0
288.0,339.0
124.0,339.0
168.0,338.0
267.0,338.0
178.0,338.0
270.0,338.0
277.0,338.0
272.0,338.0
277.0,338.0
259.0,338.0
232.0,338.0
193.0,338.0
267.0,338.0
270.0,338.0
1238.0,338.0
269.0,340.0
267.0,340.0
195.0,339.0
259.0,339.0
273.0,339.0
205.0,339.0
270.0,339.0
270.0,339.0
277.0,339.0
268.0,339.0
271.0,339.0
253.0,339.0
267.0,339.0
268.0,339.0
270.0,339.0
269.0,339.0
112.0,339.0
267.0,338.0
259.0,338.0
117.0,338.0
1011.0,338.0
270.0,339.0
270.0,339.0
268.0,339.0
269.0,339.0
267.0,339.0
175.0,339.0
269.0,339.0
268.0,339.0
179.0,339.0
268.0,339.0
272.0,339.0
269.0,339.0
268.0,339.0
262.0,339.0
268.0,339.0
270.0,339.0
1223.0,339.0
268.0,341.0
272.0,341.0
271.0,341.0
274.0,341.0
269.0,341.0
268.0,341.0
270.0,340.0
270.0,340.0
269.0,340.0
267.0,340.0
264.0,340.0
271.0,340.0
271.0,340.0
265.0,340.0
271.0,340.0
276.0,340.0
1202.0,340.0
157.0,342.0
111.0,342.0
267.0,342.0
272.0,341.0
272.0,341.0
470.0,341.0
268.0,342.0
257.0,342.0
268.0,342.0
271.0,341.0
278.0,341.0
271.0,341.0
273.0,341.0
271.0,341.0
347.0,341.0
1253.0,341.0
276.0,343.0
273.0,343.0
270.0,343.0
273.0,343.0
261.0,343.0
270.0,343.0
203.0,343.0
272.0,343.0
267.0,343.0
270.0,343.0
268.0,342.0
247.0,342.0
270.0,342.0
286.0,342.0
271.0,342.0
1229.0,342.0
209.0,344.0
271.0,344.0
277.0,344.0
272.0,344.0
272.0,343.0
273.0,343.0
273.0,343.0
270.0,343.0
266.0,343.0
273.0,343.0
271.0,343.0
272.0,343.0
366.0,343.0
189.0,343.0
340.0,343.0
253.0,343.0
1242.0,343.0
270.0,345.0
187.0,345.0
272.0,345.0
322.0,345.0
271.0,345.0
272.0,345.0
269.0,345.0
280.0,345.0
278.0,345.0
270.0,345.0
271.0,345.0
272.0,345.0
273.0,345.0
270.0,345.0
274.0,345.0
270.0,344.0
1229.0,344.0
212.0,346.0
266.0,346.0
254.0,346.0
271.0,346.0
274.0,346.0
222.0,346.0
258.0,346.0
271.0,346.0
269.0,346.0
270.0,346.0
272.0,346.0
270.0,346.0
100.0,346.0
269.0,346.0
78.0,346.0
518.0,345.0
1207.0,346.0
385.0,348.0
272.0,348.0
246.0,348.0
268.0,348.0
269.0,348.0
245.0,348.0
268.0,348.0
270.0,348.0
269.0,348.0
269.0,348.0
277.0,348.0
113.0,348.0
178.0,347.0
258.0,347.0
269.0,347.0
1247.0,347.0
274.0,349.0
270.0,349.0
415.0,349.0
271.0,349.0
208.0,349.0
267.0,349.0
173.0,349.0
271.0,350.0
273.0,349.0
269.0,347.0
270.0,347.0
271.0,347.0
271.0,347.0
271.0,347.0
259.0,347.0
1115.0,347.0
284.0,346.0
257.0,346.0
272.0,347.0
266.0,349.0
318.0,347.0
255.0,347.0
297.0,347.0
270.0,347.0
261.0,348.0
191.0,348.0
267.0,347.0
267.0,346.0
352.0,347.0
144.0,347.0
271.0,345.0
269.0,344.0
1203.0,344.0
409.0,338.0
270.0,339.0
