Observation,Prediction
271.0,336.0
262.0,334.0
274.0,336.0
272.0,336.0
1023.0,335.0
273.0,338.0
269.0,337.0
266.0,331.0
247.0,337.0
270.0,338.0
272.0,334.0
269.0,332.0
269.0,333.0
1075.0,338.0
181.0,338.0
270.0,336.0
269.0,332.0
248.0,334.0
269.0,342.0
266.0,338.0
273.0,341.0
271.0,342.0
269.0,338.0
1080.0,340.0
263.0,345.0
252.0,342.0
288.0,345.0
267.0,340.0
268.0,341.0
257.0,342.0
271.0,338.0
268.0,339.0
784.0,338.0
267.0,343.0
268.0,344.0
261.0,340.0
269.0,343.0
267.0,342.0
267.0,340.0
294.0,342.0
270.0,344.0
241.0,336.0
670.0,333.0
256.0,339.0
222.0,343.0
229.0,341.0
268.0,340.0
271.0,342.0
273.0,340.0
270.0,341.0
145.0,340.0
268.0,339.0
273.0,339.0
267.0,342.0
267.0,339.0
266.0,337.0
267.0,339.0
299.0,339.0
269.0,339.0
293.0,341.0
172.0,340.0
1102.0,330.0
265.0,337.0
268.0,330.0
268.0,330.0
1118.0,328.0
273.0,412.0
267.0,329.0
260.0,325.0
267.0,337.0
1230.0,326.0
274.0,326.0
269.0,344.0
534.0,318.0
667.0,346.0
267.0,339.0
269.0,339.0
252.0,342.0
154.0,327.0
1051.0,339.0
114.0,329.0
269.0,342.0
271.0,343.0
268.0,341.0
273.0,340.0
270.0,340.0
268.0,330.0
419.0,338.0
270.0,340.0
1053.0,324.0
271.0,345.0
254.0,333.0
244.0,353.0
267.0,353.0
269.0,340.0
269.0,340.0
274.0,336.0
267.0,337.0
1153.0,341.0
268.0,418.0
254.0,336.0
271.0,336.0
271.0,335.0
269.0,336.0
254.0,341.0
269.0,331.0
267.0,329.0
260.0,335.0
889.0,336.0
267.0,344.0
260.0,355.0
267.0,345.0
262.0,343.0
284.0,343.0
297.0,337.0
275.0,343.0
267.0,343.0
270.0,343.0
267.0,343.0
1255.0,344.0
272.0,348.0
256.0,345.0
268.0,345.0
261.0,345.0
268.0,353.0
265.0,344.0
215.0,344.0
276.0,340.0
267.0,341.0
269.0,350.0
267.0,341.0
270.0,342.0
272.0,342.0
258.0,344.0
271.0,344.0
1294.0,344.0
269.0,346.0
266.0,346.0
288.0,346.0
124.0,346.0
168.0,344.0
267.0,346.0
178.0,346.0
270.0,345.0
277.0,345.0
272.0,345.0
277.0,345.0
259.0,345.0
232.0,345.0
193.0,346.0
267.0,345.0
270.0,345.0
1238.0,345.0
269.0,347.0
267.0,347.0
195.0,346.0
259.0,347.0
273.0,347.0
205.0,341.0
270.0,346.0
270.0,365.0
277.0,347.0
268.0,347.0
271.0,346.0
253.0,346.0
267.0,346.0
268.0,344.0
270.0,346.0
269.0,347.0
112.0,347.0
267.0,343.0
259.0,349.0
117.0,344.0
1011.0,338.0
270.0,350.0
270.0,346.0
268.0,337.0
269.0,348.0
267.0,335.0
175.0,348.0
269.0,344.0
268.0,348.0
179.0,346.0
268.0,346.0
272.0,346.0
269.0,345.0
268.0,346.0
262.0,334.0
268.0,343.0
270.0,342.0
1223.0,343.0
268.0,335.0
272.0,334.0
271.0,345.0
274.0,337.0
269.0,343.0
268.0,344.0
270.0,341.0
270.0,343.0
269.0,342.0
267.0,340.0
264.0,346.0
271.0,329.0
271.0,342.0
265.0,338.0
271.0,344.0
276.0,344.0
1202.0,333.0
157.0,350.0
111.0,348.0
267.0,348.0
272.0,350.0
272.0,344.0
470.0,344.0
268.0,346.0
257.0,345.0
268.0,345.0
271.0,343.0
278.0,345.0
271.0,344.0
273.0,338.0
271.0,338.0
347.0,346.0
1253.0,346.0
276.0,352.0
273.0,346.0
270.0,351.0
273.0,351.0
261.0,352.0
270.0,350.0
203.0,347.0
272.0,342.0
267.0,350.0
270.0,343.0
268.0,350.0
247.0,349.0
270.0,348.0
286.0,348.0
271.0,348.0
1229.0,348.0
209.0,352.0
271.0,352.0
277.0,345.0
272.0,349.0
272.0,352.0
273.0,352.0
273.0,351.0
270.0,352.0
266.0,352.0
273.0,351.0
271.0,351.0
272.0,348.0
366.0,350.0
189.0,354.0
340.0,343.0
253.0,344.0
1242.0,350.0
270.0,356.0
187.0,352.0
272.0,349.0
322.0,346.0
271.0,347.0
272.0,354.0
269.0,354.0
280.0,354.0
278.0,353.0
270.0,354.0
271.0,352.0
272.0,348.0
273.0,339.0
270.0,346.0
274.0,345.0
270.0,347.0
1229.0,331.0
212.0,446.0
266.0,352.0
254.0,341.0
271.0,330.0
274.0,344.0
222.0,344.0
258.0,336.0
271.0,342.0
269.0,334.0
270.0,328.0
272.0,337.0
270.0,339.0
100.0,331.0
269.0,322.0
78.0,346.0
518.0,339.0
1207.0,342.0
385.0,351.0
272.0,357.0
246.0,354.0
268.0,347.0
269.0,348.0
245.0,347.0
268.0,346.0
270.0,348.0
269.0,344.0
269.0,350.0
277.0,341.0
113.0,340.0
178.0,327.0
258.0,342.0
269.0,346.0
1247.0,336.0
274.0,442.0
270.0,348.0
415.0,340.0
271.0,348.0
208.0,336.0
267.0,337.0
173.0,340.0
271.0,339.0
273.0,323.0
269.0,331.0
270.0,333.0
271.0,326.0
271.0,333.0
271.0,326.0
259.0,337.0
1115.0,318.0
284.0,341.0
257.0,352.0
272.0,329.0
266.0,326.0
318.0,332.0
255.0,333.0
297.0,324.0
270.0,324.0
261.0,332.0
191.0,324.0
267.0,322.0
267.0,325.0
352.0,326.0
144.0,333.0
271.0,333.0
269.0,328.0
1203.0,327.0
409.0,405.0
270.0,342.0
