Observation,Prediction
271.0,337.0
269.0,337.0
254.0,367.0
269.0,331.0
267.0,367.0
260.0,367.0
889.0,331.0
267.0,297.0
260.0,367.0
267.0,300.0
262.0,367.0
284.0,331.0
297.0,294.0
275.0,312.0
267.0,302.0
270.0,367.0
267.0,361.0
1255.0,367.0
272.0,297.0
256.0,340.0
268.0,331.0
261.0,367.0
268.0,331.0
265.0,367.0
215.0,331.0
276.0,356.0
267.0,302.0
269.0,323.0
267.0,367.0
270.0,367.0
272.0,350.0
258.0,350.0
271.0,331.0
1294.0,347.0
269.0,297.0
266.0,367.0
288.0,331.0
124.0,294.0
168.0,356.0
267.0,356.0
178.0,367.0
270.0,356.0
277.0,361.0
272.0,302.0
277.0,340.0
259.0,373.0
232.0,331.0
193.0,359.0
267.0,356.0
270.0,303.0
1238.0,361.0
269.0,297.0
267.0,367.0
195.0,367.0
259.0,364.0
273.0,334.0
205.0,309.0
270.0,364.0
270.0,361.0
277.0,361.0
268.0,302.0
271.0,370.0
253.0,337.0
267.0,334.0
268.0,370.0
270.0,370.0
269.0,361.0
112.0,370.0
267.0,364.0
259.0,370.0
117.0,334.0
1011.0,359.0
270.0,297.0
270.0,361.0
268.0,361.0
269.0,370.0
267.0,370.0
175.0,370.0
269.0,364.0
268.0,370.0
179.0,370.0
268.0,364.0
272.0,370.0
269.0,340.0
268.0,370.0
262.0,370.0
268.0,334.0
270.0,370.0
1223.0,361.0
268.0,297.0
272.0,370.0
271.0,340.0
274.0,337.0
269.0,302.0
268.0,370.0
270.0,370.0
270.0,361.0
269.0,361.0
267.0,370.0
264.0,370.0
271.0,346.0
271.0,337.0
265.0,337.0
271.0,334.0
276.0,333.0
1202.0,302.0
157.0,297.0
111.0,346.0
267.0,346.0
272.0,346.0
272.0,338.0
470.0,338.0
268.0,308.0
257.0,303.0
268.0,346.0
271.0,303.0
278.0,338.0
271.0,376.0
273.0,371.0
271.0,380.0
347.0,371.0
1253.0,309.0
276.0,299.0
273.0,336.0
270.0,336.0
273.0,379.0
261.0,336.0
270.0,293.0
203.0,379.0
272.0,314.0
267.0,370.0
270.0,335.0
268.0,379.0
247.0,343.0
270.0,310.0
286.0,379.0
271.0,309.0
1229.0,371.0
209.0,299.0
271.0,314.0
277.0,328.0
272.0,382.0
272.0,369.0
273.0,369.0
273.0,386.0
270.0,386.0
266.0,371.0
273.0,302.0
271.0,380.0
272.0,371.0
366.0,370.0
189.0,309.0
340.0,314.0
253.0,309.0
1242.0,293.0
270.0,296.0
187.0,371.0
272.0,314.0
322.0,349.0
271.0,315.0
272.0,370.0
269.0,369.0
280.0,336.0
278.0,382.0
270.0,382.0
271.0,371.0
272.0,370.0
273.0,369.0
270.0,386.0
274.0,371.0
270.0,382.0
1229.0,371.0
212.0,296.0
266.0,345.0
254.0,293.0
271.0,293.0
274.0,360.0
222.0,369.0
258.0,314.0
271.0,291.0
269.0,360.0
270.0,332.0
272.0,361.0
270.0,369.0
100.0,361.0
269.0,317.0
78.0,332.0
518.0,346.0
1207.0,318.0
385.0,300.0
272.0,297.0
246.0,337.0
268.0,338.0
269.0,354.0
245.0,354.0
268.0,338.0
270.0,300.0
269.0,361.0
269.0,354.0
277.0,354.0
113.0,336.0
178.0,346.0
258.0,345.0
269.0,313.0
1247.0,342.0
274.0,300.0
270.0,305.0
415.0,361.0
271.0,300.0
208.0,333.0
267.0,346.0
173.0,345.0
271.0,346.0
273.0,333.0
269.0,316.0
270.0,354.0
271.0,361.0
271.0,333.0
271.0,338.0
259.0,333.0
1115.0,312.0
284.0,297.0
257.0,294.0
272.0,302.0
266.0,336.0
318.0,315.0
255.0,294.0
297.0,307.0
270.0,306.0
261.0,384.0
191.0,297.0
267.0,303.0
267.0,297.0
352.0,297.0
144.0,306.0
271.0,303.0
269.0,331.0
1203.0,305.0
409.0,327.0
270.0,324.0
