Observation,Prediction
271.0,348.0
269.0,361.0
254.0,346.0
269.0,347.0
267.0,335.0
260.0,338.0
889.0,329.0
267.0,340.0
260.0,342.0
267.0,343.0
262.0,343.0
284.0,346.0
297.0,338.0
275.0,334.0
267.0,342.0
270.0,332.0
267.0,332.0
1255.0,328.0
272.0,355.0
256.0,353.0
268.0,352.0
261.0,350.0
268.0,342.0
265.0,354.0
215.0,339.0
276.0,327.0
267.0,331.0
269.0,337.0
267.0,339.0
270.0,339.0
272.0,337.0
258.0,329.0
271.0,338.0
1294.0,334.0
269.0,344.0
266.0,337.0
288.0,343.0
124.0,338.0
168.0,318.0
267.0,338.0
178.0,332.0
270.0,321.0
277.0,343.0
272.0,337.0
277.0,335.0
259.0,335.0
232.0,324.0
193.0,320.0
267.0,343.0
270.0,333.0
1238.0,343.0
269.0,346.0
267.0,340.0
195.0,343.0
259.0,341.0
273.0,345.0
205.0,340.0
270.0,338.0
270.0,338.0
277.0,340.0
268.0,346.0
271.0,347.0
253.0,332.0
267.0,347.0
268.0,339.0
270.0,335.0
269.0,346.0
112.0,346.0
267.0,323.0
259.0,345.0
117.0,345.0
1011.0,344.0
270.0,348.0
270.0,346.0
268.0,344.0
269.0,345.0
267.0,344.0
175.0,344.0
269.0,342.0
268.0,342.0
179.0,335.0
268.0,321.0
272.0,340.0
269.0,334.0
268.0,338.0
262.0,340.0
268.0,336.0
270.0,333.0
1223.0,328.0
268.0,336.0
272.0,332.0
271.0,338.0
274.0,348.0
269.0,339.0
268.0,335.0
270.0,342.0
270.0,339.0
269.0,338.0
267.0,333.0
264.0,338.0
271.0,332.0
271.0,339.0
265.0,330.0
271.0,331.0
276.0,331.0
1202.0,331.0
157.0,341.0
111.0,343.0
267.0,342.0
272.0,342.0
272.0,333.0
470.0,332.0
268.0,333.0
257.0,333.0
268.0,340.0
271.0,333.0
278.0,323.0
271.0,328.0
273.0,321.0
271.0,335.0
347.0,341.0
1253.0,337.0
276.0,349.0
273.0,347.0
270.0,341.0
273.0,341.0
261.0,335.0
270.0,337.0
203.0,347.0
272.0,334.0
267.0,340.0
270.0,331.0
268.0,334.0
247.0,341.0
270.0,335.0
286.0,340.0
271.0,341.0
1229.0,342.0
209.0,350.0
271.0,347.0
277.0,336.0
272.0,341.0
272.0,339.0
273.0,346.0
273.0,340.0
270.0,346.0
266.0,344.0
273.0,342.0
271.0,336.0
272.0,345.0
366.0,344.0
189.0,341.0
340.0,338.0
253.0,344.0
1242.0,344.0
270.0,345.0
187.0,342.0
272.0,343.0
322.0,340.0
271.0,345.0
272.0,336.0
269.0,342.0
280.0,340.0
278.0,346.0
270.0,342.0
271.0,340.0
272.0,340.0
273.0,340.0
270.0,335.0
274.0,339.0
270.0,339.0
1229.0,340.0
212.0,346.0
266.0,346.0
254.0,350.0
271.0,344.0
274.0,345.0
222.0,339.0
258.0,335.0
271.0,337.0
269.0,337.0
270.0,336.0
272.0,336.0
270.0,332.0
100.0,344.0
269.0,321.0
78.0,336.0
518.0,318.0
1207.0,350.0
385.0,426.0
272.0,346.0
246.0,347.0
268.0,346.0
269.0,344.0
245.0,345.0
268.0,345.0
270.0,344.0
269.0,343.0
269.0,342.0
277.0,340.0
113.0,342.0
178.0,342.0
258.0,341.0
269.0,340.0
1247.0,340.0
274.0,347.0
270.0,347.0
415.0,346.0
271.0,346.0
208.0,342.0
267.0,342.0
173.0,344.0
271.0,341.0
273.0,333.0
269.0,340.0
270.0,340.0
271.0,337.0
271.0,337.0
271.0,334.0
259.0,332.0
1115.0,344.0
284.0,403.0
257.0,344.0
272.0,346.0
266.0,340.0
318.0,342.0
255.0,339.0
297.0,345.0
270.0,333.0
261.0,343.0
191.0,333.0
267.0,314.0
267.0,330.0
352.0,322.0
144.0,339.0
271.0,340.0
269.0,330.0
1203.0,326.0
409.0,346.0
270.0,368.0
