Observation,Prediction
271.0,312.0
269.0,312.0
254.0,291.0
269.0,279.0
267.0,291.0
260.0,288.0
889.0,290.0
267.0,331.0
260.0,288.0
267.0,290.0
262.0,288.0
284.0,313.0
297.0,311.0
275.0,297.0
267.0,308.0
270.0,288.0
267.0,308.0
1255.0,288.0
272.0,331.0
256.0,305.0
268.0,294.0
261.0,288.0
268.0,295.0
265.0,288.0
215.0,278.0
276.0,273.0
267.0,301.0
269.0,288.0
267.0,291.0
270.0,288.0
272.0,308.0
258.0,305.0
271.0,252.0
1294.0,312.0
269.0,331.0
266.0,291.0
288.0,278.0
124.0,311.0
168.0,235.0
267.0,235.0
178.0,288.0
270.0,235.0
277.0,308.0
272.0,282.0
277.0,305.0
259.0,282.0
232.0,290.0
193.0,273.0
267.0,235.0
270.0,288.0
1238.0,308.0
269.0,331.0
267.0,291.0
195.0,288.0
259.0,273.0
273.0,290.0
205.0,299.0
270.0,273.0
270.0,308.0
277.0,308.0
268.0,282.0
271.0,288.0
253.0,312.0
267.0,298.0
268.0,288.0
270.0,288.0
269.0,308.0
112.0,291.0
267.0,235.0
259.0,288.0
117.0,290.0
1011.0,235.0
270.0,331.0
270.0,308.0
268.0,308.0
269.0,288.0
267.0,291.0
175.0,288.0
269.0,235.0
268.0,291.0
179.0,288.0
268.0,235.0
272.0,288.0
269.0,305.0
268.0,291.0
262.0,288.0
268.0,313.0
270.0,288.0
1223.0,308.0
268.0,331.0
272.0,288.0
271.0,305.0
274.0,312.0
269.0,300.0
268.0,291.0
270.0,288.0
270.0,308.0
269.0,308.0
267.0,291.0
264.0,288.0
271.0,278.0
271.0,312.0
265.0,312.0
271.0,278.0
276.0,312.0
1202.0,301.0
157.0,331.0
111.0,235.0
267.0,235.0
272.0,288.0
272.0,305.0
470.0,305.0
268.0,270.0
257.0,288.0
268.0,283.0
271.0,288.0
278.0,312.0
271.0,293.0
273.0,312.0
271.0,299.0
347.0,312.0
1253.0,312.0
276.0,331.0
273.0,301.0
270.0,299.0
273.0,308.0
261.0,299.0
270.0,295.0
203.0,308.0
272.0,273.0
267.0,305.0
270.0,288.0
268.0,308.0
247.0,288.0
270.0,254.0
286.0,308.0
271.0,311.0
1229.0,312.0
209.0,331.0
271.0,273.0
277.0,312.0
272.0,282.0
272.0,305.0
273.0,305.0
273.0,299.0
270.0,299.0
266.0,308.0
273.0,278.0
271.0,299.0
272.0,312.0
366.0,305.0
189.0,284.0
340.0,235.0
253.0,312.0
1242.0,298.0
270.0,331.0
187.0,308.0
272.0,235.0
322.0,305.0
271.0,298.0
272.0,312.0
269.0,305.0
280.0,291.0
278.0,280.0
270.0,293.0
271.0,308.0
272.0,312.0
273.0,305.0
270.0,299.0
274.0,308.0
270.0,300.0
1229.0,308.0
212.0,331.0
266.0,273.0
254.0,278.0
271.0,279.0
274.0,312.0
222.0,300.0
258.0,273.0
271.0,252.0
269.0,312.0
270.0,291.0
272.0,308.0
270.0,305.0
100.0,308.0
269.0,235.0
78.0,291.0
518.0,235.0
1207.0,270.0
385.0,331.0
272.0,300.0
246.0,305.0
268.0,254.0
269.0,288.0
245.0,291.0
268.0,254.0
270.0,288.0
269.0,308.0
269.0,291.0
277.0,291.0
113.0,282.0
178.0,235.0
258.0,235.0
269.0,252.0
1247.0,291.0
274.0,331.0
270.0,300.0
415.0,308.0
271.0,300.0
208.0,312.0
267.0,273.0
173.0,288.0
271.0,235.0
273.0,312.0
269.0,299.0
270.0,291.0
271.0,308.0
271.0,312.0
271.0,312.0
259.0,312.0
1115.0,290.0
284.0,331.0
257.0,311.0
272.0,283.0
266.0,305.0
318.0,278.0
255.0,298.0
297.0,279.0
270.0,297.0
261.0,308.0
191.0,295.0
267.0,235.0
267.0,288.0
352.0,288.0
144.0,297.0
271.0,235.0
269.0,312.0
1203.0,291.0
409.0,331.0
270.0,300.0
