Observation,Prediction
271.0,287.0
269.0,287.0
254.0,283.0
269.0,281.0
267.0,283.0
260.0,282.0
889.0,283.0
267.0,291.0
260.0,282.0
267.0,293.0
262.0,282.0
284.0,287.0
297.0,287.0
275.0,294.0
267.0,286.0
270.0,282.0
267.0,286.0
1255.0,282.0
272.0,291.0
256.0,286.0
268.0,284.0
261.0,282.0
268.0,284.0
265.0,282.0
215.0,280.0
276.0,279.0
267.0,285.0
269.0,294.0
267.0,283.0
270.0,282.0
272.0,298.0
258.0,297.0
271.0,275.0
1294.0,299.0
269.0,291.0
266.0,283.0
288.0,280.0
124.0,287.0
168.0,272.0
267.0,272.0
178.0,282.0
270.0,272.0
277.0,286.0
272.0,281.0
277.0,286.0
259.0,291.0
232.0,283.0
193.0,288.0
267.0,272.0
270.0,296.0
1238.0,286.0
269.0,297.0
267.0,283.0
195.0,282.0
259.0,279.0
273.0,283.0
205.0,285.0
270.0,279.0
270.0,286.0
277.0,286.0
268.0,281.0
271.0,282.0
253.0,287.0
267.0,284.0
268.0,282.0
270.0,282.0
269.0,286.0
112.0,283.0
267.0,272.0
259.0,282.0
117.0,283.0
1011.0,280.0
270.0,291.0
270.0,286.0
268.0,286.0
269.0,282.0
267.0,283.0
175.0,282.0
269.0,272.0
268.0,283.0
179.0,282.0
268.0,272.0
272.0,282.0
269.0,286.0
268.0,283.0
262.0,282.0
268.0,287.0
270.0,282.0
1223.0,286.0
268.0,291.0
272.0,282.0
271.0,286.0
274.0,287.0
269.0,285.0
268.0,283.0
270.0,282.0
270.0,286.0
269.0,286.0
267.0,283.0
264.0,282.0
271.0,294.0
271.0,287.0
265.0,287.0
271.0,280.0
276.0,298.0
1202.0,285.0
157.0,297.0
111.0,277.0
267.0,277.0
272.0,288.0
272.0,300.0
470.0,298.0
268.0,287.0
257.0,292.0
268.0,288.0
271.0,288.0
278.0,299.0
271.0,295.0
273.0,299.0
271.0,296.0
347.0,299.0
1253.0,299.0
276.0,322.0
273.0,297.0
270.0,294.0
273.0,298.0
261.0,296.0
270.0,295.0
203.0,298.0
272.0,291.0
267.0,297.0
270.0,294.0
268.0,298.0
247.0,294.0
270.0,290.0
286.0,298.0
271.0,299.0
1229.0,299.0
209.0,315.0
271.0,296.0
277.0,302.0
272.0,296.0
272.0,300.0
273.0,300.0
273.0,299.0
270.0,299.0
266.0,296.0
273.0,280.0
271.0,299.0
272.0,302.0
366.0,300.0
189.0,296.0
340.0,286.0
253.0,302.0
1242.0,299.0
270.0,301.0
187.0,296.0
272.0,282.0
322.0,298.0
271.0,299.0
272.0,297.0
269.0,296.0
280.0,293.0
278.0,291.0
270.0,293.0
271.0,295.0
272.0,297.0
273.0,296.0
270.0,294.0
274.0,296.0
270.0,295.0
1229.0,296.0
212.0,307.0
266.0,288.0
254.0,290.0
271.0,290.0
274.0,297.0
222.0,295.0
258.0,289.0
271.0,287.0
269.0,297.0
270.0,293.0
272.0,296.0
270.0,296.0
100.0,296.0
269.0,282.0
78.0,293.0
518.0,282.0
1207.0,289.0
385.0,308.0
272.0,295.0
246.0,294.0
268.0,285.0
269.0,292.0
245.0,293.0
268.0,285.0
270.0,288.0
269.0,296.0
269.0,293.0
277.0,293.0
113.0,291.0
178.0,282.0
258.0,282.0
269.0,285.0
1247.0,284.0
274.0,297.0
270.0,293.0
415.0,295.0
271.0,293.0
208.0,296.0
267.0,288.0
173.0,291.0
271.0,280.0
273.0,296.0
269.0,293.0
270.0,291.0
271.0,295.0
271.0,296.0
271.0,298.0
259.0,296.0
1115.0,291.0
284.0,306.0
257.0,295.0
272.0,281.0
266.0,294.0
318.0,287.0
255.0,293.0
297.0,292.0
270.0,292.0
261.0,295.0
191.0,294.0
267.0,282.0
267.0,291.0
352.0,298.0
144.0,300.0
271.0,281.0
269.0,296.0
1203.0,294.0
409.0,294.0
270.0,304.0
