Observation,Prediction
271.0,336.0
269.0,338.0
254.0,338.0
269.0,339.0
267.0,339.0
260.0,338.0
889.0,336.0
267.0,325.0
260.0,335.0
267.0,336.0
262.0,336.0
284.0,336.0
297.0,337.0
275.0,337.0
267.0,336.0
270.0,331.0
267.0,335.0
1255.0,335.0
272.0,315.0
256.0,332.0
268.0,334.0
261.0,336.0
268.0,336.0
265.0,336.0
215.0,335.0
276.0,337.0
267.0,336.0
269.0,336.0
267.0,336.0
270.0,336.0
272.0,336.0
258.0,336.0
271.0,336.0
1294.0,335.0
269.0,318.0
266.0,331.0
288.0,334.0
124.0,334.0
168.0,338.0
267.0,338.0
178.0,337.0
270.0,338.0
277.0,336.0
272.0,336.0
277.0,336.0
259.0,336.0
232.0,336.0
193.0,337.0
267.0,337.0
270.0,336.0
1238.0,336.0
269.0,319.0
267.0,332.0
195.0,334.0
259.0,337.0
273.0,337.0
205.0,337.0
270.0,338.0
270.0,337.0
277.0,337.0
268.0,337.0
271.0,337.0
253.0,338.0
267.0,339.0
268.0,337.0
270.0,337.0
269.0,337.0
112.0,337.0
267.0,340.0
259.0,338.0
117.0,338.0
1011.0,340.0
270.0,322.0
270.0,334.0
268.0,336.0
269.0,336.0
267.0,337.0
175.0,337.0
269.0,340.0
268.0,338.0
179.0,338.0
268.0,340.0
272.0,338.0
269.0,338.0
268.0,338.0
262.0,337.0
268.0,337.0
270.0,338.0
1223.0,338.0
268.0,319.0
272.0,334.0
271.0,336.0
274.0,337.0
269.0,338.0
268.0,338.0
270.0,338.0
270.0,339.0
269.0,339.0
267.0,339.0
264.0,339.0
271.0,339.0
271.0,339.0
265.0,339.0
271.0,339.0
276.0,339.0
1202.0,339.0
157.0,324.0
111.0,338.0
267.0,341.0
272.0,339.0
272.0,340.0
470.0,340.0
268.0,340.0
257.0,339.0
268.0,340.0
271.0,340.0
278.0,340.0
271.0,340.0
273.0,340.0
271.0,340.0
347.0,340.0
1253.0,339.0
276.0,325.0
273.0,335.0
270.0,337.0
273.0,339.0
261.0,340.0
270.0,341.0
203.0,341.0
272.0,343.0
267.0,342.0
270.0,343.0
268.0,342.0
247.0,342.0
270.0,342.0
286.0,342.0
271.0,342.0
1229.0,342.0
209.0,324.0
271.0,338.0
277.0,339.0
272.0,340.0
272.0,341.0
273.0,341.0
273.0,342.0
270.0,342.0
266.0,342.0
273.0,342.0
271.0,342.0
272.0,342.0
366.0,342.0
189.0,340.0
340.0,344.0
253.0,342.0
1242.0,342.0
270.0,328.0
187.0,337.0
272.0,341.0
322.0,341.0
271.0,346.0
272.0,342.0
269.0,342.0
280.0,343.0
278.0,343.0
270.0,344.0
271.0,351.0
272.0,344.0
273.0,344.0
270.0,344.0
274.0,344.0
270.0,344.0
1229.0,344.0
212.0,329.0
266.0,343.0
254.0,344.0
271.0,347.0
274.0,348.0
222.0,350.0
258.0,353.0
271.0,352.0
269.0,352.0
270.0,360.0
272.0,353.0
270.0,354.0
100.0,354.0
269.0,356.0
78.0,356.0
518.0,363.0
1207.0,353.0
385.0,338.0
272.0,350.0
246.0,344.0
268.0,348.0
269.0,349.0
245.0,350.0
268.0,350.0
270.0,352.0
269.0,352.0
269.0,354.0
277.0,353.0
113.0,354.0
178.0,357.0
258.0,358.0
269.0,356.0
1247.0,356.0
274.0,335.0
270.0,346.0
415.0,348.0
271.0,348.0
208.0,349.0
267.0,352.0
173.0,354.0
271.0,359.0
273.0,356.0
269.0,356.0
270.0,357.0
271.0,357.0
271.0,357.0
271.0,357.0
259.0,357.0
1115.0,357.0
284.0,339.0
257.0,345.0
272.0,351.0
266.0,351.0
318.0,352.0
255.0,354.0
297.0,355.0
270.0,353.0
261.0,356.0
191.0,354.0
267.0,355.0
267.0,356.0
352.0,355.0
144.0,356.0
271.0,359.0
269.0,359.0
1203.0,356.0
409.0,334.0
270.0,342.0
