1888.0
1607.0
1498.0
1436.0
1442.0
1258.0
1242.0
1216.0
1187.0
1285.0
1176.0
1099.0
1184.0
1214.0
1298.0
1418.0
1443.0
1404.0
1432.0
1514.0
2000.0
1822.0
1948.0
1863.0
1873.0
1609.0
1520.0
1454.0
1454.0
1267.0
1253.0
1222.0
1197.0
1292.0
1200.0
1118.0
1202.0
1230.0
1305.0
1430.0
1462.0
1430.0
1450.0
1531.0
2029.0
1835.0
1959.0
1886.0
1901.0
1618.0
1528.0
1471.0
1468.0
1277.0
1258.0
1234.0
1209.0
1297.0
1204.0
1127.0
1206.0
1241.0
1320.0
1448.0
1502.0
1454.0
1469.0
1546.0
2112.0
1878.0
1995.0
1912.0
1907.0
1630.0
1537.0
1484.0
1480.0
1282.0
1264.0
1240.0
1214.0
1300.0
1207.0
1133.0
1214.0
1246.0
1328.0
1456.0
1511.0
1466.0
1478.0
1554.0
2115.0
1884.0
2009.0
1926.0
1917.0
1640.0
1543.0
1484.0
1482.0
1290.0
1287.0
1249.0
1220.0
1303.0
1211.0
1179.0
1220.0
1255.0
1334.0
1462.0
1572.0
1473.0
1486.0
1560.0
2125.0
1893.0
2021.0
1939.0
1935.0
1669.0
1547.0
1491.0
1491.0
1344.0
1307.0
1256.0
1226.0
1308.0
1223.0
1228.0
1234.0
1272.0
1345.0
1480.0
1534.0
1486.0
1501.0
1676.0
2135.0
1925.0
2030.0
1959.0
1966.0
1671.0
1566.0
1505.0
1502.0
1307.0
1286.0
1271.0
1245.0
1323.0
1237.0
1221.0
1241.0
1277.0
1357.0
1494.0
1551.0
1509.0
1524.0
1599.0
2161.0
1945.0
2040.0
1975.0
1986.0
1690.0
1580.0
1554.0
1516.0
1319.0
1333.0
1279.0
1326.0
1366.0
1265.0
1121.0
1247.0
1279.0
1365.0
1513.0
1574.0
1531.0
1549.0
1618.0
2172.0
2026.0
2108.0
2018.0
2018.0
1589.0
1640.0
1483.0
1529.0
1327.0
1307.0
1297.0
1273.0
1374.0
1270.0
1094.0
1263.0
1291.0
1407.0
1540.0
1594.0
1556.0
1574.0
1639.0
2206.0
2056.0
2136.0
2040.0
1952.0
1736.0
1631.0
1624.0
1567.0
1352.0
1316.0
1279.0
1292.0
1464.0
1271.0
1201.0
1282.0
1307.0
1441.0
1556.0
1604.0
1569.0
1596.0
1658.0
2233.0
2052.0
2151.0
2052.0
2059.0
1729.0
1649.0
1636.0
1576.0
1359.0
1324.0
1330.0
1364.0
1397.0
1278.0
1211.0
1293.0
1315.0
1505.0
1578.0
1627.0
1579.0
1608.0
1671.0
2246.0
2048.0
2155.0
2063.0
2076.0
1737.0
1642.0
1645.0
1576.0
1357.0
1329.0
1318.0
1378.0
1391.0
1278.0
1217.0
1304.0
1317.0
1536.0
1582.0
1634.0
1588.0
1619.0
1682.0
2298.0
2099.0
2164.0
2071.0
2092.0
1752.0
1667.0
1649.0
1583.0
1384.0
1327.0
1495.0
1447.0
1436.0
1278.0
1193.0
1297.0
1364.0
1564.0
1592.0
1660.0
1566.0
1606.0
1703.0
2339.0
2121.0
2072.0
2009.0
2052.0
1861.0
1718.0
1730.0
1663.0
1391.0
1336.0
1531.0
1497.0
1437.0
1290.0
1204.0
1320.0
1332.0
1573.0
1624.0
1629.0
1580.0
1633.0
1722.0
2355.0
2227.0
2126.0
2032.0
2063.0
1877.0
1746.0
1747.0
1671.0
1448.0
