1493.0
1260.0
1312.0
1371.0
1420.0
1194.0
1156.0
1188.0
1330.0
1278.0
1278.0
1146.0
1193.0
1422.0
1395.0
1465.0
1524.0
1401.0
1401.0
1483.0
1704.0
1351.0
1422.0
1392.0
1500.0
1276.0
1350.0
1375.0
1426.0
1206.0
1212.0
1222.0
1296.0
1306.0
1285.0
1198.0
1238.0
1413.0
1404.0
1475.0
1501.0
1404.0
1411.0
1482.0
1715.0
1328.0
1431.0
1395.0
1504.0
1295.0
1365.0
1403.0
1444.0
1200.0
1189.0
1218.0
1280.0
1309.0
1301.0
1205.0
1239.0
1441.0
1426.0
1491.0
1538.0
1431.0
1403.0
1474.0
1723.0
1316.0
1412.0
1414.0
1516.0
1331.0
1379.0
1405.0
1465.0
1215.0
1194.0
1231.0
1303.0
1331.0
1299.0
1202.0
1246.0
1418.0
1431.0
1465.0
1534.0
1421.0
1397.0
1496.0
1728.0
1318.0
1401.0
1401.0
1512.0
1330.0
1388.0
1426.0
1460.0
1238.0
1217.0
1244.0
1286.0
1336.0
1313.0
1253.0
1247.0
1457.0
1424.0
1488.0
1611.0
1428.0
1447.0
1501.0
1737.0
1297.0
1401.0
1402.0
1511.0
1341.0
1397.0
1440.0
1469.0
1273.0
1237.0
1255.0
1304.0
1321.0
1315.0
1303.0
1292.0
1452.0
1419.0
1498.0
1572.0
1436.0
1444.0
1549.0
1726.0
1307.0
1424.0
1419.0
1511.0
1329.0
1428.0
1443.0
1481.0
1245.0
1242.0
1280.0
1355.0
1345.0
1309.0
1320.0
1280.0
1437.0
1446.0
1510.0
1556.0
1433.0
1450.0
1532.0
1728.0
1322.0
1400.0
1400.0
1530.0
1360.0
1428.0
1471.0
1475.0
1267.0
1281.0
1308.0
1430.0
1398.0
1334.0
1180.0
1316.0
1481.0
1444.0
1513.0
1575.0
1405.0
1417.0
1497.0
1733.0
1377.0
1370.0
1415.0
1532.0
1352.0
1482.0
1426.0
1498.0
1238.0
1282.0
1313.0
1376.0
1396.0
1305.0
1203.0
1349.0
1443.0
1490.0
1532.0
1557.0
1432.0
1462.0
1500.0
1723.0
1369.0
1381.0
1418.0
1522.0
1414.0
1481.0
1522.0
1497.0
1264.0
1246.0
1301.0
1417.0
1455.0
1321.0
1258.0
1376.0
1482.0
1482.0
1522.0
1555.0
1413.0
1474.0
1506.0
1737.0
1378.0
1377.0
1429.0
1549.0
1396.0
1521.0
1541.0
1510.0
1262.0
1254.0
1358.0
1443.0
1395.0
1316.0
1226.0
1350.0
1475.0
1552.0
1562.0
1511.0
1408.0
1499.0
1523.0
1748.0
1376.0
1410.0
1438.0
1546.0
1403.0
1515.0
1530.0
1483.0
1250.0
1275.0
1361.0
1467.0
1409.0
1331.0
1257.0
1367.0
1476.0
1564.0
1553.0
1537.0
1436.0
1526.0
1518.0
1738.0
1385.0
1427.0
1465.0
1582.0
1430.0
1540.0
1559.0
1500.0
1270.0
1306.0
1483.0
1455.0
1388.0
1295.0
1292.0
1306.0
1442.0
1578.0
1513.0
1567.0
1449.0
1501.0
1513.0
1699.0
1436.0
1508.0
1521.0
1579.0
1461.0
1496.0
1517.0
1481.0
1286.0
1296.0
1478.0
1420.0
1374.0
1274.0
1286.0
1355.0
1412.0
1571.0
1521.0
1561.0
1456.0
1541.0
1523.0
1692.0
1444.0
1521.0
1530.0
1587.0
1487.0
1511.0
1520.0
1491.0
1350.0
