1866.0
1562.0
1472.0
1419.0
1418.0
1209.0
1208.0
1190.0
1152.0
1257.0
1137.0
1071.0
1168.0
1185.0
1268.0
1391.0
1409.0
1367.0
1406.0
1492.0
2015.0
1757.0
1911.0
1836.0
1858.0
1566.0
1491.0
1435.0
1430.0
1217.0
1220.0
1194.0
1161.0
1266.0
1162.0
1086.0
1186.0
1201.0
1275.0
1405.0
1427.0
1393.0
1424.0
1510.0
2046.0
1769.0
1924.0
1856.0
1884.0
1575.0
1502.0
1453.0
1444.0
1228.0
1226.0
1207.0
1174.0
1271.0
1166.0
1095.0
1188.0
1212.0
1290.0
1421.0
1468.0
1416.0
1445.0
1525.0
2138.0
1807.0
1957.0
1880.0
1890.0
1588.0
1514.0
1465.0
1454.0
1236.0
1234.0
1211.0
1177.0
1274.0
1168.0
1100.0
1196.0
1217.0
1299.0
1433.0
1478.0
1427.0
1453.0
1534.0
2141.0
1814.0
1971.0
1891.0
1900.0
1598.0
1521.0
1466.0
1458.0
1243.0
1254.0
1220.0
1185.0
1277.0
1172.0
1144.0
1198.0
1229.0
1304.0
1439.0
1532.0
1434.0
1459.0
1540.0
2152.0
1822.0
1983.0
1903.0
1917.0
1623.0
1526.0
1473.0
1469.0
1291.0
1273.0
1228.0
1190.0
1284.0
1183.0
1189.0
1211.0
1247.0
1316.0
1455.0
1501.0
1447.0
1475.0
1640.0
2162.0
1850.0
1994.0
1922.0
1948.0
1629.0
1544.0
1488.0
1480.0
1261.0
1254.0
1243.0
1212.0
1297.0
1199.0
1182.0
1216.0
1251.0
1329.0
1471.0
1518.0
1471.0
1498.0
1580.0
2189.0
1869.0
2005.0
1937.0
1968.0
1647.0
1559.0
1534.0
1497.0
1274.0
1299.0
1247.0
1299.0
1333.0
1224.0
1091.0
1232.0
1247.0
1338.0
1490.0
1540.0
1492.0
1522.0
1600.0
2199.0
1970.0
2061.0
1974.0
1997.0
1565.0
1616.0
1473.0
1511.0
1283.0
1276.0
1267.0
1239.0
1351.0
1229.0
1061.0
1252.0
1259.0
1384.0
1517.0
1562.0
1519.0
1547.0
1619.0
2234.0
1999.0
2091.0
1993.0
1948.0
1690.0
1614.0
1615.0
1544.0
1309.0
1286.0
1249.0
1264.0
1426.0
1229.0
1171.0
1261.0
1278.0
1418.0
1529.0
1573.0
1532.0
1569.0
1640.0
2258.0
2001.0
2107.0
2005.0
2035.0
1688.0
1634.0
1626.0
1554.0
1318.0
1296.0
1302.0
1335.0
1367.0
1237.0
1178.0
1270.0
1285.0
1489.0
1550.0
1594.0
1542.0
1583.0
1651.0
2271.0
2000.0
2112.0
2015.0
2050.0
1696.0
1628.0
1636.0
1555.0
1319.0
1300.0
1289.0
1350.0
1362.0
1238.0
1183.0
1280.0
1287.0
1521.0
1553.0
1603.0
1551.0
1592.0
1662.0
2313.0
2043.0
2121.0
2022.0
2063.0
1708.0
1651.0
1638.0
1564.0
1344.0
1299.0
1481.0
1414.0
1402.0
1240.0
1158.0
1272.0
1335.0
1549.0
1564.0
1629.0
1538.0
1584.0
1681.0
2354.0
2062.0
2058.0
1979.0
2035.0
1824.0
1694.0
1710.0
1634.0
1354.0
1310.0
1506.0
1462.0
1410.0
1254.0
1168.0
1295.0
1300.0
1556.0
1595.0
1606.0
1553.0
1613.0
1700.0
2369.0
2174.0
2104.0
2003.0
2045.0
1841.0
1724.0
1725.0
1644.0
1414.0
