1708.0
1507.0
1444.0
1408.0
1418.0
1253.0
1230.0
1228.0
1205.0
1288.0
1187.0
1103.0
1182.0
1227.0
1291.0
1385.0
1402.0
1359.0
1383.0
1453.0
1794.0
1651.0
1746.0
1690.0
1696.0
1508.0
1462.0
1424.0
1428.0
1267.0
1248.0
1239.0
1212.0
1293.0
1202.0
1120.0
1207.0
1242.0
1297.0
1397.0
1412.0
1381.0
1403.0
1468.0
1817.0
1658.0
1751.0
1703.0
1718.0
1514.0
1468.0
1440.0
1439.0
1273.0
1251.0
1248.0
1225.0
1294.0
1208.0
1126.0
1209.0
1250.0
1311.0
1411.0
1446.0
1401.0
1415.0
1479.0
1868.0
1684.0
1776.0
1721.0
1723.0
1528.0
1476.0
1450.0
1452.0
1277.0
1261.0
1254.0
1233.0
1302.0
1211.0
1133.0
1213.0
1256.0
1313.0
1415.0
1452.0
1409.0
1423.0
1484.0
1873.0
1687.0
1782.0
1729.0
1727.0
1537.0
1484.0
1450.0
1451.0
1284.0
1277.0
1259.0
1234.0
1297.0
1220.0
1173.0
1223.0
1260.0
1319.0
1421.0
1497.0
1417.0
1427.0
1487.0
1877.0
1692.0
1793.0
1740.0
1745.0
1558.0
1485.0
1453.0
1459.0
1324.0
1294.0
1265.0
1237.0
1308.0
1229.0
1209.0
1236.0
1268.0
1331.0
1431.0
1466.0
1425.0
1439.0
1573.0
1890.0
1713.0
1797.0
1752.0
1763.0
1555.0
1497.0
1463.0
1468.0
1300.0
1274.0
1280.0
1254.0
1318.0
1240.0
1204.0
1242.0
1278.0
1341.0
1441.0
1482.0
1440.0
1459.0
1517.0
1900.0
1725.0
1806.0
1768.0
1778.0
1569.0
1513.0
1504.0
1482.0
1310.0
1313.0
1284.0
1325.0
1351.0
1256.0
1125.0
1246.0
1290.0
1350.0
1460.0
1497.0
1461.0
1478.0
1534.0
1909.0
1783.0
1844.0
1792.0
1802.0
1500.0
1553.0
1457.0
1485.0
1318.0
1295.0
1301.0
1291.0
1358.0
1266.0
1101.0
1262.0
1299.0
1381.0
1476.0
1514.0
1480.0
1493.0
1548.0
1932.0
1805.0
1864.0
1805.0
1750.0
1604.0
1553.0
1560.0
1514.0
1336.0
1303.0
1288.0
1303.0
1425.0
1268.0
1191.0
1281.0
1313.0
1411.0
1491.0
1518.0
1488.0
1517.0
1564.0
1947.0
1801.0
1872.0
1816.0
1832.0
1606.0
1566.0
1562.0
1519.0
1338.0
1309.0
1323.0
1362.0
1376.0
1269.0
1204.0
1283.0
1317.0
1456.0
1504.0
1530.0
1497.0
1527.0
1575.0
1951.0
1797.0
1879.0
1827.0
1846.0
1613.0
1557.0
1570.0
1516.0
1338.0
1313.0
1318.0
1369.0
1369.0
1268.0
1209.0
1295.0
1314.0
1481.0
1511.0
1539.0
1504.0
1535.0
1582.0
1982.0
1842.0
1890.0
1834.0
1856.0
1625.0
1578.0
1567.0
1523.0
1358.0
1316.0
1460.0
1422.0
1401.0
1268.0
1186.0
1287.0
1348.0
1502.0
1513.0
1563.0
1498.0
1524.0
1593.0
2003.0
1872.0
1838.0
1801.0
1832.0
1705.0
1606.0
1612.0
1565.0
1363.0
1322.0
1467.0
1447.0
1402.0
1275.0
1201.0
1305.0
1327.0
1496.0
1537.0
1539.0
1511.0
1543.0
1606.0
2005.0
1940.0
1881.0
1820.0
1835.0
1716.0
1630.0
1627.0
1573.0
1408.0
