1835.0
1590.0
1464.0
1386.0
1390.0
1234.0
1202.0
1166.0
1146.0
1240.0
1156.0
1073.0
1140.0
1177.0
1262.0
1375.0
1406.0
1373.0
1391.0
1461.0
1906.0
1808.0
1910.0
1817.0
1815.0
1589.0
1484.0
1403.0
1400.0
1241.0
1197.0
1171.0
1158.0
1247.0
1177.0
1091.0
1154.0
1192.0
1268.0
1386.0
1424.0
1398.0
1408.0
1478.0
1931.0
1821.0
1918.0
1841.0
1845.0
1596.0
1490.0
1418.0
1414.0
1250.0
1203.0
1184.0
1168.0
1250.0
1181.0
1099.0
1158.0
1201.0
1283.0
1401.0
1461.0
1423.0
1428.0
1491.0
2004.0
1867.0
1957.0
1868.0
1850.0
1606.0
1495.0
1431.0
1426.0
1253.0
1208.0
1189.0
1173.0
1253.0
1183.0
1105.0
1164.0
1206.0
1288.0
1409.0
1470.0
1435.0
1436.0
1499.0
2006.0
1872.0
1970.0
1882.0
1859.0
1616.0
1501.0
1430.0
1428.0
1261.0
1231.0
1197.0
1177.0
1255.0
1185.0
1149.0
1167.0
1213.0
1294.0
1414.0
1537.0
1442.0
1443.0
1504.0
2016.0
1880.0
1980.0
1896.0
1878.0
1645.0
1503.0
1436.0
1436.0
1316.0
1248.0
1204.0
1183.0
1260.0
1196.0
1197.0
1180.0
1227.0
1303.0
1430.0
1491.0
1455.0
1457.0
1632.0
2025.0
1915.0
1987.0
1916.0
1907.0
1645.0
1521.0
1448.0
1444.0
1276.0
1231.0
1218.0
1200.0
1273.0
1209.0
1189.0
1186.0
1231.0
1312.0
1443.0
1507.0
1476.0
1479.0
1541.0
2049.0
1934.0
1996.0
1932.0
1926.0
1662.0
1535.0
1500.0
1459.0
1287.0
1277.0
1222.0
1270.0
1321.0
1239.0
1087.0
1195.0
1232.0
1319.0
1460.0
1529.0
1497.0
1504.0
1560.0
2060.0
1995.0
2071.0
1980.0
1959.0
1540.0
1594.0
1419.0
1471.0
1294.0
1252.0
1241.0
1211.0
1330.0
1242.0
1057.0
1211.0
1245.0
1355.0
1487.0
1550.0
1521.0
1527.0
1580.0
2092.0
2025.0
2095.0
2001.0
1878.0
1706.0
1578.0
1559.0
1513.0
1321.0
1261.0
1220.0
1229.0
1426.0
1241.0
1162.0
1228.0
1259.0
1386.0
1502.0
1557.0
1534.0
1547.0
1600.0
2117.0
2015.0
2108.0
2014.0
2000.0
1697.0
1595.0
1571.0
1519.0
1326.0
1269.0
1274.0
1305.0
1349.0
1246.0
1171.0
1235.0
1265.0
1443.0
1527.0
1583.0
1543.0
1558.0
1610.0
2130.0
2008.0
2110.0
2023.0
2016.0
1705.0
1585.0
1578.0
1520.0
1323.0
1275.0
1262.0
1320.0
1342.0
1245.0
1177.0
1247.0
1267.0
1476.0
1530.0
1588.0
1549.0
1569.0
1621.0
2188.0
2065.0
2116.0
2031.0
2033.0
1719.0
1612.0
1581.0
1524.0
1352.0
1271.0
1426.0
1396.0
1390.0
1240.0
1151.0
1245.0
1319.0
1500.0
1539.0
1612.0
1518.0
1550.0
1644.0
2226.0
2085.0
2004.0
1955.0
1984.0
1818.0
1669.0
1673.0
1614.0
1355.0
1279.0
1469.0
1452.0
1390.0
1253.0
1160.0
1268.0
1281.0
1510.0
1571.0
1574.0
1531.0
1575.0
1662.0
2242.0
2180.0
2061.0
1976.0
1995.0
1831.0
1695.0
1689.0
1621.0
1409.0
