1828.0
1556.0
1465.0
1411.0
1414.0
1231.0
1227.0
1198.0
1173.0
1271.0
1159.0
1085.0
1174.0
1199.0
1279.0
1392.0
1412.0
1373.0
1403.0
1483.0
1932.0
1744.0
1872.0
1807.0
1820.0
1558.0
1483.0
1426.0
1425.0
1239.0
1232.0
1207.0
1184.0
1276.0
1181.0
1102.0
1191.0
1215.0
1285.0
1403.0
1429.0
1397.0
1420.0
1498.0
1959.0
1754.0
1884.0
1825.0
1842.0
1566.0
1491.0
1442.0
1437.0
1249.0
1237.0
1219.0
1194.0
1280.0
1185.0
1109.0
1195.0
1225.0
1299.0
1418.0
1465.0
1418.0
1438.0
1512.0
2036.0
1790.0
1914.0
1848.0
1848.0
1578.0
1501.0
1452.0
1448.0
1253.0
1243.0
1224.0
1198.0
1283.0
1187.0
1115.0
1201.0
1230.0
1305.0
1427.0
1474.0
1428.0
1445.0
1520.0
2039.0
1796.0
1927.0
1858.0
1857.0
1586.0
1507.0
1453.0
1450.0
1261.0
1262.0
1232.0
1203.0
1285.0
1190.0
1156.0
1207.0
1237.0
1311.0
1433.0
1520.0
1436.0
1452.0
1524.0
2049.0
1803.0
1937.0
1869.0
1872.0
1611.0
1511.0
1459.0
1459.0
1304.0
1281.0
1238.0
1209.0
1290.0
1201.0
1198.0
1222.0
1251.0
1321.0
1448.0
1494.0
1446.0
1465.0
1612.0
2061.0
1828.0
1947.0
1885.0
1899.0
1614.0
1527.0
1472.0
1468.0
1276.0
1262.0
1251.0
1227.0
1303.0
1214.0
1192.0
1227.0
1255.0
1332.0
1460.0
1509.0
1466.0
1486.0
1559.0
2083.0
1845.0
1957.0
1898.0
1917.0
1631.0
1540.0
1514.0
1484.0
1286.0
1300.0
1259.0
1308.0
1339.0
1238.0
1101.0
1230.0
1262.0
1341.0
1477.0
1529.0
1486.0
1509.0
1577.0
2094.0
1936.0
2010.0
1933.0
1943.0
1548.0
1587.0
1461.0
1490.0
1294.0
1282.0
1275.0
1264.0
1344.0
1242.0
1075.0
1243.0
1275.0
1380.0
1501.0
1547.0
1509.0
1531.0
1595.0
2123.0
1962.0
2035.0
1950.0
1897.0
1669.0
1589.0
1585.0
1527.0
1316.0
1288.0
1260.0
1280.0
1415.0
1247.0
1175.0
1263.0
1286.0
1412.0
1514.0
1557.0
1521.0
1550.0
1613.0
2145.0
1962.0
2048.0
1960.0
1975.0
1667.0
1605.0
1595.0
1535.0
1323.0
1295.0
1302.0
1342.0
1366.0
1248.0
1184.0
1271.0
1293.0
1472.0
1534.0
1576.0
1529.0
1561.0
1623.0
2157.0
1959.0
2050.0
1966.0
1987.0
1674.0
1599.0
1603.0
1536.0
1321.0
1300.0
1293.0
1354.0
1362.0
1248.0
1191.0
1282.0
1295.0
1499.0
1538.0
1581.0
1536.0
1569.0
1632.0
2194.0
1999.0
2057.0
1970.0
1998.0
1685.0
1620.0
1607.0
1542.0
1344.0
1300.0
1462.0
1412.0
1398.0
1247.0
1168.0
1276.0
1333.0
1524.0
1547.0
1603.0
1522.0
1561.0
1651.0
2235.0
2007.0
1993.0
1925.0
1970.0
1786.0
1664.0
1676.0
1609.0
1350.0
1307.0
1493.0
1454.0
1401.0
1258.0
1178.0
1296.0
1306.0
1532.0
1573.0
1580.0
1533.0
1586.0
1667.0
2255.0
2106.0
2034.0
1944.0
1979.0
1800.0
1689.0
1689.0
1616.0
1406.0
