1866.0
1577.0
1467.0
1402.0
1413.0
1223.0
1210.0
1183.0
1155.0
1260.0
1139.0
1066.0
1156.0
1186.0
1270.0
1388.0
1410.0
1369.0
1398.0
1482.0
1966.0
1806.0
1930.0
1840.0
1851.0
1581.0
1489.0
1421.0
1425.0
1229.0
1221.0
1190.0
1167.0
1265.0
1166.0
1085.0
1175.0
1200.0
1277.0
1401.0
1431.0
1394.0
1416.0
1501.0
1994.0
1820.0
1940.0
1863.0
1880.0
1590.0
1498.0
1439.0
1437.0
1243.0
1228.0
1203.0
1179.0
1269.0
1171.0
1091.0
1178.0
1211.0
1291.0
1418.0
1471.0
1421.0
1437.0
1514.0
2075.0
1865.0
1978.0
1890.0
1885.0
1602.0
1508.0
1451.0
1452.0
1245.0
1232.0
1208.0
1184.0
1272.0
1170.0
1097.0
1185.0
1216.0
1299.0
1427.0
1479.0
1431.0
1446.0
1524.0
2078.0
1871.0
1992.0
1905.0
1896.0
1614.0
1515.0
1452.0
1454.0
1252.0
1256.0
1217.0
1188.0
1275.0
1174.0
1147.0
1188.0
1226.0
1306.0
1434.0
1544.0
1437.0
1453.0
1528.0
2088.0
1879.0
2004.0
1918.0
1914.0
1644.0
1517.0
1460.0
1463.0
1309.0
1274.0
1224.0
1195.0
1279.0
1187.0
1199.0
1199.0
1243.0
1314.0
1450.0
1504.0
1452.0
1467.0
1649.0
2097.0
1914.0
2012.0
1938.0
1945.0
1645.0
1536.0
1474.0
1472.0
1271.0
1253.0
1238.0
1212.0
1293.0
1201.0
1189.0
1207.0
1246.0
1326.0
1464.0
1520.0
1474.0
1490.0
1568.0
2123.0
1935.0
2023.0
1955.0
1965.0
1663.0
1552.0
1524.0
1488.0
1283.0
1301.0
1245.0
1298.0
1335.0
1228.0
1080.0
1220.0
1250.0
1335.0
1483.0
1543.0
1499.0
1516.0
1587.0
2134.0
2013.0
2093.0
2001.0
1997.0
1549.0
1617.0
1449.0
1502.0
1291.0
1275.0
1265.0
1244.0
1347.0
1230.0
1052.0
1237.0
1261.0
1378.0
1511.0
1564.0
1524.0
1543.0
1608.0
2168.0
2044.0
2120.0
2023.0
1928.0
1714.0
1603.0
1596.0
1541.0
1316.0
1281.0
1244.0
1263.0
1438.0
1229.0
1162.0
1254.0
1275.0
1412.0
1525.0
1574.0
1539.0
1564.0
1628.0
2193.0
2038.0
2135.0
2035.0
2038.0
1705.0
1623.0
1608.0
1548.0
1320.0
1288.0
1298.0
1332.0
1367.0
1237.0
1173.0
1261.0
1283.0
1476.0
1549.0
1598.0
1547.0
1577.0
1639.0
2207.0
2033.0
2139.0
2045.0
2055.0
1713.0
1615.0
1617.0
1548.0
1317.0
1294.0
1283.0
1348.0
1359.0
1240.0
1180.0
1275.0
1284.0
1509.0
1552.0
1604.0
1555.0
1587.0
1651.0
2258.0
2086.0
2146.0
2054.0
2071.0
1726.0
1640.0
1620.0
1555.0
1346.0
1290.0
1466.0
1414.0
1404.0
1233.0
1152.0
1268.0
1334.0
1533.0
1561.0
1632.0
1532.0
1574.0
1674.0
2299.0
2108.0
2051.0
1990.0
2029.0
1841.0
1693.0
1703.0
1634.0
1350.0
1302.0
1501.0
1465.0
1401.0
1247.0
1163.0
1290.0
1298.0
1544.0
1593.0
1598.0
1547.0
1602.0
1693.0
2315.0
2212.0
2107.0
2014.0
2041.0
1856.0
1720.0
1719.0
1642.0
1408.0
