1989.0
1660.0
1539.0
1464.0
1470.0
1257.0
1250.0
1207.0
1179.0
1296.0
1174.0
1095.0
1184.0
1215.0
1312.0
1448.0
1475.0
1430.0
1464.0
1560.0
2131.0
1903.0
2061.0
1960.0
1975.0
1662.0
1562.0
1483.0
1483.0
1267.0
1252.0
1216.0
1192.0
1303.0
1200.0
1114.0
1203.0
1234.0
1320.0
1464.0
1496.0
1460.0
1486.0
1579.0
2167.0
1918.0
2074.0
1986.0
2005.0
1672.0
1572.0
1503.0
1498.0
1279.0
1259.0
1232.0
1205.0
1308.0
1204.0
1121.0
1208.0
1245.0
1337.0
1482.0
1543.0
1488.0
1508.0
1594.0
2266.0
1967.0
2116.0
2016.0
2012.0
1686.0
1581.0
1518.0
1513.0
1285.0
1265.0
1238.0
1211.0
1314.0
1207.0
1128.0
1214.0
1252.0
1346.0
1494.0
1554.0
1502.0
1518.0
1605.0
2268.0
1974.0
2132.0
2031.0
2023.0
1696.0
1588.0
1518.0
1517.0
1294.0
1292.0
1248.0
1217.0
1315.0
1211.0
1179.0
1222.0
1261.0
1354.0
1502.0
1621.0
1510.0
1526.0
1610.0
2281.0
1983.0
2145.0
2046.0
2044.0
1730.0
1592.0
1526.0
1528.0
1351.0
1315.0
1255.0
1225.0
1323.0
1225.0
1232.0
1239.0
1279.0
1366.0
1522.0
1579.0
1524.0
1543.0
1741.0
2290.0
2020.0
2155.0
2069.0
2081.0
1732.0
1613.0
1542.0
1540.0
1312.0
1292.0
1273.0
1246.0
1338.0
1240.0
1223.0
1247.0
1284.0
1379.0
1538.0
1599.0
1550.0
1569.0
1656.0
2321.0
2042.0
2168.0
2087.0
2103.0
1753.0
1631.0
1598.0
1558.0
1326.0
1343.0
1281.0
1341.0
1386.0
1272.0
1117.0
1253.0
1290.0
1389.0
1559.0
1626.0
1575.0
1598.0
1679.0
2335.0
2142.0
2243.0
2137.0
2141.0
1641.0
1699.0
1523.0
1572.0
1336.0
1315.0
1303.0
1284.0
1398.0
1278.0
1085.0
1268.0
1305.0
1437.0
1590.0
1648.0
1605.0
1627.0
1702.0
2374.0
2177.0
2276.0
2161.0
2066.0
1805.0
1692.0
1684.0
1616.0
1366.0
1324.0
1283.0
1306.0
1495.0
1281.0
1199.0
1292.0
1322.0
1477.0
1607.0
1662.0
1620.0
1651.0
1724.0
2403.0
2172.0
2293.0
2175.0
2188.0
1799.0
1712.0
1697.0
1627.0
1374.0
1334.0
1338.0
1384.0
1422.0
1285.0
1208.0
1302.0
1329.0
1552.0
1633.0
1687.0
1631.0
1665.0
1738.0
2420.0
2169.0
2298.0
2187.0
2207.0
1809.0
1704.0
1709.0
1629.0
1373.0
1339.0
1328.0
1402.0
1415.0
1285.0
1217.0
1316.0
1334.0
1588.0
1637.0
1694.0
1639.0
1677.0
1752.0
2477.0
2227.0
2306.0
2196.0
2224.0
1825.0
1735.0
1715.0
1637.0
1402.0
1339.0
1538.0
1479.0
1465.0
1285.0
1191.0
1315.0
1386.0
1619.0
1649.0
1724.0
1615.0
1663.0
1778.0
2526.0
2250.0
2204.0
2127.0
2180.0
1953.0
1791.0
1808.0
1727.0
1410.0
1348.0
1583.0
1536.0
1470.0
1298.0
1202.0
1339.0
1350.0
1633.0
1684.0
1689.0
1631.0
1696.0
1798.0
2544.0
2375.0
2264.0
2154.0
2193.0
1971.0
1824.0
1825.0
1736.0
1476.0
