1650.0
1493.0
1449.0
1435.0
1471.0
1357.0
1321.0
1314.0
1304.0
1370.0
1289.0
1215.0
1254.0
1300.0
1360.0
1441.0
1459.0
1414.0
1426.0
1480.0
1733.0
1661.0
1692.0
1627.0
1627.0
1494.0
1468.0
1458.0
1487.0
1367.0
1360.0
1342.0
1323.0
1384.0
1315.0
1230.0
1285.0
1312.0
1363.0
1454.0
1471.0
1432.0
1439.0
1491.0
1737.0
1660.0
1693.0
1642.0
1640.0
1502.0
1473.0
1470.0
1497.0
1381.0
1365.0
1352.0
1338.0
1390.0
1315.0
1240.0
1287.0
1323.0
1381.0
1465.0
1503.0
1452.0
1451.0
1502.0
1767.0
1679.0
1705.0
1650.0
1647.0
1514.0
1486.0
1487.0
1509.0
1384.0
1373.0
1359.0
1340.0
1391.0
1317.0
1252.0
1297.0
1335.0
1385.0
1472.0
1506.0
1458.0
1460.0
1511.0
1770.0
1678.0
1710.0
1661.0
1651.0
1517.0
1491.0
1486.0
1515.0
1393.0
1395.0
1367.0
1344.0
1397.0
1326.0
1299.0
1303.0
1340.0
1396.0
1478.0
1559.0
1464.0
1463.0
1513.0
1775.0
1682.0
1714.0
1662.0
1656.0
1538.0
1490.0
1490.0
1523.0
1442.0
1411.0
1375.0
1355.0
1399.0
1333.0
1346.0
1324.0
1351.0
1404.0
1492.0
1524.0
1478.0
1476.0
1610.0
1787.0
1700.0
1713.0
1672.0
1677.0
1535.0
1499.0
1499.0
1525.0
1407.0
1394.0
1395.0
1371.0
1417.0
1348.0
1338.0
1326.0
1363.0
1416.0
1498.0
1537.0
1497.0
1496.0
1541.0
1784.0
1710.0
1715.0
1678.0
1684.0
1546.0
1511.0
1536.0
1539.0
1413.0
1436.0
1394.0
1420.0
1447.0
1363.0
1237.0
1338.0
1370.0
1426.0
1522.0
1553.0
1515.0
1516.0
1555.0
1787.0
1729.0
1735.0
1698.0
1693.0
1454.0
1552.0
1480.0
1544.0
1422.0
1409.0
1411.0
1375.0
1454.0
1375.0
1215.0
1351.0
1382.0
1453.0
1541.0
1564.0
1531.0
1529.0
1569.0
1794.0
1740.0
1747.0
1707.0
1642.0
1581.0
1554.0
1579.0
1569.0
1434.0
1410.0
1393.0
1394.0
1541.0
1375.0
1309.0
1368.0
1391.0
1477.0
1548.0
1569.0
1536.0
1550.0
1586.0
1805.0
1729.0
1752.0
1717.0
1721.0
1577.0
1560.0
1585.0
1568.0
1430.0
1417.0
1437.0
1457.0
1476.0
1383.0
1329.0
1383.0
1400.0
1518.0
1560.0
1579.0
1543.0
1559.0
1595.0
1806.0
1727.0
1756.0
1729.0
1736.0
1585.0
1550.0
1582.0
1565.0
1423.0
1423.0
1425.0
1463.0
1469.0
1383.0
1339.0
1391.0
1403.0
1541.0
1563.0
1588.0
1557.0
1569.0
1604.0
1830.0
1758.0
1766.0
1740.0
1750.0
1605.0
1581.0
1586.0
1560.0
1451.0
1418.0
1530.0
1506.0
1490.0
1378.0
1310.0
1369.0
1433.0
1553.0
1567.0
1606.0
1549.0
1562.0
1618.0
1829.0
1795.0
1742.0
1727.0
1740.0
1675.0
1611.0
1622.0
1595.0
1442.0
1413.0
1523.0
1513.0
1472.0
1373.0
1319.0
1389.0
1402.0
1539.0
1587.0
1584.0
1560.0
1580.0
1623.0
1817.0
1813.0
1757.0
1732.0
1745.0
1682.0
1626.0
1630.0
1601.0
1472.0
