1965.0
1657.0
1527.0
1448.0
1452.0
1257.0
1243.0
1197.0
1172.0
1278.0
1170.0
1093.0
1171.0
1202.0
1297.0
1429.0
1459.0
1419.0
1447.0
1535.0
2081.0
1900.0
2041.0
1940.0
1948.0
1658.0
1550.0
1467.0
1464.0
1265.0
1243.0
1204.0
1182.0
1286.0
1194.0
1112.0
1187.0
1219.0
1305.0
1443.0
1479.0
1448.0
1467.0
1555.0
2113.0
1915.0
2052.0
1966.0
1981.0
1667.0
1559.0
1486.0
1480.0
1277.0
1249.0
1219.0
1194.0
1292.0
1199.0
1120.0
1192.0
1231.0
1321.0
1461.0
1524.0
1475.0
1490.0
1571.0
2207.0
1965.0
2096.0
1996.0
1987.0
1680.0
1568.0
1500.0
1494.0
1282.0
1255.0
1225.0
1200.0
1295.0
1202.0
1126.0
1200.0
1237.0
1329.0
1471.0
1534.0
1488.0
1499.0
1581.0
2210.0
1972.0
2111.0
2012.0
1999.0
1691.0
1575.0
1500.0
1497.0
1291.0
1281.0
1236.0
1206.0
1298.0
1206.0
1174.0
1206.0
1245.0
1336.0
1478.0
1605.0
1497.0
1508.0
1586.0
2222.0
1982.0
2125.0
2028.0
2020.0
1724.0
1579.0
1508.0
1507.0
1349.0
1304.0
1243.0
1213.0
1304.0
1218.0
1228.0
1224.0
1263.0
1348.0
1498.0
1560.0
1511.0
1524.0
1720.0
2232.0
2020.0
2134.0
2051.0
2055.0
1726.0
1599.0
1524.0
1518.0
1309.0
1280.0
1258.0
1234.0
1320.0
1233.0
1219.0
1230.0
1267.0
1360.0
1513.0
1579.0
1536.0
1550.0
1630.0
2262.0
2042.0
2146.0
2069.0
2077.0
1747.0
1616.0
1579.0
1536.0
1321.0
1331.0
1268.0
1320.0
1369.0
1267.0
1113.0
1233.0
1272.0
1369.0
1534.0
1605.0
1561.0
1578.0
1652.0
2275.0
2131.0
2225.0
2121.0
2114.0
1629.0
1682.0
1501.0
1550.0
1331.0
1303.0
1288.0
1265.0
1378.0
1271.0
1084.0
1248.0
1287.0
1414.0
1564.0
1629.0
1589.0
1606.0
1675.0
2314.0
2165.0
2257.0
2145.0
2035.0
1797.0
1672.0
1659.0
1596.0
1360.0
1312.0
1266.0
1285.0
1478.0
1274.0
1194.0
1275.0
1304.0
1452.0
1582.0
1640.0
1604.0
1630.0
1699.0
2343.0
2159.0
2273.0
2160.0
2161.0
1791.0
1692.0
1672.0
1605.0
1367.0
1321.0
1323.0
1363.0
1403.0
1278.0
1202.0
1284.0
1311.0
1523.0
1608.0
1667.0
1615.0
1644.0
1711.0
2359.0
2154.0
2277.0
2171.0
2180.0
1800.0
1683.0
1682.0
1606.0
1365.0
1328.0
1311.0
1379.0
1397.0
1278.0
1209.0
1297.0
1314.0
1559.0
1613.0
1674.0
1624.0
1655.0
1725.0
2419.0
2214.0
2285.0
2180.0
2199.0
1816.0
1713.0
1687.0
1613.0
1395.0
1325.0
1509.0
1460.0
1449.0
1276.0
1184.0
1294.0
1367.0
1589.0
1624.0
1702.0
1597.0
1640.0
1750.0
2466.0
2237.0
2175.0
2104.0
2150.0
1938.0
1773.0
1783.0
1707.0
1402.0
1335.0
1554.0
1518.0
1452.0
1290.0
1194.0
1320.0
1332.0
1601.0
1660.0
1666.0
1612.0
1671.0
1771.0
2485.0
2356.0
2238.0
2131.0
2163.0
1955.0
1804.0
1801.0
1716.0
1465.0
