270.0
269.0
270.0
269.0
270.0
274.0
269.0
268.0
269.0
269.0
269.0
269.0
269.0
269.0
274.0
269.0
268.0
269.0
269.0
269.0
269.0
269.0
269.0
269.0
274.0
269.0
268.0
269.0
269.0
269.0
269.0
269.0
269.0
271.0
269.0
268.0
269.0
269.0
269.0
269.0
269.0
269.0
269.0
271.0
269.0
268.0
270.0
269.0
270.0
269.0
269.0
269.0
269.0
269.0
269.0
269.0
269.0
269.0
269.0
269.0
269.0
269.0
274.0
270.0
268.0
269.0
274.0
269.0
268.0
269.0
269.0
274.0
269.0
268.0
269.0
270.0
268.0
268.0
269.0
268.0
273.0
268.0
268.0
268.0
268.0
268.0
269.0
269.0
269.0
268.0
272.0
268.0
268.0
268.0
268.0
268.0
269.0
268.0
268.0
273.0
269.0
267.0
267.0
267.0
267.0
267.0
268.0
268.0
268.0
270.0
267.0
267.0
267.0
267.0
267.0
268.0
267.0
267.0
267.0
267.0
270.0
267.0
266.0
267.0
267.0
267.0
267.0
267.0
267.0
268.0
268.0
268.0
268.0
269.0
268.0
268.0
271.0
267.0
266.0
268.0
267.0
267.0
267.0
267.0
268.0
267.0
268.0
268.0
268.0
268.0
267.0
269.0
268.0
288.0
276.0
269.0
270.0
270.0
270.0
268.0
269.0
269.0
269.0
269.0
269.0
269.0
269.0
269.0
269.0
269.0
268.0
269.0
269.0
269.0
273.0
269.0
268.0
268.0
269.0
269.0
268.0
269.0
269.0
268.0
269.0
269.0
269.0
269.0
269.0
269.0
269.0
275.0
269.0
268.0
268.0
269.0
268.0
269.0
268.0
269.0
269.0
269.0
274.0
270.0
272.0
269.0
272.0
269.0
292.0
290.0
290.0
283.0
274.0
274.0
271.0
270.0
274.0
272.0
272.0
274.0
271.0
269.0
270.0
269.0
280.0
274.0
272.0
273.0
273.0
271.0
272.0
270.0
271.0
270.0
269.0
269.0
269.0
269.0
269.0
269.0
278.0
273.0
270.0
271.0
271.0
270.0
270.0
270.0
269.0
269.0
269.0
269.0
269.0
269.0
268.0
269.0
268.0
278.0
272.0
269.0
271.0
271.0
270.0
270.0
270.0
269.0
269.0
269.0
269.0
268.0
268.0
268.0
268.0
268.0
277.0
271.0
269.0
270.0
270.0
269.0
269.0
269.0
269.0
269.0
268.0
268.0
267.0
267.0
268.0
267.0
269.0
275.0
271.0
268.0
269.0
269.0
269.0
269.0
269.0
268.0
268.0
268.0
268.0
267.0
267.0
267.0
266.0
274.0
270.0
267.0
270.0
269.0
268.0
269.0
268.0
268.0
268.0
267.0
267.0
267.0
270.0
268.0
269.0
274.0
270.0
268.0
271.0
274.0
272.0
273.0
270.0
272.0
271.0
272.0
271.0
270.0
270.0
270.0
270.0
276.0
293.0
310.0
