274.0
276.0
275.0
275.0
275.0
280.0
274.0
271.0
275.0
274.0
276.0
274.0
275.0
275.0
282.0
274.0
272.0
276.0
274.0
276.0
275.0
275.0
274.0
274.0
280.0
274.0
271.0
275.0
274.0
275.0
274.0
275.0
274.0
278.0
274.0
272.0
275.0
274.0
275.0
274.0
276.0
274.0
273.0
277.0
273.0
272.0
277.0
273.0
275.0
275.0
275.0
273.0
275.0
274.0
275.0
274.0
274.0
274.0
275.0
274.0
274.0
274.0
280.0
274.0
271.0
275.0
282.0
276.0
271.0
276.0
274.0
283.0
274.0
270.0
275.0
275.0
273.0
272.0
275.0
274.0
281.0
273.0
270.0
275.0
272.0
273.0
273.0
274.0
275.0
273.0
280.0
272.0
271.0
274.0
273.0
274.0
272.0
273.0
273.0
281.0
272.0
263.0
268.0
267.0
267.0
267.0
275.0
273.0
273.0
268.0
266.0
267.0
266.0
265.0
266.0
266.0
265.0
265.0
265.0
264.0
273.0
266.0
267.0
267.0
266.0
266.0
265.0
265.0
266.0
266.0
264.0
265.0
266.0
265.0
264.0
266.0
273.0
265.0
265.0
267.0
265.0
265.0
265.0
268.0
263.0
265.0
264.0
265.0
264.0
264.0
264.0
266.0
264.0
298.0
275.0
268.0
269.0
275.0
271.0
273.0
274.0
275.0
274.0
274.0
274.0
274.0
274.0
274.0
274.0
274.0
273.0
274.0
275.0
273.0
280.0
274.0
270.0
275.0
272.0
275.0
273.0
275.0
274.0
274.0
274.0
273.0
274.0
274.0
274.0
274.0
274.0
283.0
274.0
270.0
275.0
273.0
274.0
274.0
275.0
275.0
273.0
274.0
280.0
272.0
279.0
275.0
277.0
273.0
301.0
290.0
297.0
291.0
288.0
285.0
271.0
271.0
283.0
273.0
283.0
277.0
280.0
273.0
273.0
274.0
287.0
282.0
273.0
278.0
277.0
277.0
276.0
277.0
276.0
275.0
274.0
273.0
272.0
273.0
272.0
273.0
286.0
280.0
270.0
277.0
275.0
276.0
275.0
276.0
274.0
274.0
275.0
273.0
273.0
274.0
272.0
273.0
273.0
286.0
280.0
270.0
277.0
275.0
277.0
275.0
276.0
275.0
274.0
273.0
273.0
273.0
272.0
272.0
272.0
271.0
285.0
278.0
270.0
275.0
275.0
276.0
273.0
276.0
272.0
273.0
272.0
272.0
272.0
271.0
271.0
269.0
272.0
283.0
276.0
270.0
274.0
274.0
276.0
274.0
275.0
273.0
273.0
273.0
272.0
270.0
270.0
270.0
269.0
282.0
274.0
268.0
276.0
274.0
274.0
273.0
274.0
273.0
271.0
271.0
271.0
271.0
274.0
268.0
273.0
282.0
275.0
269.0
277.0
279.0
277.0
283.0
275.0
277.0
276.0
276.0
275.0
274.0
275.0
272.0
273.0
278.0
305.0
304.0
