263.0
262.0
262.0
262.0
262.0
262.0
251.0
256.0
262.0
263.0
262.0
262.0
262.0
262.0
261.0
252.0
259.0
263.0
262.0
261.0
262.0
262.0
261.0
262.0
262.0
251.0
257.0
263.0
262.0
261.0
261.0
262.0
262.0
261.0
254.0
258.0
262.0
262.0
263.0
262.0
261.0
261.0
262.0
260.0
256.0
259.0
264.0
262.0
262.0
262.0
262.0
263.0
265.0
262.0
261.0
261.0
261.0
262.0
261.0
261.0
261.0
261.0
262.0
252.0
256.0
262.0
262.0
250.0
256.0
262.0
262.0
260.0
250.0
256.0
261.0
256.0
254.0
258.0
263.0
263.0
262.0
253.0
259.0
263.0
263.0
261.0
261.0
262.0
260.0
259.0
258.0
251.0
256.0
263.0
262.0
262.0
262.0
262.0
262.0
261.0
250.0
259.0
264.0
266.0
265.0
266.0
267.0
265.0
264.0
260.0
257.0
264.0
266.0
269.0
268.0
269.0
267.0
268.0
268.0
268.0
263.0
255.0
262.0
267.0
268.0
267.0
267.0
268.0
268.0
269.0
267.0
268.0
269.0
269.0
268.0
270.0
263.0
257.0
264.0
267.0
271.0
271.0
270.0
269.0
269.0
267.0
269.0
269.0
269.0
270.0
269.0
273.0
269.0
278.0
285.0
264.0
267.0
265.0
263.0
262.0
263.0
262.0
261.0
261.0
261.0
262.0
262.0
262.0
262.0
261.0
263.0
265.0
263.0
263.0
263.0
252.0
257.0
262.0
262.0
261.0
262.0
264.0
263.0
263.0
264.0
262.0
261.0
262.0
262.0
262.0
262.0
261.0
249.0
256.0
262.0
262.0
261.0
261.0
261.0
262.0
261.0
261.0
272.0
263.0
266.0
263.0
267.0
261.0
282.0
297.0
294.0
292.0
279.0
270.0
267.0
271.0
274.0
276.0
272.0
275.0
270.0
268.0
269.0
267.0
268.0
254.0
260.0
269.0
266.0
262.0
263.0
264.0
265.0
264.0
263.0
263.0
264.0
265.0
265.0
264.0
267.0
254.0
259.0
268.0
265.0
262.0
262.0
263.0
263.0
261.0
262.0
262.0
263.0
263.0
262.0
264.0
264.0
266.0
252.0
259.0
269.0
266.0
262.0
263.0
263.0
262.0
262.0
262.0
263.0
263.0
263.0
263.0
263.0
264.0
265.0
253.0
260.0
266.0
264.0
262.0
263.0
264.0
262.0
263.0
263.0
264.0
264.0
266.0
268.0
268.0
267.0
264.0
252.0
258.0
265.0
264.0
262.0
263.0
264.0
262.0
263.0
263.0
263.0
265.0
268.0
268.0
265.0
265.0
253.0
258.0
265.0
261.0
261.0
263.0
264.0
264.0
263.0
263.0
264.0
264.0
270.0
263.0
267.0
265.0
252.0
258.0
269.0
271.0
263.0
268.0
263.0
269.0
266.0
268.0
268.0
268.0
267.0
267.0
271.0
270.0
286.0
314.0
