276.0
275.0
275.0
275.0
275.0
273.0
272.0
270.0
275.0
276.0
275.0
276.0
275.0
275.0
272.0
273.0
271.0
276.0
276.0
275.0
275.0
276.0
275.0
275.0
272.0
271.0
269.0
274.0
275.0
275.0
276.0
275.0
275.0
273.0
273.0
271.0
274.0
275.0
275.0
277.0
275.0
275.0
275.0
274.0
273.0
273.0
276.0
276.0
276.0
277.0
275.0
276.0
276.0
276.0
276.0
276.0
275.0
276.0
276.0
276.0
275.0
276.0
273.0
273.0
270.0
275.0
273.0
271.0
270.0
276.0
276.0
271.0
272.0
270.0
273.0
272.0
270.0
272.0
276.0
277.0
273.0
275.0
271.0
277.0
276.0
276.0
276.0
276.0
275.0
275.0
271.0
272.0
271.0
277.0
276.0
276.0
276.0
277.0
277.0
272.0
274.0
270.0
277.0
279.0
279.0
280.0
279.0
279.0
278.0
271.0
276.0
275.0
280.0
280.0
280.0
279.0
278.0
279.0
280.0
280.0
276.0
277.0
277.0
280.0
280.0
279.0
279.0
280.0
280.0
279.0
279.0
279.0
279.0
279.0
279.0
280.0
274.0
275.0
277.0
279.0
281.0
280.0
280.0
280.0
279.0
280.0
280.0
280.0
280.0
280.0
281.0
279.0
279.0
320.0
287.0
283.0
276.0
279.0
278.0
274.0
274.0
276.0
276.0
275.0
275.0
276.0
275.0
276.0
275.0
276.0
276.0
276.0
277.0
276.0
273.0
273.0
271.0
275.0
275.0
275.0
275.0
276.0
276.0
277.0
277.0
276.0
276.0
276.0
276.0
276.0
275.0
273.0
272.0
270.0
276.0
277.0
275.0
276.0
277.0
275.0
275.0
276.0
274.0
275.0
275.0
277.0
274.0
275.0
319.0
295.0
284.0
279.0
275.0
274.0
275.0
273.0
275.0
274.0
275.0
276.0
279.0
274.0
276.0
277.0
280.0
274.0
272.0
275.0
275.0
273.0
275.0
276.0
276.0
276.0
276.0
276.0
276.0
275.0
275.0
277.0
278.0
274.0
272.0
275.0
275.0
274.0
275.0
276.0
275.0
275.0
277.0
276.0
275.0
276.0
276.0
276.0
276.0
278.0
273.0
271.0
275.0
275.0
274.0
275.0
276.0
276.0
275.0
276.0
276.0
275.0
276.0
276.0
277.0
275.0
278.0
273.0
271.0
275.0
275.0
275.0
276.0
277.0
276.0
277.0
276.0
276.0
277.0
277.0
278.0
279.0
277.0
279.0
272.0
271.0
275.0
275.0
274.0
275.0
274.0
276.0
276.0
277.0
276.0
277.0
278.0
278.0
278.0
279.0
273.0
271.0
274.0
275.0
274.0
276.0
278.0
276.0
277.0
277.0
276.0
277.0
276.0
275.0
276.0
277.0
273.0
271.0
275.0
272.0
274.0
276.0
275.0
273.0
274.0
275.0
275.0
274.0
275.0
276.0
275.0
277.0
318.0
309.0
