260.0
260.0
259.0
261.0
258.0
260.0
253.0
259.0
260.0
259.0
258.0
260.0
260.0
259.0
261.0
253.0
261.0
262.0
259.0
259.0
259.0
260.0
257.0
259.0
260.0
252.0
259.0
261.0
258.0
259.0
258.0
260.0
258.0
259.0
254.0
260.0
260.0
259.0
259.0
259.0
259.0
257.0
259.0
259.0
255.0
259.0
260.0
260.0
258.0
258.0
258.0
259.0
260.0
258.0
258.0
258.0
258.0
258.0
258.0
259.0
258.0
259.0
262.0
253.0
261.0
262.0
262.0
253.0
261.0
261.0
258.0
263.0
252.0
262.0
261.0
257.0
255.0
259.0
261.0
259.0
262.0
253.0
262.0
260.0
258.0
259.0
259.0
259.0
257.0
256.0
260.0
252.0
259.0
260.0
258.0
259.0
258.0
258.0
258.0
261.0
252.0
254.0
258.0
256.0
256.0
255.0
267.0
259.0
260.0
250.0
254.0
255.0
257.0
256.0
257.0
256.0
258.0
257.0
256.0
255.0
256.0
255.0
257.0
258.0
256.0
257.0
255.0
257.0
256.0
256.0
259.0
258.0
255.0
256.0
260.0
257.0
257.0
254.0
255.0
260.0
258.0
259.0
257.0
261.0
254.0
256.0
256.0
255.0
258.0
257.0
260.0
256.0
261.0
287.0
290.0
259.0
283.0
266.0
262.0
261.0
262.0
261.0
259.0
259.0
258.0
259.0
259.0
259.0
259.0
259.0
259.0
260.0
260.0
259.0
264.0
254.0
260.0
262.0
259.0
260.0
258.0
261.0
258.0
258.0
259.0
258.0
257.0
258.0
259.0
259.0
259.0
263.0
252.0
259.0
261.0
259.0
259.0
260.0
260.0
258.0
259.0
259.0
266.0
268.0
263.0
260.0
264.0
262.0
289.0
307.0
284.0
283.0
274.0
272.0
260.0
260.0
281.0
263.0
273.0
267.0
257.0
264.0
261.0
262.0
266.0
257.0
261.0
267.0
260.0
262.0
262.0
264.0
260.0
260.0
258.0
259.0
257.0
259.0
257.0
258.0
266.0
256.0
262.0
268.0
260.0
260.0
260.0
262.0
257.0
260.0
260.0
258.0
260.0
259.0
256.0
258.0
258.0
265.0
257.0
262.0
266.0
261.0
262.0
259.0
262.0
258.0
259.0
257.0
257.0
257.0
257.0
257.0
258.0
257.0
265.0
257.0
261.0
263.0
259.0
259.0
258.0
262.0
259.0
259.0
257.0
256.0
256.0
257.0
257.0
258.0
257.0
263.0
254.0
259.0
262.0
260.0
258.0
259.0
259.0
258.0
257.0
257.0
257.0
256.0
257.0
257.0
255.0
263.0
254.0
260.0
262.0
257.0
259.0
258.0
259.0
257.0
257.0
257.0
256.0
256.0
260.0
261.0
260.0
264.0
256.0
260.0
265.0
269.0
267.0
262.0
262.0
263.0
263.0
264.0
261.0
261.0
260.0
259.0
261.0
272.0
291.0
321.0
