267.0
266.0
267.0
267.0
267.0
280.0
269.0
266.0
268.0
266.0
266.0
266.0
266.0
266.0
281.0
267.0
266.0
268.0
266.0
266.0
266.0
266.0
266.0
266.0
281.0
268.0
266.0
268.0
266.0
266.0
266.0
266.0
266.0
274.0
267.0
266.0
267.0
266.0
266.0
266.0
266.0
266.0
266.0
271.0
267.0
265.0
266.0
267.0
266.0
266.0
266.0
265.0
266.0
266.0
266.0
266.0
266.0
266.0
266.0
266.0
266.0
266.0
280.0
268.0
266.0
269.0
280.0
268.0
266.0
267.0
266.0
282.0
268.0
266.0
270.0
272.0
265.0
265.0
266.0
265.0
278.0
266.0
265.0
266.0
265.0
265.0
265.0
265.0
266.0
265.0
277.0
268.0
265.0
265.0
264.0
265.0
265.0
265.0
265.0
279.0
268.0
268.0
267.0
267.0
267.0
267.0
264.0
266.0
265.0
278.0
268.0
266.0
268.0
267.0
267.0
267.0
268.0
268.0
268.0
269.0
281.0
268.0
263.0
267.0
266.0
267.0
267.0
266.0
267.0
267.0
268.0
268.0
267.0
268.0
269.0
268.0
283.0
268.0
265.0
267.0
266.0
266.0
268.0
264.0
270.0
267.0
268.0
268.0
269.0
268.0
267.0
270.0
271.0
294.0
272.0
264.0
264.0
267.0
266.0
265.0
266.0
266.0
266.0
266.0
266.0
265.0
265.0
266.0
265.0
265.0
265.0
265.0
266.0
265.0
278.0
269.0
265.0
267.0
265.0
265.0
265.0
265.0
266.0
265.0
265.0
266.0
265.0
266.0
266.0
266.0
266.0
283.0
269.0
266.0
267.0
265.0
265.0
265.0
265.0
265.0
265.0
265.0
274.0
270.0
267.0
267.0
270.0
268.0
294.0
293.0
293.0
285.0
271.0
269.0
277.0
274.0
271.0
279.0
268.0
272.0
271.0
269.0
269.0
270.0
294.0
271.0
269.0
273.0
269.0
269.0
269.0
268.0
269.0
269.0
269.0
269.0
269.0
268.0
269.0
269.0
292.0
271.0
268.0
272.0
268.0
268.0
269.0
268.0
268.0
269.0
268.0
268.0
269.0
269.0
268.0
268.0
269.0
291.0
271.0
268.0
271.0
270.0
268.0
268.0
268.0
268.0
268.0
268.0
268.0
268.0
267.0
267.0
268.0
268.0
289.0
270.0
268.0
270.0
267.0
267.0
267.0
268.0
269.0
268.0
268.0
268.0
267.0
267.0
268.0
268.0
270.0
289.0
272.0
266.0
269.0
267.0
267.0
267.0
267.0
268.0
267.0
267.0
267.0
267.0
267.0
268.0
268.0
287.0
271.0
266.0
271.0
267.0
266.0
267.0
266.0
267.0
267.0
267.0
267.0
267.0
272.0
270.0
268.0
284.0
270.0
266.0
270.0
273.0
272.0
267.0
268.0
270.0
269.0
268.0
269.0
269.0
268.0
269.0
270.0
266.0
296.0
314.0
