252.0
253.0
255.0
255.0
253.0
250.0
265.0
247.0
257.0
250.0
252.0
254.0
252.0
251.0
251.0
266.0
248.0
257.0
251.0
253.0
253.0
252.0
250.0
250.0
250.0
265.0
249.0
256.0
250.0
251.0
253.0
253.0
250.0
250.0
258.0
247.0
254.0
250.0
251.0
250.0
251.0
251.0
251.0
250.0
257.0
248.0
255.0
250.0
250.0
249.0
252.0
249.0
250.0
252.0
251.0
252.0
251.0
250.0
250.0
251.0
252.0
252.0
248.0
266.0
248.0
256.0
248.0
262.0
251.0
254.0
248.0
248.0
264.0
246.0
251.0
249.0
253.0
249.0
249.0
246.0
245.0
259.0
244.0
248.0
246.0
246.0
247.0
247.0
247.0
249.0
242.0
259.0
247.0
248.0
245.0
246.0
247.0
246.0
246.0
242.0
259.0
247.0
254.0
253.0
252.0
252.0
255.0
243.0
245.0
243.0
254.0
254.0
253.0
253.0
253.0
255.0
252.0
254.0
252.0
252.0
249.0
252.0
253.0
252.0
252.0
252.0
252.0
253.0
253.0
255.0
253.0
254.0
255.0
254.0
254.0
256.0
246.0
252.0
252.0
254.0
252.0
252.0
252.0
254.0
250.0
253.0
253.0
254.0
253.0
255.0
253.0
258.0
252.0
274.0
254.0
245.0
253.0
242.0
250.0
251.0
250.0
250.0
249.0
249.0
249.0
250.0
249.0
249.0
249.0
249.0
249.0
249.0
250.0
250.0
246.0
264.0
245.0
252.0
248.0
249.0
250.0
249.0
250.0
249.0
249.0
250.0
250.0
250.0
251.0
251.0
250.0
247.0
266.0
246.0
252.0
247.0
250.0
250.0
250.0
248.0
248.0
249.0
263.0
264.0
251.0
246.0
261.0
255.0
277.0
293.0
288.0
267.0
252.0
259.0
254.0
255.0
272.0
253.0
273.0
268.0
264.0
265.0
269.0
261.0
272.0
279.0
249.0
268.0
257.0
260.0
264.0
259.0
257.0
260.0
257.0
259.0
259.0
259.0
258.0
260.0
266.0
276.0
249.0
267.0
256.0
260.0
261.0
259.0
255.0
256.0
256.0
258.0
260.0
259.0
260.0
257.0
260.0
266.0
280.0
250.0
265.0
257.0
258.0
259.0
258.0
255.0
258.0
258.0
257.0
257.0
257.0
257.0
257.0
258.0
264.0
275.0
249.0
262.0
254.0
257.0
258.0
257.0
256.0
256.0
257.0
258.0
256.0
257.0
256.0
258.0
256.0
265.0
266.0
253.0
260.0
252.0
255.0
255.0
258.0
255.0
256.0
255.0
257.0
256.0
256.0
256.0
256.0
260.0
270.0
251.0
260.0
252.0
253.0
253.0
256.0
252.0
255.0
256.0
255.0
255.0
263.0
260.0
257.0
255.0
270.0
247.0
264.0
262.0
266.0
257.0
256.0
262.0
256.0
258.0
258.0
260.0
258.0
258.0
260.0
261.0
278.0
328.0
