628.0
637.0
592.0
507.0
537.0
474.0
451.0
412.0
423.0
422.0
451.0
427.0
469.0
512.0
410.0
449.0
425.0
442.0
521.0
462.0
461.0
394.0
419.0
399.0
399.0
334.0
339.0
319.0
387.0
385.0
362.0
375.0
368.0
407.0
466.0
366.0
387.0
368.0
388.0
363.0
350.0
331.0
329.0
351.0
328.0
293.0
337.0
327.0
407.0
375.0
492.0
385.0
397.0
423.0
410.0
409.0
366.0
375.0
425.0
391.0
395.0
410.0
445.0
420.0
414.0
400.0
429.0
488.0
477.0
587.0
518.0
474.0
606.0
547.0
471.0
416.0
431.0
379.0
369.0
371.0
402.0
391.0
447.0
501.0
446.0
470.0
524.0
673.0
593.0
610.0
678.0
693.0
703.0
1029.0
715.0
587.0
683.0
538.0
491.0
443.0
448.0
423.0
417.0
423.0
404.0
408.0
456.0
416.0
436.0
567.0
1196.0
958.0
940.0
938.0
1044.0
723.0
647.0
873.0
584.0
643.0
618.0
546.0
452.0
419.0
419.0
422.0
396.0
407.0
407.0
405.0
431.0
409.0
403.0
932.0
756.0
672.0
700.0
761.0
771.0
838.0
1025.0
928.0
997.0
803.0
664.0
567.0
426.0
363.0
385.0
401.0
398.0
443.0
399.0
381.0
419.0
391.0
413.0
446.0
477.0
520.0
557.0
791.0
844.0
827.0
754.0
1062.0
769.0
762.0
852.0
523.0
422.0
372.0
409.0
397.0
478.0
524.0
460.0
456.0
417.0
408.0
455.0
397.0
400.0
429.0
429.0
398.0
434.0
405.0
411.0
410.0
369.0
380.0
405.0
418.0
449.0
415.0
486.0
1236.0
1246.0
489.0
389.0
412.0
450.0
473.0
377.0
363.0
406.0
374.0
399.0
402.0
384.0
395.0
381.0
420.0
413.0
378.0
372.0
400.0
419.0
371.0
385.0
385.0
372.0
562.0
399.0
371.0
434.0
414.0
399.0
384.0
420.0
410.0
427.0
435.0
423.0
419.0
372.0
658.0
473.0
389.0
534.0
524.0
431.0
479.0
453.0
463.0
538.0
489.0
432.0
450.0
787.0
458.0
488.0
1042.0
870.0
1126.0
1133.0
1114.0
1087.0
1040.0
1106.0
1044.0
1157.0
1081.0
1138.0
636.0
587.0
542.0
501.0
551.0
518.0
589.0
523.0
485.0
578.0
518.0
1032.0
542.0
799.0
1020.0
720.0
1527.0
1338.0
1235.0
1148.0
913.0
1138.0
1131.0
1071.0
910.0
566.0
440.0
527.0
477.0
514.0
507.0
521.0
479.0
501.0
467.0
482.0
480.0
933.0
1156.0
694.0
552.0
974.0
1324.0
1307.0
1014.0
1168.0
989.0
901.0
584.0
466.0
677.0
476.0
430.0
431.0
430.0
527.0
465.0
524.0
482.0
907.0
838.0
966.0
746.0
572.0
569.0
919.0
858.0
944.0
1175.0
1117.0
670.0
644.0
1033.0
556.0
572.0
799.0
535.0
505.0
477.0
479.0
455.0
455.0
462.0
457.0
478.0
410.0
458.0
447.0
437.0
432.0
484.0
463.0
474.0
462.0
465.0
457.0
504.0
486.0
471.0
481.0
638.0
514.0
501.0
435.0
447.0
458.0
457.0
460.0
483.0
491.0
565.0
495.0
580.0
635.0
499.0
516.0
475.0
460.0
460.0
622.0
484.0
617.0
474.0
504.0
482.0
495.0
406.0
445.0
645.0
786.0
520.0
596.0
864.0
1049.0
1173.0
1211.0
1006.0
1125.0
1055.0
1134.0
1698.0
1243.0
1031.0
715.0
607.0
452.0
462.0
464.0
482.0
440.0
436.0
428.0
419.0
501.0
1207.0
1264.0
1054.0
590.0
1189.0
1105.0
1148.0
1155.0
1071.0
1025.0
1354.0
1175.0
1113.0
1197.0
719.0
542.0
485.0
528.0
450.0
447.0
426.0
419.0
406.0
493.0
1093.0
511.0
498.0
455.0
768.0
1012.0
1038.0
844.0
1183.0
974.0
1293.0
1049.0
1102.0
1134.0
1283.0
545.0
460.0
439.0
407.0
398.0
394.0
396.0
406.0
470.0
537.0
417.0
468.0
727.0
437.0
503.0
452.0
815.0
823.0
804.0
804.0
870.0
705.0
588.0
521.0
462.0
451.0
451.0
477.0
473.0
449.0
516.0
447.0
498.0
417.0
546.0
700.0
812.0
938.0
737.0
718.0
758.0
1055.0
991.0
911.0
860.0
766.0
685.0
494.0
442.0
440.0
473.0
462.0
646.0
495.0
537.0
479.0
542.0
489.0
457.0
469.0
442.0
439.0
467.0
450.0
431.0
500.0
498.0
549.0
499.0
448.0
412.0
444.0
421.0
441.0
453.0
500.0
494.0
441.0
442.0
482.0
529.0
472.0
464.0
446.0
425.0
409.0
431.0
432.0
414.0
402.0
411.0
415.0
413.0
427.0
379.0
368.0
381.0
380.0
404.0
428.0
455.0
426.0
412.0
442.0
449.0
506.0
585.0
740.0
1036.0
688.0
984.0
1007.0
1016.0
1095.0
1202.0
1292.0
1270.0
1125.0
742.0
620.0
508.0
430.0
556.0
507.0
465.0
539.0
435.0
441.0
514.0
479.0
978.0
1095.0
568.0
602.0
1019.0
1085.0
1324.0
1228.0
1093.0
990.0
1102.0
708.0
624.0
840.0
507.0
461.0
485.0
542.0
487.0
458.0
448.0
489.0
482.0
435.0
435.0
912.0
1308.0
607.0
1091.0
599.0
1034.0
1094.0
1077.0
1241.0
1012.0
516.0
736.0
563.0
437.0
431.0
466.0
471.0
456.0
437.0
461.0
436.0
515.0
1000.0
628.0
1035.0
1352.0
1214.0
1115.0
1246.0
698.0
625.0
939.0
1107.0
1041.0
1180.0
1176.0
1068.0
552.0
499.0
560.0
523.0
487.0
465.0
462.0
475.0
544.0
475.0
863.0
1154.0
568.0
1133.0
999.0
949.0
1081.0
994.0
1105.0
1240.0
1604.0
1196.0
1078.0
566.0
515.0
468.0
701.0
533.0
622.0
527.0
463.0
446.0
455.0
445.0
457.0
402.0
399.0
403.0
394.0
432.0
428.0
483.0
467.0
411.0
432.0
446.0
454.0
425.0
442.0
478.0
577.0
517.0
491.0
503.0
516.0
507.0
522.0
472.0
488.0
503.0
549.0
456.0
478.0
448.0
415.0
442.0
431.0
448.0
469.0
457.0
421.0
432.0
429.0
478.0
430.0
429.0
452.0
442.0
426.0
427.0
471.0
678.0
529.0
844.0
626.0
907.0
1098.0
1084.0
1009.0
1184.0
1381.0
1174.0
1251.0
1014.0
1270.0
743.0
679.0
539.0
520.0
552.0
556.0
536.0
518.0
452.0
569.0
497.0
1046.0
1340.0
1017.0
636.0
1216.0
1028.0
1141.0
1419.0
1143.0
1095.0
1213.0
1174.0
1312.0
1152.0
645.0
546.0
554.0
555.0
496.0
703.0
514.0
526.0
546.0
512.0
1079.0
957.0
1049.0
791.0
1132.0
1127.0
1089.0
1264.0
1321.0
1289.0
1247.0
1120.0
1136.0
1230.0
677.0
529.0
522.0
687.0
621.0
663.0
684.0
650.0
978.0
649.0
831.0
640.0
1178.0
1193.0
1142.0
1099.0
1141.0
985.0
1262.0
1273.0
1301.0
1186.0
1188.0
1022.0
650.0
552.0
529.0
500.0
498.0
525.0
520.0
454.0
500.0
578.0
969.0
1236.0
1078.0
871.0
1232.0
1353.0
1158.0
1095.0
778.0
1154.0
1195.0
1176.0
1184.0
1303.0
664.0
553.0
521.0
557.0
519.0
532.0
523.0
492.0
536.0
518.0
476.0
494.0
487.0
467.0
513.0
462.0
471.0
441.0
494.0
508.0
475.0
501.0
528.0
524.0
554.0
540.0
539.0
529.0
476.0
481.0
474.0
477.0
473.0
525.0
493.0
427.0
393.0
453.0
474.0
424.0
414.0
405.0
401.0
451.0
433.0
424.0
428.0
409.0
413.0
414.0
479.0
446.0
739.0
534.0
490.0
470.0
450.0
518.0
479.0
510.0
915.0
1055.0
1096.0
1161.0
1004.0
1116.0
1003.0
946.0
1192.0
1218.0
1173.0
1027.0
701.0
619.0
590.0
523.0
586.0
578.0
554.0
464.0
486.0
527.0
734.0
1257.0
1103.0
637.0
1027.0
898.0
1290.0
1162.0
1117.0
715.0
1247.0
1196.0
1209.0
1210.0
1204.0
822.0
691.0
501.0
454.0
427.0
473.0
416.0
389.0
952.0
614.0
1193.0
737.0
1048.0
1192.0
1424.0
1303.0
1117.0
1333.0
827.0
1146.0
1431.0
1234.0
993.0
1051.0
655.0
539.0
602.0
556.0
514.0
607.0
485.0
448.0
507.0
1044.0
1167.0
663.0
781.0
1027.0
670.0
1134.0
934.0
1183.0
825.0
1256.0
1252.0
981.0
1255.0
1275.0
667.0
785.0
608.0
523.0
545.0
532.0
463.0
450.0
510.0
462.0
423.0
600.0
494.0
498.0
529.0
460.0
500.0
478.0
470.0
507.0
433.0
439.0
421.0
456.0
458.0
455.0
500.0
511.0
516.0
492.0
495.0
475.0
499.0
495.0
453.0
470.0
446.0
443.0
447.0
465.0
483.0
465.0
459.0
466.0
465.0
467.0
444.0
488.0
452.0
529.0
521.0
493.0
449.0
445.0
437.0
404.0
453.0
436.0
421.0
409.0
404.0
405.0
513.0
457.0
429.0
484.0
444.0
402.0
416.0
398.0
420.0
431.0
470.0
525.0
503.0
422.0
442.0
407.0
445.0
444.0
564.0
889.0
875.0
1121.0
1242.0
857.0
841.0
1184.0
1087.0
1306.0
779.0
792.0
1240.0
1295.0
1207.0
1205.0
639.0
568.0
546.0
560.0
633.0
512.0
446.0
479.0
582.0
571.0
801.0
1035.0
1119.0
1172.0
1319.0
761.0
619.0
609.0
1251.0
1294.0
1206.0
1217.0
1088.0
1179.0
830.0
603.0
524.0
531.0
502.0
543.0
520.0
514.0
616.0
506.0
564.0
1078.0
1571.0
1411.0
1195.0
1378.0
1100.0
1345.0
1411.0
1526.0
1339.0
1038.0
1408.0
807.0
860.0
760.0
648.0
596.0
655.0
606.0
676.0
488.0
498.0
543.0
514.0
1028.0
1165.0
1253.0
1201.0
1266.0
1268.0
1438.0
1431.0
1402.0
1429.0
812.0
968.0
1298.0
1192.0
657.0
607.0
524.0
518.0
509.0
537.0
511.0
906.0
641.0
578.0
547.0
1009.0
1140.0
1230.0
1035.0
1120.0
1140.0
1186.0
1118.0
1175.0
966.0
1056.0
839.0
556.0
501.0
521.0
484.0
544.0
529.0
509.0
534.0
560.0
502.0
535.0
502.0
535.0
570.0
514.0
518.0
511.0
581.0
779.0
771.0
560.0
520.0
569.0
567.0
532.0
541.0
522.0
452.0
451.0
454.0
411.0
435.0
415.0
400.0
379.0
484.0
516.0
572.0
560.0
505.0
430.0
653.0
436.0
419.0
431.0
412.0
429.0
583.0
541.0
425.0
402.0
390.0
419.0
386.0
382.0
466.0
504.0
970.0
1158.0
673.0
854.0
924.0
1009.0
1069.0
1165.0
1207.0
1157.0
1300.0
1201.0
1093.0
1105.0
1008.0
634.0
540.0
623.0
527.0
577.0
494.0
506.0
500.0
1093.0
552.0
564.0
820.0
1126.0
1065.0
1140.0
1196.0
1282.0
1233.0
1310.0
1170.0
1206.0
1066.0
993.0
1128.0
758.0
545.0
532.0
550.0
541.0
497.0
456.0
452.0
506.0
594.0
1778.0
1272.0
1775.0
2120.0
2336.0
1694.0
1725.0
1626.0
1633.0
1289.0
1084.0
933.0
795.0
842.0
599.0
504.0
566.0
468.0
484.0
490.0
465.0
435.0
436.0
425.0
473.0
495.0
488.0
501.0
525.0
505.0
480.0
491.0
521.0
502.0
469.0
471.0
590.0
661.0
551.0
504.0
497.0
503.0
484.0
506.0
493.0
482.0
579.0
593.0
513.0
627.0
620.0
1044.0
1457.0
1353.0
988.0
1317.0
1295.0
933.0
851.0
844.0
628.0
704.0
513.0
447.0
491.0
452.0
473.0
546.0
504.0
496.0
527.0
511.0
433.0
419.0
461.0
468.0
487.0
464.0
486.0
466.0
454.0
437.0
488.0
448.0
431.0
453.0
449.0
416.0
449.0
423.0
451.0
497.0
414.0
432.0
440.0
418.0
392.0
456.0
425.0
364.0
447.0
407.0
418.0
455.0
429.0
400.0
405.0
386.0
494.0
485.0
419.0
614.0
501.0
623.0
480.0
493.0
490.0
459.0
566.0
498.0
891.0
1508.0
1132.0
1782.0
1495.0
1688.0
1589.0
1663.0
1192.0
986.0
951.0
876.0
822.0
664.0
653.0
547.0
539.0
532.0
566.0
531.0
473.0
530.0
554.0
1378.0
1319.0
644.0
1243.0
1147.0
1502.0
837.0
1868.0
1551.0
1843.0
1170.0
1060.0
693.0
846.0
1014.0
672.0
578.0
528.0
444.0
433.0
449.0
429.0
428.0
436.0
654.0
729.0
1217.0
3064.0
3406.0
5454.0
2578.0
3343.0
3901.0
4060.0
3870.0
4535.0
4031.0
1712.0
3209.0
1104.0
554.0
538.0
536.0
519.0
519.0
510.0
552.0
685.0
724.0
3635.0
4590.0
4999.0
2829.0
3752.0
4698.0
3946.0
3897.0
4933.0
4926.0
4362.0
4530.0
4650.0
4361.0
1202.0
679.0
675.0
675.0
607.0
610.0
609.0
675.0
1199.0
3542.0
3407.0
1496.0
3611.0
4588.0
4170.0
4173.0
4376.0
4512.0
5064.0
5617.0
4683.0
4549.0
4945.0
4526.0
1177.0
724.0
520.0
451.0
525.0
547.0
495.0
516.0
520.0
551.0
467.0
501.0
473.0
523.0
478.0
519.0
470.0
442.0
462.0
440.0
537.0
463.0
464.0
473.0
463.0
392.0
480.0
451.0
478.0
476.0
410.0
418.0
466.0
403.0
376.0
366.0
435.0
391.0
418.0
410.0
469.0
466.0
427.0
494.0
686.0
393.0
423.0
404.0
372.0
419.0
460.0
452.0
489.0
677.0
541.0
506.0
3084.0
3807.0
4525.0
4358.0
4483.0
1516.0
3487.0
4803.0
6031.0
5742.0
6321.0
6558.0
6035.0
6889.0
2229.0
2922.0
974.0
651.0
635.0
651.0
647.0
626.0
577.0
533.0
997.0
1036.0
5269.0
2660.0
4730.0
4998.0
2880.0
4946.0
5221.0
4773.0
4917.0
5963.0
6064.0
3476.0
5130.0
4145.0
1194.0
643.0
639.0
521.0
527.0
528.0
479.0
495.0
766.0
578.0
1809.0
1916.0
3987.0
6155.0
5828.0
5374.0
6433.0
6454.0
7046.0
7228.0
7295.0
6180.0
6832.0
2262.0
702.0
446.0
626.0
573.0
657.0
578.0
524.0
534.0
589.0
617.0
5296.0
5257.0
2006.0
1782.0
1640.0
1450.0
1536.0
1567.0
1882.0
1988.0
1836.0
1879.0
1569.0
850.0
611.0
644.0
559.0
502.0
505.0
481.0
465.0
504.0
577.0
604.0
1534.0
1427.0
1238.0
1523.0
1767.0
1775.0
1914.0
1985.0
2237.0
1862.0
1900.0
1691.0
1687.0
1564.0
659.0
572.0
581.0
514.0
489.0
542.0
495.0
490.0
513.0
534.0
502.0
482.0
511.0
516.0
515.0
524.0
539.0
552.0
601.0
540.0
531.0
549.0
480.0
536.0
461.0
488.0
505.0
619.0
503.0
540.0
594.0
511.0
513.0
464.0
431.0
524.0
468.0
427.0
486.0
514.0
482.0
479.0
474.0
441.0
494.0
443.0
416.0
459.0
430.0
679.0
556.0
501.0
485.0
592.0
462.0
506.0
584.0
473.0
895.0
874.0
1250.0
1791.0
1350.0
1581.0
1980.0
944.0
1240.0
1163.0
1038.0
1190.0
1026.0
1089.0
659.0
603.0
586.0
573.0
570.0
562.0
558.0
613.0
642.0
634.0
576.0
842.0
1152.0
1163.0
1000.0
1153.0
1113.0
1125.0
1393.0
1205.0
1088.0
1254.0
955.0
883.0
691.0
718.0
681.0
647.0
669.0
637.0
576.0
576.0
582.0
587.0
584.0
848.0
1059.0
985.0
962.0
948.0
1118.0
1016.0
1310.0
1153.0
1213.0
1049.0
986.0
1186.0
640.0
632.0
603.0
585.0
577.0
784.0
636.0
666.0
618.0
605.0
833.0
922.0
1027.0
1309.0
1280.0
1229.0
1108.0
1068.0
1282.0
1109.0
1113.0
1084.0
1093.0
1168.0
644.0
616.0
642.0
600.0
549.0
611.0
508.0
596.0
609.0
576.0
702.0
1085.0
853.0
1069.0
1164.0
1093.0
1027.0
1173.0
1163.0
1265.0
1579.0
1586.0
1619.0
1439.0
1182.0
1042.0
685.0
621.0
563.0
600.0
592.0
611.0
601.0
587.0
606.0
548.0
945.0
692.0
623.0
624.0
648.0
545.0
566.0
544.0
533.0
554.0
545.0
612.0
609.0
578.0
585.0
653.0
649.0
592.0
544.0
541.0
690.0
513.0
553.0
628.0
566.0
586.0
580.0
588.0
542.0
543.0
511.0
548.0
534.0
579.0
565.0
611.0
545.0
524.0
608.0
662.0
642.0
635.0
560.0
666.0
659.0
657.0
693.0
752.0
910.0
1079.0
982.0
1040.0
1203.0
1233.0
1517.0
1187.0
1289.0
1027.0
1144.0
1234.0
716.0
570.0
587.0
623.0
574.0
646.0
580.0
541.0
692.0
563.0
1054.0
700.0
1013.0
980.0
820.0
708.0
765.0
975.0
1085.0
1064.0
974.0
875.0
1124.0
973.0
720.0
751.0
685.0
818.0
732.0
641.0
602.0
651.0
811.0
657.0
642.0
696.0
861.0
927.0
880.0
810.0
994.0
935.0
1031.0
988.0
851.0
833.0
735.0
750.0
613.0
578.0
598.0
549.0
566.0
595.0
618.0
616.0
664.0
786.0
719.0
835.0
681.0
903.0
840.0
894.0
898.0
962.0
1234.0
1317.0
1232.0
913.0
1017.0
741.0
593.0
562.0
587.0
625.0
545.0
508.0
1156.0
650.0
709.0
813.0
663.0
1062.0
1005.0
925.0
1122.0
912.0
1083.0
1067.0
931.0
1157.0
907.0
680.0
827.0
851.0
748.0
552.0
797.0
676.0
711.0
818.0
706.0
728.0
771.0
670.0
712.0
770.0
629.0
542.0
756.0
631.0
639.0
687.0
568.0
590.0
575.0
717.0
562.0
598.0
546.0
498.0
551.0
608.0
582.0
595.0
544.0
480.0
635.0
605.0
493.0
581.0
530.0
503.0
596.0
577.0
538.0
455.0
558.0
572.0
462.0
707.0
484.0
699.0
547.0
526.0
589.0
798.0
532.0
679.0
829.0
621.0
564.0
698.0
684.0
624.0
462.0
467.0
590.0
755.0
543.0
473.0
478.0
493.0
527.0
577.0
550.0
557.0
492.0
522.0
669.0
545.0
669.0
675.0
820.0
550.0
640.0
801.0
910.0
754.0
846.0
966.0
771.0
934.0
821.0
1033.0
1075.0
1064.0
834.0
932.0
973.0
868.0
660.0
559.0
887.0
741.0
560.0
584.0
491.0
481.0
554.0
696.0
587.0
659.0
646.0
740.0
736.0
768.0
800.0
738.0
813.0
742.0
798.0
694.0
727.0
880.0
779.0
509.0
653.0
746.0
564.0
600.0
500.0
753.0
555.0
520.0
604.0
700.0
641.0
615.0
697.0
803.0
767.0
818.0
874.0
881.0
874.0
872.0
718.0
712.0
733.0
536.0
550.0
652.0
556.0
608.0
608.0
676.0
702.0
754.0
789.0
770.0
795.0
646.0
758.0
783.0
793.0
903.0
998.0
1006.0
858.0
850.0
689.0
741.0
599.0
638.0
678.0
587.0
646.0
609.0
682.0
620.0
710.0
590.0
508.0
608.0
684.0
578.0
670.0
553.0
592.0
498.0
569.0
566.0
