1817.0
1533.0
1449.0
1395.0
1405.0
1227.0
1214.0
1182.0
1157.0
1257.0
1148.0
1075.0
1148.0
1180.0
1264.0
1381.0
1397.0
1356.0
1385.0
1466.0
1950.0
1728.0
1873.0
1787.0
1805.0
1536.0
1471.0
1415.0
1420.0
1235.0
1225.0
1193.0
1170.0
1264.0
1169.0
1093.0
1168.0
1197.0
1271.0
1390.0
1413.0
1380.0
1402.0
1482.0
1978.0
1739.0
1881.0
1810.0
1831.0
1545.0
1478.0
1431.0
1432.0
1244.0
1231.0
1206.0
1180.0
1266.0
1173.0
1099.0
1168.0
1205.0
1285.0
1407.0
1454.0
1401.0
1421.0
1495.0
2060.0
1776.0
1915.0
1834.0
1837.0
1559.0
1489.0
1444.0
1445.0
1249.0
1234.0
1210.0
1186.0
1269.0
1175.0
1105.0
1177.0
1211.0
1291.0
1416.0
1461.0
1411.0
1427.0
1502.0
2062.0
1783.0
1929.0
1847.0
1847.0
1568.0
1492.0
1443.0
1448.0
1256.0
1258.0
1220.0
1188.0
1271.0
1177.0
1151.0
1181.0
1219.0
1296.0
1420.0
1519.0
1417.0
1433.0
1506.0
2072.0
1790.0
1941.0
1860.0
1864.0
1597.0
1496.0
1450.0
1456.0
1308.0
1277.0
1225.0
1195.0
1276.0
1189.0
1200.0
1196.0
1235.0
1306.0
1436.0
1481.0
1429.0
1448.0
1622.0
2079.0
1823.0
1950.0
1880.0
1894.0
1598.0
1514.0
1464.0
1464.0
1271.0
1255.0
1239.0
1212.0
1291.0
1204.0
1189.0
1201.0
1237.0
1317.0
1451.0
1496.0
1451.0
1468.0
1544.0
2104.0
1840.0
1958.0
1895.0
1914.0
1615.0
1530.0
1513.0
1479.0
1282.0
1302.0
1247.0
1293.0
1329.0
1226.0
1087.0
1208.0
1240.0
1326.0
1468.0
1517.0
1472.0
1494.0
1563.0
2113.0
1929.0
2022.0
1935.0
1944.0
1519.0
1591.0
1439.0
1490.0
1290.0
1274.0
1263.0
1236.0
1336.0
1229.0
1056.0
1219.0
1254.0
1367.0
1494.0
1536.0
1497.0
1515.0
1582.0
2145.0
1959.0
2050.0
1955.0
1880.0
1661.0
1579.0
1582.0
1526.0
1311.0
1280.0
1242.0
1256.0
1425.0
1232.0
1164.0
1240.0
1266.0
1399.0
1506.0
1546.0
1508.0
1538.0
1601.0
2169.0
1956.0
2065.0
1969.0
1984.0
1658.0
1597.0
1592.0
1531.0
1316.0
1286.0
1294.0
1329.0
1358.0
1238.0
1172.0
1251.0
1274.0
1462.0
1522.0
1567.0
1519.0
1551.0
1613.0
2182.0
1954.0
2070.0
1981.0
2002.0
1666.0
1587.0
1597.0
1529.0
1313.0
1291.0
1283.0
1341.0
1351.0
1238.0
1182.0
1262.0
1275.0
1493.0
1525.0
1573.0
1527.0
1561.0
1625.0
2228.0
2005.0
2079.0
1989.0
2017.0
1682.0
1614.0
1600.0
1532.0
1340.0
1286.0
1457.0
1401.0
1390.0
1236.0
1152.0
1253.0
1319.0
1517.0
1534.0
1602.0
1512.0
1550.0
1643.0
2263.0
2036.0
1998.0
1936.0
1980.0
1794.0
1658.0
1670.0
1604.0
1343.0
1295.0
1481.0
1444.0
1387.0
1244.0
1162.0
1278.0
1286.0
1520.0
1564.0
1572.0
1523.0
1576.0
1660.0
2273.0
2140.0
2051.0
1961.0
1991.0
1808.0
1685.0
1684.0
1612.0
1397.0
