1615.0
1464.0
1394.0
1362.0
1379.0
1247.0
1207.0
1193.0
1178.0
1249.0
1170.0
1092.0
1154.0
1189.0
1243.0
1338.0
1364.0
1337.0
1350.0
1410.0
1681.0
1599.0
1643.0
1600.0
1606.0
1472.0
1408.0
1369.0
1375.0
1243.0
1217.0
1202.0
1184.0
1242.0
1189.0
1104.0
1169.0
1200.0
1256.0
1348.0
1377.0
1356.0
1365.0
1419.0
1697.0
1603.0
1642.0
1615.0
1620.0
1473.0
1412.0
1387.0
1388.0
1253.0
1221.0
1212.0
1200.0
1253.0
1198.0
1117.0
1168.0
1212.0
1270.0
1358.0
1406.0
1362.0
1373.0
1431.0
1729.0
1625.0
1660.0
1629.0
1625.0
1478.0
1418.0
1394.0
1397.0
1257.0
1224.0
1212.0
1204.0
1258.0
1193.0
1116.0
1182.0
1217.0
1283.0
1373.0
1407.0
1377.0
1379.0
1435.0
1729.0
1634.0
1663.0
1636.0
1632.0
1490.0
1417.0
1399.0
1405.0
1267.0
1247.0
1217.0
1193.0
1258.0
1187.0
1155.0
1186.0
1220.0
1275.0
1371.0
1454.0
1384.0
1385.0
1445.0
1740.0
1631.0
1671.0
1645.0
1636.0
1502.0
1431.0
1402.0
1402.0
1301.0
1261.0
1231.0
1211.0
1269.0
1201.0
1197.0
1200.0
1237.0
1292.0
1386.0
1421.0
1397.0
1396.0
1517.0
1733.0
1650.0
1675.0
1650.0
1642.0
1495.0
1433.0
1404.0
1408.0
1278.0
1253.0
1243.0
1225.0
1264.0
1219.0
1192.0
1206.0
1242.0
1300.0
1393.0
1439.0
1404.0
1405.0
1464.0
1746.0
1658.0
1677.0
1658.0
1659.0
1517.0
1444.0
1437.0
1424.0
1292.0
1280.0
1242.0
1283.0
1308.0
1235.0
1113.0
1208.0
1253.0
1306.0
1409.0
1449.0
1419.0
1424.0
1480.0
1747.0
1695.0
1708.0
1676.0
1676.0
1454.0
1484.0
1398.0
1436.0
1288.0
1262.0
1256.0
1246.0
1319.0
1239.0
1108.0
1221.0
1264.0
1331.0
1432.0
1456.0
1436.0
1448.0
1486.0
1765.0
1703.0
1720.0
1686.0
1637.0
1543.0
1481.0
1487.0
1460.0
1312.0
1267.0
1255.0
1262.0
1384.0
1235.0
1171.0
1233.0
1269.0
1363.0
1437.0
1463.0
1451.0
1458.0
1498.0
1777.0
1695.0
1727.0
1690.0
1691.0
1536.0
1488.0
1496.0
1465.0
1317.0
1272.0
1290.0
1316.0
1342.0
1246.0
1182.0
1242.0
1284.0
1403.0
1462.0
1488.0
1451.0
1460.0
1511.0
1773.0
1690.0
1730.0
1692.0
1703.0
1536.0
1483.0
1497.0
1464.0
1314.0
1283.0
1271.0
1322.0
1329.0
1249.0
1184.0
1258.0
1274.0
1433.0
1462.0
1488.0
1457.0
1474.0
1511.0
1798.0
1720.0
1728.0
1703.0
1709.0
1553.0
1495.0
1503.0
1463.0
1341.0
1279.0
1406.0
1381.0
1362.0
1247.0
1170.0
1253.0
1313.0
1446.0
1459.0
1504.0
1451.0
1465.0
1529.0
1807.0
1732.0
1693.0
1676.0
1692.0
1614.0
1531.0
1540.0
1510.0
1330.0
1279.0
1426.0
1411.0
1356.0
1251.0
1188.0
1265.0
1286.0
1449.0
1481.0
1477.0
1448.0
1490.0
1546.0
1812.0
1772.0
1713.0
1684.0
1698.0
1618.0
1553.0
1551.0
1509.0
1371.0
