574.0
571.0
542.0
542.0
509.0
539.0
492.0
519.0
524.0
549.0
588.0
549.0
548.0
585.0
613.0
571.0
529.0
509.0
580.0
529.0
454.0
595.0
532.0
526.0
568.0
538.0
527.0
504.0
497.0
497.0
517.0
527.0
549.0
551.0
545.0
484.0
546.0
605.0
611.0
595.0
557.0
534.0
644.0
600.0
642.0
709.0
903.0
1083.0
1057.0
1074.0
1192.0
1229.0
1468.0
1209.0
1257.0
1083.0
1143.0
1217.0
814.0
514.0
438.0
536.0
506.0
561.0
600.0
494.0
596.0
577.0
1071.0
998.0
1085.0
1093.0
880.0
647.0
658.0
959.0
1094.0
1105.0
1039.0
914.0
1112.0
1056.0
745.0
647.0
604.0
758.0
755.0
591.0
533.0
544.0
750.0
730.0
577.0
626.0
822.0
941.0
939.0
826.0
995.0
997.0
1050.0
1042.0
902.0
825.0
684.0
665.0
582.0
493.0
546.0
517.0
510.0
570.0
578.0
589.0
612.0
749.0
752.0
834.0
756.0
905.0
931.0
913.0
945.0
991.0
1204.0
1284.0
1206.0
1005.0
1031.0
782.0
546.0
477.0
525.0
565.0
537.0
501.0
1155.0
1051.0
631.0
858.0
704.0
1051.0
1126.0
991.0
1102.0
1001.0
1074.0
1099.0
1004.0
1138.0
1015.0
693.0
796.0
865.0
753.0
565.0
697.0
759.0
644.0
878.0
746.0
687.0
786.0
661.0
630.0
783.0
644.0
536.0
679.0
690.0
558.0
693.0
576.0
518.0
587.0
631.0
591.0
521.0
597.0
459.0
513.0
601.0
584.0
569.0
564.0
476.0
559.0
622.0
499.0
523.0
544.0
470.0
559.0
587.0
521.0
473.0
505.0
574.0
476.0
594.0
493.0
496.0
591.0
435.0
583.0
750.0
605.0
516.0
851.0
674.0
543.0
641.0
660.0
600.0
528.0
444.0
568.0
726.0
616.0
473.0
494.0
465.0
522.0
578.0
576.0
538.0
496.0
504.0
669.0
527.0
546.0
730.0
765.0
608.0
483.0
818.0
883.0
818.0
875.0
1002.0
841.0
921.0
913.0
997.0
1116.0
1076.0
912.0
943.0
1021.0
922.0
712.0
577.0
881.0
916.0
543.0
569.0
551.0
438.0
561.0
666.0
654.0
579.0
703.0
652.0
784.0
758.0
832.0
765.0
813.0
809.0
783.0
774.0
666.0
910.0
861.0
547.0
472.0
714.0
549.0
589.0
592.0
679.0
624.0
480.0
650.0
687.0
716.0
651.0
730.0
820.0
822.0
853.0
940.0
925.0
923.0
914.0
727.0
669.0
723.0
501.0
512.0
683.0
527.0
594.0
677.0
680.0
761.0
788.0
851.0
807.0
831.0
673.0
740.0
830.0
798.0
968.0
1030.0
1054.0
915.0
880.0
673.0
726.0
604.0
587.0
708.0
583.0
652.0
659.0
685.0
675.0
720.0
634.0
514.0
613.0
700.0
607.0
674.0
586.0
552.0
532.0
537.0
611.0
