698.0
682.0
674.0
568.0
526.0
556.0
545.0
545.0
545.0
632.0
688.0
637.0
616.0
712.0
734.0
647.0
579.0
569.0
717.0
572.0
479.0
642.0
652.0
580.0
611.0
633.0
580.0
544.0
524.0
530.0
548.0
579.0
616.0
639.0
608.0
542.0
607.0
731.0
714.0
683.0
648.0
664.0
739.0
703.0
706.0
804.0
958.0
1090.0
1037.0
1059.0
1154.0
1175.0
1401.0
1114.0
1205.0
1002.0
1110.0
1159.0
771.0
645.0
508.0
541.0
563.0
581.0
612.0
573.0
685.0
662.0
1041.0
1005.0
1056.0
1083.0
876.0
762.0
705.0
1004.0
1102.0
1071.0
1007.0
899.0
1104.0
1016.0
771.0
729.0
601.0
792.0
736.0
620.0
603.0
587.0
847.0
733.0
625.0
688.0
935.0
932.0
944.0
886.0
1025.0
1001.0
1040.0
1013.0
903.0
864.0
712.0
684.0
591.0
552.0
546.0
550.0
519.0
595.0
654.0
692.0
708.0
842.0
811.0
857.0
802.0
946.0
945.0
914.0
953.0
985.0
1185.0
1217.0
1146.0
953.0
1029.0
768.0
618.0
556.0
527.0
610.0
540.0
500.0
1164.0
1075.0
777.0
913.0
713.0
998.0
1090.0
955.0
1085.0
976.0
1069.0
1068.0
965.0
1136.0
952.0
745.0
838.0
866.0
746.0
626.0
710.0
773.0
668.0
843.0
766.0
716.0
801.0
666.0
662.0
772.0
646.0
571.0
685.0
752.0
624.0
716.0
665.0
588.0
637.0
731.0
625.0
580.0
636.0
534.0
546.0
624.0
647.0
649.0
627.0
535.0
626.0
702.0
557.0
548.0
583.0
525.0
571.0
622.0
576.0
493.0
514.0
642.0
509.0
626.0
564.0
560.0
673.0
504.0
594.0
841.0
652.0
572.0
928.0
740.0
593.0
696.0
780.0
659.0
556.0
475.0
594.0
783.0
642.0
513.0
508.0
510.0
525.0
599.0
610.0
595.0
543.0
524.0
657.0
624.0
650.0
811.0
843.0
782.0
520.0
928.0
957.0
844.0
855.0
1018.0
902.0
890.0
983.0
926.0
1098.0
1058.0
993.0
883.0
1008.0
952.0
814.0
529.0
816.0
979.0
583.0
546.0
614.0
438.0
506.0
665.0
725.0
644.0
731.0
793.0
850.0
784.0
876.0
822.0
795.0
835.0
743.0
763.0
628.0
861.0
894.0
617.0
426.0
726.0
687.0
547.0
613.0
745.0
660.0
510.0
667.0
732.0
790.0
644.0
771.0
868.0
826.0
845.0
943.0
940.0
932.0
909.0
710.0
653.0
668.0
495.0
502.0
628.0
556.0
612.0
658.0
735.0
801.0
809.0
875.0
820.0
865.0
651.0
727.0
779.0
758.0
929.0
1032.0
1040.0
915.0
900.0
630.0
689.0
573.0
608.0
654.0
587.0
658.0
649.0
766.0
679.0
764.0
651.0
547.0
624.0
710.0
627.0
701.0
619.0
624.0
544.0
565.0
601.0
