556.0
499.0
546.0
547.0
493.0
500.0
505.0
503.0
518.0
531.0
561.0
540.0
515.0
556.0
586.0
553.0
501.0
482.0
570.0
567.0
464.0
523.0
558.0
511.0
520.0
526.0
517.0
494.0
492.0
491.0
512.0
513.0
536.0
532.0
539.0
492.0
506.0
588.0
584.0
545.0
524.0
528.0
597.0
579.0
577.0
633.0
837.0
1042.0
1007.0
1048.0
1176.0
1217.0
1429.0
1198.0
1274.0
1073.0
1140.0
1211.0
758.0
465.0
433.0
488.0
534.0
527.0
565.0
521.0
552.0
575.0
1087.0
846.0
1069.0
992.0
774.0
576.0
602.0
892.0
1060.0
1085.0
1000.0
835.0
1086.0
997.0
664.0
592.0
583.0
719.0
660.0
545.0
505.0
512.0
726.0
667.0
564.0
555.0
765.0
880.0
860.0
727.0
944.0
915.0
1016.0
1006.0
826.0
751.0
642.0
620.0
567.0
492.0
502.0
526.0
513.0
543.0
562.0
577.0
576.0
704.0
683.0
793.0
668.0
887.0
814.0
850.0
870.0
938.0
1170.0
1251.0
1211.0
951.0
999.0
756.0
497.0
455.0
484.0
569.0
574.0
493.0
1133.0
900.0
692.0
659.0
641.0
1050.0
1033.0
944.0
1089.0
927.0
1057.0
1074.0
950.0
1121.0
962.0
650.0
727.0
795.0
762.0
523.0
673.0
705.0
697.0
726.0
701.0
719.0
666.0
621.0
693.0
685.0
626.0
540.0
629.0
618.0
630.0
627.0
550.0
554.0
548.0
611.0
593.0
550.0
510.0
501.0
520.0
562.0
575.0
573.0
537.0
491.0
545.0
615.0
522.0
483.0
523.0
501.0
537.0
559.0
530.0
467.0
474.0
570.0
504.0
583.0
524.0
575.0
545.0
501.0
522.0
796.0
603.0
533.0
709.0
638.0
582.0
579.0
637.0
653.0
505.0
441.0
509.0
779.0
631.0
503.0
436.0
478.0
527.0
563.0
555.0
548.0
510.0
479.0
642.0
555.0
609.0
638.0
794.0
659.0
553.0
703.0
785.0
832.0
831.0
913.0
823.0
912.0
834.0
953.0
1069.0
1084.0
953.0
908.0
960.0
931.0
708.0
568.0
813.0
870.0
587.0
557.0
539.0
496.0
537.0
642.0
620.0
582.0
565.0
705.0
759.0
737.0
760.0
780.0
791.0
818.0
781.0
790.0
675.0
809.0
889.0
641.0
444.0
541.0
704.0
602.0
525.0
726.0
628.0
577.0
568.0
715.0
710.0
655.0
702.0
790.0
799.0
839.0
885.0
915.0
911.0
893.0
744.0
696.0
698.0
541.0
555.0
627.0
571.0
636.0
612.0
694.0
731.0
770.0
809.0
796.0
809.0
659.0
754.0
767.0
826.0
922.0
1005.0
1035.0
904.0
877.0
676.0
728.0
591.0
614.0
679.0
634.0
668.0
640.0
707.0
653.0
726.0
607.0
533.0
565.0
696.0
602.0
660.0
539.0
601.0
496.0
544.0
572.0
