605.0
685.0
666.0
535.0
503.0
542.0
537.0
544.0
557.0
627.0
653.0
590.0
592.0
671.0
684.0
597.0
568.0
550.0
698.0
544.0
457.0
655.0
619.0
551.0
602.0
602.0
561.0
527.0
519.0
531.0
546.0
579.0
593.0
620.0
572.0
513.0
598.0
716.0
661.0
628.0
612.0
635.0
693.0
638.0
689.0
773.0
937.0
1049.0
1018.0
1041.0
1150.0
1196.0
1417.0
1159.0
1216.0
1042.0
1116.0
1184.0
818.0
560.0
558.0
608.0
533.0
569.0
616.0
547.0
684.0
621.0
1112.0
924.0
1055.0
1036.0
884.0
664.0
705.0
1009.0
1068.0
1056.0
988.0
885.0
1092.0
1037.0
753.0
635.0
698.0
801.0
760.0
598.0
619.0
642.0
833.0
694.0
593.0
723.0
907.0
937.0
894.0
788.0
997.0
998.0
1031.0
1001.0
884.0
816.0
712.0
710.0
661.0
569.0
577.0
547.0
522.0
610.0
654.0
649.0
677.0
824.0
766.0
829.0
783.0
901.0
934.0
901.0
914.0
972.0
1162.0
1258.0
1189.0
968.0
1020.0
780.0
599.0
561.0
565.0
607.0
547.0
500.0
1217.0
960.0
694.0
883.0
689.0
1052.0
1060.0
987.0
1077.0
980.0
1069.0
1071.0
986.0
1111.0
986.0
704.0
756.0
899.0
795.0
547.0
713.0
788.0
650.0
821.0
726.0
726.0
802.0
648.0
677.0
822.0
616.0
571.0
748.0
700.0
542.0
758.0
625.0
544.0
616.0
735.0
583.0
540.0
608.0
507.0
535.0
652.0
608.0
609.0
590.0
490.0
606.0
688.0
505.0
523.0
580.0
520.0
571.0
624.0
553.0
480.0
512.0
626.0
511.0
662.0
528.0
551.0
614.0
474.0
602.0
882.0
587.0
531.0
929.0
697.0
573.0
726.0
746.0
595.0
531.0
457.0
586.0
831.0
603.0
465.0
492.0
495.0
549.0
595.0
587.0
570.0
520.0
498.0
728.0
627.0
551.0
818.0
835.0
726.0
482.0
921.0
932.0
837.0
856.0
995.0
896.0
908.0
944.0
961.0
1097.0
1062.0
957.0
903.0
1005.0
957.0
668.0
502.0
874.0
959.0
488.0
549.0
583.0
444.0
511.0
735.0
649.0
573.0
771.0
725.0
852.0
740.0
840.0
818.0
816.0
849.0
738.0
814.0
632.0
917.0
907.0
496.0
455.0
806.0
560.0
500.0
591.0
730.0
636.0
473.0
656.0
760.0
726.0
575.0
764.0
883.0
817.0
844.0
941.0
942.0
930.0
895.0
708.0
662.0
755.0
503.0
515.0
661.0
556.0
587.0
671.0
718.0
792.0
784.0
863.0
826.0
843.0
644.0
745.0
841.0
782.0
933.0
1013.0
1061.0
914.0
864.0
610.0
721.0
610.0
590.0
698.0
577.0
634.0
662.0
728.0
665.0
716.0
627.0
529.0
611.0
750.0
589.0
644.0
604.0
576.0
520.0
519.0
609.0
