600.0
558.0
576.0
501.0
510.0
505.0
468.0
514.0
509.0
560.0
599.0
545.0
533.0
614.0
610.0
557.0
500.0
497.0
628.0
524.0
496.0
598.0
546.0
532.0
552.0
541.0
526.0
499.0
470.0
514.0
511.0
554.0
533.0
565.0
538.0
470.0
551.0
658.0
616.0
584.0
524.0
575.0
626.0
613.0
639.0
700.0
886.0
1011.0
977.0
979.0
1073.0
1089.0
1262.0
1083.0
1100.0
987.0
1013.0
1087.0
748.0
485.0
519.0
538.0
513.0
567.0
545.0
488.0
608.0
568.0
997.0
844.0
968.0
989.0
810.0
660.0
696.0
930.0
1020.0
1010.0
958.0
838.0
1035.0
990.0
705.0
659.0
598.0
747.0
687.0
567.0
528.0
548.0
779.0
648.0
580.0
628.0
828.0
903.0
896.0
782.0
954.0
944.0
981.0
972.0
845.0
803.0
703.0
686.0
562.0
497.0
551.0
517.0
517.0
566.0
597.0
595.0
635.0
754.0
701.0
806.0
706.0
856.0
860.0
898.0
907.0
953.0
1099.0
1151.0
1085.0
895.0
965.0
778.0
519.0
505.0
527.0
578.0
523.0
472.0
1083.0
904.0
660.0
843.0
658.0
978.0
1029.0
940.0
1017.0
939.0
1011.0
1023.0
929.0
1047.0
964.0
667.0
808.0
846.0
766.0
497.0
775.0
665.0
703.0
809.0
702.0
709.0
756.0
634.0
689.0
764.0
604.0
547.0
688.0
662.0
613.0
687.0
565.0
532.0
570.0
710.0
551.0
566.0
553.0
474.0
523.0
611.0
614.0
594.0
562.0
451.0
583.0
657.0
482.0
536.0
534.0
477.0
570.0
586.0
501.0
444.0
512.0
591.0
444.0
666.0
495.0
607.0
593.0
461.0
590.0
797.0
540.0
608.0
884.0
611.0
546.0
680.0
692.0
617.0
447.0
408.0
566.0
775.0
546.0
462.0
448.0
480.0
520.0
572.0
554.0
532.0
483.0
514.0
701.0
586.0
606.0
765.0
791.0
588.0
541.0
857.0
862.0
857.0
816.0
980.0
844.0
892.0
908.0
995.0
1036.0
1036.0
894.0
930.0
998.0
921.0
735.0
534.0
892.0
865.0
564.0
576.0
530.0
472.0
556.0
684.0
693.0
623.0
721.0
662.0
813.0
761.0
828.0
775.0
808.0
846.0
779.0
770.0
681.0
911.0
876.0
518.0
564.0
830.0
573.0
608.0
532.0
729.0
613.0
530.0
644.0
726.0
720.0
637.0
790.0
843.0
825.0
870.0
933.0
943.0
949.0
930.0
758.0
697.0
761.0
492.0
561.0
663.0
550.0
616.0
664.0
718.0
766.0
800.0
851.0
838.0
836.0
678.0
784.0
820.0
848.0
982.0
1040.0
1048.0
888.0
924.0
706.0
718.0
561.0
662.0
701.0
566.0
690.0
646.0
756.0
668.0
787.0
573.0
538.0
624.0
741.0
634.0
732.0
574.0
616.0
515.0
557.0
624.0
