704.0
661.0
513.0
502.0
508.0
514.0
574.0
507.0
614.0
597.0
675.0
658.0
578.0
632.0
718.0
690.0
582.0
571.0
546.0
628.0
497.0
530.0
678.0
551.0
597.0
645.0
597.0
556.0
584.0
568.0
601.0
580.0
625.0
647.0
649.0
565.0
567.0
716.0
743.0
632.0
611.0
496.0
654.0
695.0
544.0
725.0
742.0
1031.0
972.0
1066.0
1166.0
1160.0
1327.0
1108.0
1195.0
989.0
1134.0
1161.0
676.0
621.0
486.0
431.0
529.0
541.0
565.0
564.0
494.0
672.0
950.0
916.0
1028.0
1102.0
857.0
747.0
734.0
920.0
1067.0
1067.0
992.0
876.0
1126.0
1021.0
741.0
693.0
641.0
642.0
678.0
552.0
378.0
439.0
542.0
747.0
475.0
511.0
696.0
810.0
900.0
783.0
1010.0
965.0
1044.0
1003.0
849.0
830.0
728.0
667.0
550.0
447.0
339.0
465.0
440.0
512.0
581.0
598.0
622.0
706.0
796.0
798.0
738.0
831.0
870.0
897.0
875.0
975.0
1143.0
1179.0
1126.0
914.0
1060.0
756.0
611.0
524.0
452.0
490.0
558.0
423.0
1051.0
989.0
702.0
784.0
673.0
933.0
1077.0
958.0
1114.0
913.0
1087.0
1096.0
977.0
1149.0
921.0
718.0
765.0
833.0
727.0
521.0
470.0
639.0
638.0
569.0
675.0
578.0
723.0
520.0
528.0
592.0
474.0
416.0
432.0
565.0
612.0
454.0
610.0
453.0
524.0
572.0
612.0
519.0
535.0
532.0
504.0
656.0
636.0
627.0
615.0
554.0
569.0
758.0
596.0
479.0
618.0
566.0
585.0
664.0
601.0
525.0
550.0
660.0
579.0
612.0
545.0
577.0
500.0
490.0
504.0
787.0
615.0
571.0
677.0
755.0
523.0
531.0
632.0
684.0
469.0
460.0
479.0
716.0
724.0
470.0
470.0
491.0
593.0
650.0
643.0
589.0
529.0
543.0
743.0
673.0
588.0
633.0
899.0
528.0
562.0
625.0
882.0
729.0
857.0
917.0
830.0
858.0
875.0
998.0
1083.0
1048.0
910.0
969.0
996.0
902.0
714.0
571.0
756.0
938.0
651.0
507.0
558.0
453.0
580.0
619.0
669.0
597.0
635.0
816.0
747.0
847.0
683.0
873.0
800.0
854.0
711.0
668.0
613.0
668.0
791.0
555.0
481.0
436.0
598.0
376.0
474.0
600.0
529.0
496.0
531.0
781.0
708.0
752.0
583.0
899.0
793.0
920.0
896.0
912.0
881.0
879.0
639.0
603.0
599.0
439.0
442.0
521.0
461.0
554.0
562.0
686.0
802.0
909.0
877.0
942.0
865.0
737.0
686.0
769.0
708.0
818.0
965.0
989.0
838.0
826.0
563.0
601.0
529.0
486.0
543.0
508.0
460.0
584.0
604.0
727.0
688.0
676.0
561.0
525.0
759.0
647.0
700.0
559.0
613.0
510.0
616.0
626.0
