630.0
546.0
547.0
531.0
496.0
464.0
477.0
477.0
487.0
536.0
552.0
545.0
523.0
553.0
600.0
564.0
504.0
469.0
565.0
519.0
483.0
515.0
526.0
513.0
514.0
522.0
480.0
477.0
456.0
465.0
480.0
515.0
508.0
534.0
501.0
469.0
511.0
588.0
601.0
597.0
524.0
530.0
606.0
606.0
586.0
687.0
892.0
1018.0
985.0
999.0
1071.0
1078.0
1282.0
1042.0
1107.0
984.0
1021.0
1080.0
769.0
525.0
494.0
491.0
492.0
535.0
555.0
497.0
555.0
559.0
1095.0
801.0
1038.0
965.0
827.0
643.0
674.0
929.0
1018.0
1014.0
979.0
875.0
1025.0
982.0
707.0
634.0
625.0
762.0
673.0
624.0
527.0
543.0
772.0
693.0
619.0
583.0
829.0
896.0
903.0
771.0
960.0
955.0
980.0
980.0
873.0
789.0
689.0
661.0
596.0
531.0
500.0
490.0
494.0
530.0
566.0
586.0
598.0
732.0
712.0
835.0
695.0
907.0
855.0
892.0
904.0
948.0
1084.0
1136.0
1074.0
952.0
967.0
786.0
534.0
496.0
490.0
546.0
533.0
476.0
1134.0
882.0
725.0
738.0
733.0
999.0
995.0
941.0
1010.0
960.0
1004.0
1014.0
941.0
1061.0
956.0
708.0
770.0
839.0
779.0
523.0
726.0
718.0
714.0
779.0
741.0
728.0
697.0
681.0
715.0
716.0
684.0
539.0
626.0
633.0
653.0
617.0
562.0
564.0
560.0
615.0
593.0
590.0
509.0
492.0
513.0
566.0
567.0
602.0
524.0
472.0
557.0
604.0
512.0
517.0
513.0
485.0
543.0
570.0
534.0
453.0
495.0
552.0
474.0
569.0
506.0
596.0
519.0
517.0
531.0
794.0
564.0
584.0
808.0
713.0
588.0
591.0
634.0
646.0
505.0
425.0
470.0
745.0
607.0
515.0
434.0
462.0
529.0
566.0
553.0
571.0
481.0
509.0
632.0
503.0
651.0
616.0
836.0
600.0
645.0
718.0
842.0
841.0
850.0
909.0
852.0
895.0
875.0
920.0
1017.0
1023.0
957.0
922.0
957.0
927.0
763.0
620.0
815.0
824.0
652.0
585.0
515.0
465.0
569.0
584.0
649.0
644.0
571.0
741.0
715.0
774.0
760.0
820.0
815.0
796.0
793.0
750.0
735.0
802.0
885.0
608.0
540.0
557.0
756.0
656.0
499.0
713.0
600.0
579.0
555.0
733.0
659.0
691.0
687.0
818.0
799.0
879.0
915.0
920.0
911.0
897.0
735.0
714.0
698.0
526.0
581.0
615.0
550.0
654.0
622.0
704.0
713.0
801.0
818.0
811.0
810.0
678.0
785.0
794.0
817.0
948.0
1021.0
1031.0
881.0
868.0
670.0
748.0
597.0
638.0
676.0
600.0
663.0
642.0
707.0
651.0
741.0
616.0
520.0
630.0
711.0
587.0
720.0
520.0
626.0
479.0
597.0
585.0
