548.0
532.0
617.0
444.0
454.0
477.0
465.0
423.0
507.0
508.0
509.0
509.0
539.0
522.0
582.0
656.0
491.0
486.0
524.0
569.0
377.0
520.0
622.0
503.0
519.0
533.0
507.0
527.0
463.0
459.0
471.0
518.0
554.0
541.0
567.0
487.0
536.0
570.0
633.0
569.0
511.0
540.0
625.0
583.0
574.0
726.0
1008.0
1182.0
1109.0
1127.0
1169.0
1223.0
1395.0
1176.0
1216.0
1103.0
1173.0
1201.0
887.0
542.0
442.0
528.0
466.0
534.0
568.0
507.0
499.0
552.0
1216.0
969.0
1209.0
1060.0
910.0
508.0
606.0
1059.0
1163.0
1124.0
1084.0
961.0
1184.0
1087.0
741.0
547.0
610.0
799.0
644.0
533.0
557.0
538.0
761.0
673.0
527.0
662.0
867.0
987.0
937.0
809.0
1048.0
1050.0
1120.0
1080.0
922.0
796.0
642.0
618.0
631.0
523.0
531.0
523.0
440.0
541.0
594.0
589.0
560.0
784.0
754.0
832.0
732.0
935.0
953.0
930.0
954.0
1014.0
1216.0
1221.0
1167.0
1056.0
1086.0
840.0
487.0
476.0
546.0
517.0
536.0
462.0
1180.0
1101.0
572.0
776.0
711.0
1117.0
1112.0
1028.0
1130.0
1045.0
1099.0
1152.0
1016.0
1156.0
1019.0
766.0
791.0
914.0
793.0
543.0
740.0
808.0
590.0
810.0
788.0
637.0
734.0
686.0
593.0
736.0
676.0
460.0
628.0
662.0
517.0
645.0
602.0
575.0
604.0
572.0
607.0
544.0
578.0
508.0
499.0
589.0
620.0
571.0
506.0
478.0
513.0
595.0
555.0
437.0
541.0
474.0
560.0
626.0
572.0
453.0
453.0
569.0
478.0
543.0
577.0
419.0
622.0
476.0
592.0
782.0
625.0
401.0
919.0
677.0
580.0
600.0
652.0
656.0
488.0
421.0
514.0
704.0
576.0
431.0
466.0
492.0
490.0
567.0
546.0
589.0
456.0
456.0
630.0
577.0
584.0
686.0
777.0
773.0
520.0
820.0
924.0
864.0
819.0
1017.0
915.0
893.0
976.0
966.0
1090.0
1086.0
1001.0
959.0
1049.0
942.0
798.0
502.0
615.0
1013.0
507.0
543.0
584.0
357.0
559.0
636.0
712.0
569.0
625.0
728.0
705.0
785.0
842.0
800.0
729.0
808.0
718.0
770.0
598.0
863.0
973.0
515.0
362.0
691.0
816.0
466.0
559.0
685.0
654.0
445.0
623.0
749.0
711.0
636.0
728.0
840.0
853.0
873.0
953.0
963.0
984.0
906.0
747.0
637.0
672.0
511.0
498.0
646.0
544.0
609.0
591.0
677.0
706.0
782.0
887.0
806.0
800.0
700.0
659.0
773.0
768.0
997.0
1054.0
1077.0
878.0
897.0
682.0
698.0
606.0
644.0
666.0
545.0
636.0
648.0
703.0
613.0
746.0
634.0
484.0
654.0
720.0
598.0
621.0
586.0
593.0
494.0
567.0
601.0
