512.0
498.0
470.0
502.0
460.0
455.0
478.0
462.0
466.0
489.0
515.0
502.0
505.0
551.0
529.0
513.0
496.0
493.0
544.0
421.0
489.0
484.0
476.0
501.0
470.0
511.0
471.0
473.0
465.0
477.0
479.0
474.0
473.0
508.0
466.0
492.0
474.0
544.0
516.0
530.0
492.0
515.0
558.0
549.0
549.0
646.0
876.0
1037.0
1005.0
1035.0
1146.0
1174.0
1368.0
1156.0
1222.0
1056.0
1110.0
1172.0
668.0
413.0
480.0
403.0
421.0
482.0
493.0
502.0
546.0
452.0
1021.0
749.0
990.0
1013.0
802.0
503.0
540.0
905.0
1012.0
1042.0
1003.0
876.0
1075.0
1004.0
613.0
521.0
487.0
649.0
587.0
458.0
480.0
503.0
717.0
561.0
531.0
543.0
786.0
877.0
861.0
730.0
953.0
948.0
994.0
995.0
834.0
725.0
565.0
533.0
435.0
477.0
478.0
460.0
468.0
493.0
517.0
537.0
557.0
703.0
696.0
776.0
602.0
826.0
847.0
854.0
885.0
939.0
1136.0
1180.0
1135.0
939.0
1005.0
709.0
420.0
518.0
409.0
521.0
503.0
482.0
1077.0
793.0
597.0
707.0
567.0
977.0
989.0
943.0
1040.0
944.0
1032.0
1067.0
944.0
1115.0
931.0
565.0
709.0
791.0
681.0
421.0
650.0
619.0
689.0
723.0
669.0
668.0
635.0
565.0
637.0
653.0
555.0
542.0
610.0
527.0
611.0
569.0
495.0
557.0
512.0
625.0
501.0
557.0
470.0
486.0
514.0
511.0
524.0
585.0
523.0
489.0
542.0
549.0
467.0
501.0
483.0
501.0
538.0
535.0
515.0
459.0
490.0
526.0
463.0
570.0
422.0
578.0
414.0
522.0
519.0
727.0
492.0
554.0
760.0
574.0
521.0
562.0
570.0
589.0
483.0
464.0
480.0
689.0
520.0
511.0
453.0
485.0
527.0
542.0
529.0
558.0
490.0
537.0
654.0
353.0
625.0
596.0
760.0
426.0
626.0
676.0
787.0
787.0
772.0
957.0
810.0
865.0
880.0
929.0
1032.0
1026.0
921.0
936.0
985.0
894.0
701.0
644.0
718.0
748.0
614.0
613.0
516.0
511.0
545.0
594.0
583.0
631.0
476.0
737.0
688.0
750.0
780.0
778.0
748.0
741.0
764.0
691.0
672.0
717.0
846.0
694.0
514.0
431.0
696.0
576.0
487.0
770.0
527.0
565.0
577.0
717.0
650.0
669.0
754.0
826.0
782.0
822.0
916.0
899.0
908.0
890.0
691.0
665.0
663.0
430.0
556.0
585.0
502.0
646.0
623.0
742.0
730.0
777.0
825.0
783.0
798.0
588.0
773.0
724.0
788.0
916.0
997.0
1012.0
890.0
893.0
663.0
687.0
512.0
583.0
623.0
541.0
688.0
616.0
762.0
621.0
748.0
580.0
529.0
605.0
700.0
559.0
718.0
506.0
636.0
484.0
573.0
595.0
