538.0
484.0
479.0
520.0
482.0
491.0
485.0
489.0
499.0
513.0
538.0
534.0
518.0
526.0
546.0
524.0
499.0
485.0
515.0
494.0
465.0
509.0
523.0
495.0
512.0
512.0
506.0
492.0
484.0
481.0
494.0
499.0
513.0
516.0
519.0
485.0
494.0
548.0
547.0
536.0
516.0
478.0
548.0
527.0
544.0
627.0
868.0
1044.0
1059.0
1071.0
1149.0
1189.0
1369.0
1182.0
1216.0
1096.0
1121.0
1177.0
754.0
507.0
416.0
465.0
477.0
494.0
537.0
498.0
514.0
526.0
1005.0
852.0
1017.0
1023.0
858.0
600.0
610.0
917.0
1066.0
1097.0
1035.0
918.0
1081.0
1057.0
695.0
580.0
527.0
722.0
646.0
527.0
472.0
473.0
706.0
643.0
531.0
517.0
772.0
915.0
920.0
788.0
970.0
989.0
1040.0
1043.0
900.0
814.0
659.0
620.0
520.0
477.0
481.0
492.0
492.0
518.0
543.0
563.0
559.0
685.0
675.0
794.0
648.0
861.0
853.0
899.0
923.0
978.0
1145.0
1225.0
1177.0
1007.0
1020.0
774.0
546.0
460.0
460.0
532.0
557.0
499.0
1033.0
966.0
644.0
706.0
644.0
1010.0
1042.0
998.0
1073.0
1008.0
1061.0
1088.0
1008.0
1107.0
1009.0
686.0
737.0
817.0
771.0
517.0
650.0
684.0
654.0
755.0
703.0
693.0
664.0
608.0
637.0
674.0
631.0
511.0
589.0
583.0
605.0
599.0
529.0
530.0
549.0
585.0
576.0
545.0
516.0
498.0
516.0
552.0
557.0
582.0
543.0
494.0
522.0
594.0
516.0
497.0
533.0
508.0
540.0
551.0
531.0
480.0
489.0
567.0
494.0
543.0
484.0
538.0
522.0
496.0
527.0
746.0
562.0
490.0
781.0
665.0
568.0
553.0
596.0
621.0
509.0
440.0
469.0
712.0
611.0
508.0
449.0
483.0
519.0
566.0
564.0
557.0
490.0
505.0
630.0
476.0
627.0
620.0
850.0
560.0
578.0
741.0
825.0
832.0
843.0
932.0
845.0
921.0
895.0
965.0
1064.0
1076.0
954.0
932.0
1001.0
942.0
714.0
610.0
802.0
832.0
593.0
569.0
540.0
482.0
558.0
604.0
642.0
583.0
577.0
700.0
724.0
746.0
758.0
776.0
788.0
780.0
777.0
725.0
680.0
816.0
863.0
613.0
494.0
569.0
668.0
612.0
563.0
683.0
607.0
559.0
569.0
723.0
695.0
695.0
702.0
788.0
800.0
849.0
904.0
921.0
912.0
908.0
739.0
679.0
665.0
514.0
548.0
617.0
564.0
637.0
637.0
707.0
717.0
794.0
823.0
803.0
798.0
665.0
729.0
765.0
806.0
943.0
1028.0
1033.0
893.0
864.0
662.0
692.0
564.0
576.0
652.0
608.0
663.0
650.0
700.0
665.0
732.0
622.0
509.0
592.0
701.0
607.0
711.0
547.0
604.0
496.0
569.0
579.0
