253.0
253.0
253.0
253.0
256.0
256.0
256.0
258.0
252.0
254.0
253.0
253.0
253.0
253.0
252.0
253.0
253.0
253.0
261.0
252.0
253.0
253.0
253.0
253.0
253.0
253.0
253.0
253.0
252.0
253.0
253.0
253.0
252.0
254.0
260.0
252.0
252.0
253.0
252.0
252.0
253.0
252.0
253.0
253.0
253.0
253.0
252.0
253.0
252.0
255.0
252.0
284.0
280.0
253.0
257.0
257.0
258.0
257.0
258.0
258.0
258.0
258.0
258.0
258.0
258.0
258.0
258.0
258.0
256.0
258.0
258.0
257.0
268.0
259.0
259.0
258.0
258.0
258.0
257.0
258.0
258.0
257.0
258.0
258.0
258.0
258.0
258.0
258.0
258.0
272.0
260.0
259.0
258.0
257.0
257.0
258.0
258.0
258.0
257.0
257.0
263.0
257.0
259.0
258.0
260.0
257.0
289.0
291.0
286.0
270.0
262.0
260.0
259.0
256.0
262.0
260.0
260.0
264.0
263.0
262.0
262.0
262.0
281.0
272.0
271.0
267.0
265.0
263.0
263.0
262.0
262.0
261.0
261.0
261.0
260.0
260.0
260.0
260.0
278.0
268.0
268.0
265.0
262.0
262.0
261.0
261.0
261.0
260.0
261.0
260.0
260.0
261.0
259.0
261.0
259.0
278.0
268.0
266.0
265.0
262.0
261.0
261.0
261.0
260.0
260.0
260.0
260.0
259.0
259.0
259.0
258.0
258.0
276.0
266.0
265.0
262.0
260.0
260.0
259.0
260.0
258.0
258.0
258.0
258.0
258.0
256.0
257.0
255.0
259.0
273.0
266.0
264.0
262.0
260.0
259.0
259.0
259.0
258.0
258.0
258.0
257.0
256.0
256.0
256.0
256.0
273.0
263.0
262.0
262.0
260.0
258.0
258.0
257.0
257.0
257.0
257.0
257.0
256.0
259.0
256.0
257.0
271.0
262.0
261.0
263.0
263.0
258.0
260.0
259.0
260.0
258.0
258.0
258.0
257.0
258.0
256.0
258.0
264.0
294.0
317.0
