257.0
257.0
257.0
257.0
261.0
261.0
261.0
260.0
257.0
257.0
257.0
257.0
257.0
257.0
257.0
257.0
257.0
257.0
261.0
257.0
257.0
257.0
257.0
257.0
257.0
257.0
257.0
257.0
257.0
257.0
257.0
257.0
257.0
257.0
261.0
256.0
256.0
257.0
256.0
257.0
257.0
257.0
257.0
256.0
256.0
257.0
257.0
256.0
257.0
257.0
257.0
291.0
263.0
257.0
263.0
263.0
263.0
263.0
263.0
263.0
263.0
263.0
263.0
263.0
263.0
263.0
263.0
263.0
263.0
263.0
263.0
263.0
269.0
263.0
263.0
263.0
263.0
263.0
262.0
263.0
263.0
263.0
263.0
263.0
263.0
263.0
263.0
263.0
263.0
272.0
262.0
262.0
263.0
263.0
263.0
263.0
263.0
263.0
263.0
263.0
268.0
264.0
263.0
263.0
265.0
263.0
294.0
289.0
288.0
274.0
266.0
264.0
261.0
260.0
268.0
262.0
268.0
267.0
267.0
267.0
267.0
267.0
283.0
271.0
271.0
270.0
269.0
268.0
268.0
267.0
267.0
266.0
266.0
266.0
265.0
266.0
265.0
265.0
280.0
268.0
268.0
268.0
268.0
267.0
266.0
266.0
266.0
265.0
266.0
265.0
265.0
266.0
264.0
265.0
265.0
279.0
268.0
267.0
268.0
268.0
267.0
266.0
266.0
266.0
265.0
265.0
264.0
264.0
264.0
264.0
264.0
264.0
277.0
266.0
267.0
266.0
266.0
265.0
264.0
264.0
264.0
263.0
263.0
263.0
263.0
262.0
262.0
261.0
264.0
274.0
267.0
266.0
266.0
265.0
265.0
264.0
264.0
263.0
263.0
263.0
262.0
261.0
261.0
261.0
261.0
274.0
265.0
265.0
266.0
265.0
264.0
263.0
262.0
262.0
262.0
262.0
262.0
261.0
264.0
262.0
261.0
272.0
265.0
264.0
266.0
268.0
264.0
264.0
263.0
265.0
263.0
262.0
262.0
262.0
263.0
261.0
262.0
264.0
297.0
312.0
