264.0
263.0
263.0
263.0
267.0
268.0
268.0
265.0
263.0
264.0
263.0
263.0
263.0
264.0
263.0
263.0
263.0
263.0
266.0
263.0
264.0
264.0
263.0
263.0
263.0
263.0
263.0
264.0
263.0
263.0
264.0
264.0
263.0
263.0
266.0
263.0
263.0
263.0
263.0
263.0
263.0
263.0
263.0
263.0
263.0
263.0
263.0
263.0
263.0
264.0
263.0
291.0
264.0
263.0
267.0
269.0
269.0
269.0
269.0
269.0
269.0
269.0
268.0
269.0
269.0
269.0
269.0
268.0
268.0
269.0
269.0
268.0
273.0
267.0
268.0
268.0
269.0
269.0
268.0
269.0
269.0
268.0
269.0
269.0
269.0
268.0
269.0
269.0
269.0
275.0
267.0
268.0
268.0
268.0
268.0
268.0
268.0
268.0
268.0
268.0
275.0
269.0
269.0
268.0
272.0
269.0
294.0
291.0
290.0
276.0
270.0
270.0
267.0
266.0
273.0
268.0
270.0
271.0
270.0
270.0
270.0
270.0
283.0
272.0
274.0
274.0
273.0
272.0
272.0
270.0
270.0
270.0
270.0
270.0
269.0
269.0
269.0
269.0
281.0
271.0
272.0
272.0
271.0
271.0
270.0
270.0
270.0
269.0
270.0
269.0
269.0
270.0
269.0
269.0
269.0
280.0
270.0
272.0
272.0
271.0
271.0
270.0
270.0
270.0
269.0
269.0
269.0
269.0
268.0
268.0
268.0
268.0
279.0
269.0
271.0
270.0
270.0
269.0
269.0
269.0
268.0
268.0
268.0
268.0
267.0
267.0
267.0
266.0
268.0
276.0
269.0
270.0
270.0
270.0
269.0
269.0
269.0
268.0
268.0
268.0
267.0
266.0
266.0
266.0
266.0
276.0
268.0
270.0
270.0
269.0
269.0
268.0
267.0
267.0
267.0
267.0
267.0
266.0
270.0
267.0
266.0
275.0
268.0
269.0
272.0
274.0
269.0
269.0
269.0
271.0
269.0
268.0
268.0
268.0
268.0
267.0
268.0
272.0
297.0
316.0
