263.0
263.0
263.0
263.0
268.0
272.0
272.0
269.0
265.0
263.0
263.0
263.0
263.0
263.0
263.0
263.0
263.0
263.0
268.0
266.0
263.0
263.0
263.0
263.0
263.0
263.0
263.0
263.0
263.0
263.0
262.0
263.0
263.0
263.0
267.0
266.0
262.0
263.0
262.0
262.0
263.0
263.0
262.0
263.0
262.0
262.0
263.0
262.0
263.0
262.0
263.0
294.0
276.0
263.0
267.0
270.0
272.0
272.0
272.0
272.0
273.0
273.0
273.0
273.0
272.0
272.0
272.0
272.0
271.0
272.0
272.0
271.0
281.0
273.0
272.0
273.0
272.0
272.0
272.0
272.0
272.0
271.0
272.0
272.0
272.0
272.0
272.0
272.0
272.0
283.0
273.0
272.0
273.0
272.0
272.0
273.0
272.0
273.0
273.0
272.0
275.0
273.0
272.0
271.0
274.0
272.0
297.0
288.0
299.0
279.0
272.0
271.0
267.0
264.0
270.0
267.0
269.0
269.0
268.0
269.0
268.0
269.0
286.0
275.0
277.0
277.0
274.0
274.0
272.0
271.0
270.0
269.0
269.0
268.0
268.0
268.0
268.0
268.0
284.0
274.0
275.0
275.0
273.0
272.0
271.0
270.0
270.0
269.0
269.0
269.0
268.0
269.0
267.0
268.0
267.0
284.0
275.0
275.0
274.0
273.0
272.0
271.0
271.0
270.0
270.0
269.0
268.0
268.0
268.0
267.0
267.0
267.0
283.0
273.0
275.0
274.0
272.0
271.0
269.0
269.0
268.0
268.0
267.0
267.0
267.0
265.0
265.0
264.0
266.0
281.0
274.0
274.0
273.0
272.0
271.0
270.0
269.0
268.0
268.0
267.0
267.0
265.0
265.0
265.0
265.0
280.0
273.0
273.0
274.0
273.0
271.0
270.0
268.0
267.0
267.0
266.0
266.0
266.0
267.0
266.0
266.0
279.0
274.0
274.0
274.0
274.0
272.0
270.0
269.0
271.0
269.0
268.0
267.0
267.0
267.0
266.0
266.0
278.0
300.0
301.0
