261.0
261.0
261.0
261.0
263.0
264.0
264.0
262.0
261.0
261.0
261.0
261.0
261.0
261.0
261.0
261.0
261.0
261.0
262.0
261.0
261.0
261.0
261.0
261.0
261.0
261.0
261.0
261.0
260.0
260.0
261.0
261.0
260.0
260.0
261.0
261.0
260.0
261.0
261.0
261.0
260.0
261.0
260.0
260.0
260.0
260.0
260.0
260.0
260.0
261.0
260.0
283.0
266.0
260.0
264.0
265.0
266.0
265.0
265.0
265.0
265.0
265.0
265.0
265.0
265.0
265.0
265.0
265.0
265.0
265.0
266.0
265.0
268.0
265.0
265.0
265.0
265.0
265.0
265.0
265.0
266.0
265.0
265.0
266.0
265.0
266.0
265.0
265.0
265.0
269.0
265.0
265.0
265.0
265.0
265.0
265.0
265.0
265.0
265.0
265.0
268.0
265.0
266.0
265.0
266.0
265.0
286.0
280.0
280.0
273.0
267.0
266.0
264.0
263.0
267.0
264.0
269.0
270.0
270.0
269.0
269.0
269.0
277.0
272.0
272.0
272.0
271.0
270.0
270.0
269.0
269.0
269.0
269.0
269.0
268.0
268.0
268.0
268.0
275.0
270.0
270.0
270.0
269.0
269.0
269.0
269.0
268.0
268.0
268.0
268.0
268.0
268.0
268.0
268.0
268.0
274.0
270.0
269.0
270.0
269.0
269.0
269.0
268.0
268.0
268.0
268.0
267.0
267.0
267.0
267.0
267.0
266.0
273.0
269.0
268.0
268.0
268.0
268.0
267.0
267.0
267.0
267.0
266.0
266.0
266.0
265.0
265.0
265.0
266.0
271.0
268.0
268.0
268.0
267.0
267.0
267.0
267.0
266.0
266.0
266.0
266.0
265.0
265.0
265.0
264.0
270.0
267.0
267.0
267.0
267.0
266.0
266.0
265.0
265.0
265.0
265.0
265.0
265.0
266.0
265.0
265.0
269.0
267.0
266.0
267.0
268.0
267.0
267.0
266.0
266.0
266.0
266.0
265.0
265.0
265.0
264.0
265.0
263.0
290.0
311.0
