261.0
261.0
261.0
261.0
265.0
265.0
265.0
263.0
259.0
261.0
261.0
261.0
261.0
261.0
260.0
261.0
260.0
261.0
264.0
259.0
261.0
261.0
261.0
261.0
261.0
261.0
261.0
261.0
260.0
261.0
261.0
261.0
260.0
261.0
263.0
259.0
260.0
261.0
260.0
261.0
261.0
261.0
260.0
260.0
260.0
261.0
260.0
260.0
260.0
262.0
259.0
286.0
270.0
260.0
266.0
267.0
267.0
266.0
267.0
267.0
267.0
267.0
267.0
266.0
267.0
267.0
267.0
266.0
266.0
267.0
267.0
266.0
271.0
264.0
266.0
266.0
266.0
266.0
266.0
267.0
267.0
266.0
267.0
267.0
267.0
267.0
267.0
267.0
267.0
272.0
263.0
266.0
266.0
266.0
266.0
266.0
266.0
266.0
266.0
266.0
271.0
266.0
268.0
266.0
269.0
266.0
288.0
290.0
288.0
277.0
270.0
268.0
265.0
263.0
270.0
266.0
269.0
270.0
269.0
269.0
269.0
269.0
278.0
269.0
273.0
272.0
271.0
271.0
270.0
269.0
269.0
269.0
269.0
268.0
268.0
268.0
268.0
268.0
277.0
268.0
271.0
270.0
270.0
269.0
269.0
269.0
268.0
268.0
268.0
268.0
268.0
268.0
267.0
268.0
267.0
276.0
267.0
270.0
271.0
270.0
269.0
269.0
268.0
268.0
268.0
267.0
267.0
267.0
267.0
267.0
266.0
266.0
275.0
266.0
270.0
269.0
269.0
268.0
267.0
268.0
267.0
267.0
266.0
266.0
266.0
265.0
266.0
264.0
267.0
272.0
266.0
268.0
268.0
268.0
267.0
267.0
267.0
266.0
266.0
266.0
266.0
265.0
265.0
265.0
264.0
272.0
265.0
268.0
268.0
267.0
267.0
267.0
266.0
266.0
265.0
265.0
265.0
265.0
267.0
264.0
265.0
272.0
265.0
267.0
269.0
271.0
267.0
268.0
267.0
268.0
267.0
266.0
266.0
266.0
266.0
265.0
266.0
269.0
292.0
311.0
