964.0
1010.0
1060.0
1025.0
1041.0
921.0
863.0
789.0
802.0
833.0
830.0
856.0
765.0
875.0
932.0
969.0
1063.0
969.0
1001.0
938.0
992.0
936.0
831.0
964.0
965.0
1019.0
1051.0
1033.0
1038.0
939.0
874.0
827.0
823.0
847.0
837.0
846.0
792.0
883.0
977.0
976.0
1046.0
958.0
1011.0
927.0
971.0
913.0
818.0
939.0
970.0
1002.0
1056.0
1027.0
1048.0
946.0
884.0
795.0
814.0
869.0
853.0
846.0
782.0
916.0
947.0
972.0
1059.0
966.0
1010.0
919.0
979.0
907.0
792.0
939.0
963.0
993.0
1046.0
1022.0
1058.0
956.0
890.0
836.0
823.0
903.0
879.0
866.0
833.0
928.0
970.0
994.0
1049.0
971.0
986.0
906.0
966.0
891.0
792.0
928.0
968.0
1000.0
1047.0
1023.0
1050.0
966.0
895.0
827.0
834.0
860.0
846.0
871.0
826.0
940.0
987.0
999.0
1039.0
969.0
994.0
901.0
967.0
891.0
788.0
931.0
959.0
1001.0
1050.0
1013.0
1056.0
978.0
909.0
829.0
828.0
888.0
882.0
844.0
859.0
935.0
993.0
995.0
1036.0
956.0
994.0
884.0
962.0
879.0
781.0
927.0
967.0
990.0
1047.0
1006.0
1060.0
962.0
917.0
851.0
904.0
928.0
890.0
883.0
841.0
931.0
985.0
999.0
1046.0
955.0
985.0
876.0
955.0
874.0
779.0
924.0
977.0
983.0
1047.0
1015.0
1049.0
975.0
917.0
848.0
883.0
943.0
871.0
893.0
845.0
995.0
1024.0
984.0
1033.0
947.0
993.0
864.0
941.0
871.0
775.0
921.0
984.0
995.0
1043.0
1020.0
1065.0
990.0
917.0
845.0
904.0
936.0
875.0
878.0
840.0
959.0
1015.0
993.0
1044.0
960.0
979.0
873.0
937.0
871.0
772.0
911.0
976.0
994.0
1054.0
1020.0
1055.0
995.0
932.0
844.0
928.0
954.0
895.0
907.0
835.0
981.0
1056.0
1002.0
1028.0
939.0
980.0
865.0
927.0
865.0
768.0
903.0
968.0
993.0
1039.0
1019.0
1063.0
990.0
932.0
870.0
941.0
978.0
899.0
921.0
885.0
986.0
1044.0
1010.0
1032.0
938.0
974.0
849.0
933.0
861.0
768.0
890.0
960.0
979.0
1030.0
1011.0
1065.0
991.0
954.0
897.0
948.0
972.0
905.0
912.0
860.0
1000.0
1040.0
1002.0
1014.0
941.0
945.0
844.0
924.0
850.0
755.0
883.0
961.0
983.0
1030.0
1003.0
1063.0
1028.0
941.0
883.0
962.0
1002.0
911.0
926.0
874.0
992.0
1037.0
1002.0
1020.0
946.0
953.0
837.0
920.0
853.0
749.0
870.0
946.0
970.0
1023.0
1010.0
1052.0
1016.0
950.0
869.0
965.0
983.0
886.0
910.0
879.0
990.0
1068.0
1026.0
1019.0
944.0
941.0
808.0
917.0
845.0
750.0
866.0
951.0
986.0
1017.0
990.0
1043.0
1018.0
