1042.0
987.0
1053.0
1031.0
1002.0
828.0
787.0
796.0
825.0
873.0
840.0
841.0
776.0
956.0
988.0
1044.0
1111.0
1100.0
1100.0
1018.0
1094.0
1058.0
966.0
1094.0
1046.0
988.0
1055.0
1034.0
1011.0
833.0
792.0
806.0
837.0
888.0
848.0
844.0
785.0
973.0
1000.0
1042.0
1114.0
1100.0
1106.0
1022.0
1092.0
1045.0
960.0
1083.0
1056.0
991.0
1055.0
1042.0
1016.0
854.0
807.0
805.0
839.0
905.0
854.0
839.0
808.0
997.0
996.0
1040.0
1121.0
1112.0
1101.0
1023.0
1094.0
1051.0
936.0
1089.0
1058.0
992.0
1063.0
1041.0
1023.0
860.0
809.0
810.0
849.0
914.0
869.0
851.0
812.0
1004.0
1009.0
1052.0
1121.0
1106.0
1107.0
1019.0
1099.0
1034.0
940.0
1082.0
1060.0
998.0
1065.0
1047.0
1032.0
863.0
807.0
812.0
864.0
929.0
871.0
853.0
830.0
1019.0
1038.0
1063.0
1114.0
1102.0
1112.0
1010.0
1098.0
1032.0
937.0
1086.0
1059.0
1001.0
1068.0
1050.0
1038.0
868.0
807.0
809.0
863.0
938.0
897.0
856.0
826.0
1026.0
1049.0
1065.0
1115.0
1102.0
1113.0
1005.0
1100.0
1031.0
925.0
1089.0
1057.0
1003.0
1077.0
1048.0
1043.0
878.0
807.0
815.0
947.0
958.0
863.0
840.0
845.0
1033.0
1042.0
1065.0
1115.0
1104.0
1114.0
1002.0
1099.0
1029.0
918.0
1092.0
1050.0
1010.0
1068.0
1049.0
1050.0
882.0
808.0
819.0
960.0
964.0
853.0
847.0
865.0
1073.0
1048.0
1036.0
1117.0
1125.0
1112.0
1007.0
1106.0
1023.0
924.0
1091.0
1050.0
1011.0
1069.0
1042.0
1054.0
891.0
820.0
830.0
951.0
972.0
856.0
853.0
869.0
1082.0
1072.0
1040.0
1131.0
1118.0
1125.0
995.0
1111.0
1016.0
922.0
1090.0
1054.0
1015.0
1070.0
1043.0
1058.0
896.0
827.0
836.0
962.0
975.0
872.0
857.0
873.0
1085.0
1086.0
1042.0
1133.0
1108.0
1124.0
999.0
1108.0
1007.0
926.0
1099.0
1053.0
1027.0
1069.0
1046.0
1057.0
901.0
838.0
844.0
973.0
984.0
873.0
866.0
880.0
1086.0
1094.0
1047.0
1131.0
1105.0
1122.0
988.0
1110.0
998.0
925.0
1089.0
1054.0
1033.0
1067.0
1044.0
1065.0
913.0
842.0
847.0
978.0
988.0
877.0
874.0
885.0
1087.0
1096.0
1048.0
1126.0
1099.0
1113.0
984.0
1109.0
998.0
917.0
1082.0
1058.0
1032.0
1070.0
1044.0
1071.0
917.0
841.0
852.0
988.0
994.0
893.0
874.0
884.0
1097.0
1103.0
1056.0
1122.0
1097.0
1106.0
974.0
1107.0
993.0
907.0
1077.0
1055.0
1039.0
1073.0
1047.0
1075.0
930.0
854.0
856.0
999.0
1007.0
895.0
876.0
885.0
1096.0
1108.0
1060.0
1122.0
1097.0
1104.0
951.0
1116.0
985.0
905.0
1072.0
1057.0
1038.0
1072.0
1049.0
1077.0
941.0
