1166.0
1100.0
1107.0
1068.0
1017.0
870.0
828.0
705.0
778.0
727.0
758.0
767.0
712.0
882.0
822.0
1000.0
984.0
1104.0
1130.0
1137.0
1139.0
1147.0
1062.0
1143.0
1167.0
1102.0
1110.0
1074.0
1022.0
876.0
833.0
712.0
786.0
738.0
766.0
776.0
717.0
889.0
838.0
1001.0
996.0
1105.0
1137.0
1138.0
1143.0
1139.0
1056.0
1136.0
1174.0
1112.0
1118.0
1085.0
1032.0
902.0
846.0
726.0
785.0
751.0
771.0
775.0
730.0
898.0
845.0
1006.0
1004.0
1117.0
1134.0
1139.0
1142.0
1147.0
1037.0
1134.0
1179.0
1116.0
1129.0
1093.0
1040.0
913.0
850.0
731.0
791.0
757.0
782.0
785.0
735.0
910.0
851.0
1017.0
1007.0
1111.0
1146.0
1132.0
1152.0
1139.0
1039.0
1134.0
1179.0
1123.0
1135.0
1100.0
1053.0
917.0
854.0
731.0
800.0
765.0
795.0
784.0
746.0
916.0
877.0
1027.0
1022.0
1112.0
1150.0
1126.0
1148.0
1139.0
1035.0
1138.0
1179.0
1124.0
1137.0
1105.0
1058.0
929.0
853.0
736.0
795.0
771.0
807.0
791.0
753.0
920.0
884.0
1035.0
1020.0
1113.0
1152.0
1122.0
1148.0
1139.0
1025.0
1139.0
1179.0
1127.0
1144.0
1110.0
1068.0
936.0
858.0
737.0
857.0
784.0
832.0
766.0
770.0
918.0
873.0
1031.0
1017.0
1115.0
1155.0
1118.0
1149.0
1138.0
1019.0
1140.0
1171.0
1135.0
1143.0
1113.0
1072.0
939.0
858.0
746.0
856.0
801.0
821.0
774.0
776.0
946.0
880.0
1047.0
1016.0
1140.0
1148.0
1115.0
1157.0
1131.0
1022.0
1139.0
1169.0
1132.0
1148.0
1108.0
1079.0
947.0
860.0
759.0
858.0
819.0
826.0
779.0
774.0
957.0
907.0
1047.0
1035.0
1133.0
1160.0
1102.0
1159.0
1125.0
1021.0
1138.0
1171.0
1135.0
1150.0
1110.0
1083.0
949.0
866.0
764.0
869.0
823.0
840.0
779.0
785.0
957.0
918.0
1047.0
1042.0
1132.0
1162.0
1103.0
1160.0
1117.0
1024.0
1149.0
1166.0
1143.0
1148.0
1114.0
1087.0
953.0
875.0
772.0
881.0
832.0
847.0
786.0
789.0
962.0
921.0
1052.0
1045.0
1130.0
1163.0
1092.0
1161.0
1113.0
1022.0
1141.0
1165.0
1148.0
1153.0
1117.0
1095.0
966.0
880.0
781.0
884.0
838.0
850.0
792.0
793.0
965.0
923.0
1056.0
1045.0
1119.0
1166.0
1088.0
1167.0
1113.0
1015.0
1133.0
1166.0
1149.0
1158.0
1120.0
1102.0
972.0
883.0
784.0
891.0
840.0
867.0
794.0
803.0
973.0
926.0
1062.0
1041.0
1118.0
1165.0
1079.0
1165.0
1109.0
1007.0
1128.0
1163.0
1153.0
1163.0
1125.0
1107.0
984.0
891.0
793.0
899.0
850.0
868.0
795.0
802.0
975.0
928.0
1065.0
1043.0
1119.0
1163.0
1058.0
1165.0
1105.0
1003.0
1124.0
1163.0
1153.0
1164.0
1126.0
1111.0
991.0
