1105.0
1116.0
1122.0
1099.0
1092.0
939.0
882.0
839.0
826.0
893.0
872.0
877.0
835.0
929.0
1002.0
1008.0
1125.0
1074.0
1092.0
1067.0
1110.0
1077.0
1024.0
1092.0
1106.0
1116.0
1141.0
1110.0
1105.0
948.0
884.0
876.0
841.0
899.0
901.0
889.0
843.0
953.0
1010.0
1005.0
1125.0
1091.0
1096.0
1071.0
1114.0
1071.0
1020.0
1078.0
1104.0
1117.0
1141.0
1119.0
1103.0
979.0
913.0
870.0
857.0
926.0
914.0
880.0
848.0
962.0
1003.0
1026.0
1143.0
1087.0
1095.0
1071.0
1112.0
1073.0
1003.0
1081.0
1120.0
1128.0
1137.0
1125.0
1116.0
983.0
922.0
878.0
873.0
944.0
914.0
902.0
873.0
976.0
1033.0
1034.0
1133.0
1091.0
1104.0
1064.0
1109.0
1062.0
1002.0
1081.0
1122.0
1122.0
1146.0
1120.0
1113.0
997.0
930.0
885.0
868.0
952.0
946.0
895.0
892.0
979.0
1051.0
1045.0
1135.0
1086.0
1114.0
1058.0
1106.0
1066.0
1002.0
1080.0
1116.0
1131.0
1154.0
1123.0
1129.0
999.0
931.0
879.0
866.0
957.0
951.0
919.0
900.0
1003.0
1063.0
1048.0
1144.0
1087.0
1106.0
1059.0
1108.0
1063.0
998.0
1078.0
1127.0
1127.0
1146.0
1120.0
1140.0
1013.0
933.0
894.0
934.0
984.0
922.0
926.0
898.0
997.0
1063.0
1048.0
1144.0
1091.0
1107.0
1058.0
1104.0
1063.0
996.0
1083.0
1117.0
1130.0
1154.0
1133.0
1141.0
1019.0
935.0
912.0
954.0
1000.0
932.0
922.0
895.0
1042.0
1094.0
1037.0
1144.0
1101.0
1118.0
1062.0
1105.0
1061.0
995.0
1080.0
1126.0
1139.0
1153.0
1132.0
1130.0
1029.0
955.0
926.0
961.0
1004.0
925.0
940.0
916.0
1044.0
1097.0
1060.0
1152.0
1103.0
1120.0
1052.0
1105.0
1063.0
990.0
1087.0
1126.0
1140.0
1157.0
1129.0
1147.0
1049.0
962.0
916.0
961.0
1023.0
951.0
938.0
919.0
1051.0
1106.0
1064.0
1159.0
1096.0
1122.0
1053.0
1113.0
1064.0
999.0
1088.0
1126.0
1137.0
1154.0
1138.0
1143.0
1041.0
985.0
938.0
989.0
1035.0
952.0
930.0
916.0
1059.0
1118.0
1075.0
1154.0
1101.0
1117.0
1047.0
1106.0
1050.0
991.0
1082.0
1123.0
1139.0
1148.0
1136.0
1156.0
1053.0
983.0
937.0
998.0
1037.0
952.0
965.0
930.0
1064.0
1118.0
1081.0
1146.0
1098.0
1104.0
1044.0
1106.0
1054.0
988.0
1078.0
1118.0
1132.0
1154.0
1132.0
1153.0
1061.0
982.0
941.0
1000.0
1040.0
971.0
968.0
942.0
1070.0
1140.0
1093.0
1147.0
1103.0
1108.0
1032.0
1096.0
1057.0
984.0
1072.0
1121.0
1136.0
1154.0
1138.0
1165.0
1078.0
986.0
939.0
1021.0
1068.0
974.0
975.0
939.0
1069.0
1140.0
1086.0
1155.0
1098.0
1105.0
1024.0
1102.0
1050.0
978.0
1068.0
1124.0
1139.0
1157.0
1137.0
1153.0
1081.0
