809.0
784.0
689.0
705.0
582.0
552.0
573.0
537.0
557.0
584.0
611.0
611.0
656.0
782.0
711.0
813.0
670.0
867.0
815.0
864.0
863.0
919.0
1174.0
1255.0
1180.0
881.0
958.0
694.0
563.0
530.0
569.0
609.0
536.0
510.0
1094.0
658.0
703.0
795.0
646.0
1015.0
970.0
900.0
1066.0
880.0
1028.0
1013.0
891.0
1097.0
869.0
655.0
780.0
805.0
721.0
545.0
761.0
655.0
696.0
802.0
695.0
712.0
755.0
664.0
691.0
750.0
623.0
537.0
730.0
634.0
636.0
673.0
574.0
589.0
567.0
711.0
572.0
594.0
551.0
507.0
547.0
606.0
593.0
596.0
551.0
494.0
626.0
606.0
511.0
581.0
531.0
511.0
591.0
581.0
545.0
470.0
552.0
570.0
478.0
670.0
499.0
660.0
571.0
532.0
579.0
768.0
562.0
667.0
803.0
623.0
573.0
663.0
679.0
624.0
463.0
471.0
602.0
751.0
549.0
478.0
481.0
499.0
530.0
582.0
558.0
565.0
531.0
536.0
590.0
576.0
661.0
678.0
690.0
635.0
638.0
686.0
904.0
765.0
822.0
934.0
773.0
896.0
807.0
986.0
1038.0
1032.0
854.0
888.0
915.0
867.0
722.0
603.0
786.0
743.0
641.0
596.0
526.0
511.0
539.0
698.0
609.0
673.0
668.0
741.0
742.0
768.0
806.0
744.0
802.0
753.0
785.0
708.0
708.0
841.0
795.0
569.0
604.0
715.0
615.0
613.0
523.0
741.0
606.0
552.0
618.0
688.0
679.0
638.0
704.0
805.0
792.0
827.0
873.0
883.0
879.0
857.0
735.0
709.0
719.0
574.0
558.0
633.0
583.0
623.0
626.0
685.0
719.0
762.0
798.0
786.0
804.0
681.0
751.0
783.0
799.0
895.0
967.0
1004.0
884.0
848.0
711.0
735.0
625.0
644.0
682.0
617.0
658.0
630.0
691.0
650.0
716.0
630.0
547.0
611.0
680.0
621.0
665.0
593.0
610.0
536.0
578.0
580.0
