1008.0
1011.0
985.0
984.0
943.0
813.0
786.0
734.0
738.0
779.0
748.0
753.0
688.0
819.0
808.0
922.0
998.0
1067.0
1013.0
1067.0
1070.0
1091.0
1155.0
1090.0
1018.0
1011.0
985.0
992.0
947.0
809.0
795.0
744.0
739.0
781.0
750.0
753.0
694.0
834.0
806.0
928.0
1003.0
1074.0
1029.0
1078.0
1076.0
1105.0
1162.0
1104.0
1026.0
1018.0
991.0
997.0
957.0
829.0
800.0
748.0
741.0
798.0
754.0
756.0
710.0
839.0
810.0
928.0
1014.0
1070.0
1028.0
1084.0
1086.0
1102.0
1176.0
1110.0
1029.0
1035.0
999.0
1002.0
965.0
839.0
805.0
748.0
754.0
794.0
761.0
763.0
719.0
842.0
817.0
935.0
1023.0
1077.0
1049.0
1093.0
1088.0
1108.0
1183.0
1113.0
1042.0
1033.0
1007.0
1018.0
966.0
836.0
800.0
747.0
759.0
804.0
766.0
767.0
727.0
844.0
839.0
940.0
1024.0
1081.0
1048.0
1111.0
1091.0
1118.0
1183.0
1123.0
1040.0
1034.0
1008.0
1023.0
974.0
839.0
805.0
744.0
762.0
809.0
772.0
774.0
731.0
854.0
844.0
950.0
1032.0
1089.0
1053.0
1115.0
1095.0
1119.0
1190.0
1117.0
1037.0
1044.0
1023.0
1020.0
979.0
839.0
816.0
751.0
819.0
812.0
777.0
761.0
730.0
852.0
847.0
946.0
1029.0
1095.0
1053.0
1118.0
1105.0
1121.0
1187.0
1116.0
1056.0
1048.0
1016.0
1030.0
984.0
840.0
809.0
761.0
827.0
807.0
776.0
773.0
741.0
894.0
857.0
949.0
1029.0
1084.0
1064.0
1118.0
1095.0
1128.0
1188.0
1115.0
1058.0
1045.0
1018.0
1029.0
982.0
856.0
832.0
756.0
833.0
819.0
772.0
777.0
742.0
901.0
843.0
955.0
1029.0
1084.0
1056.0
1132.0
1103.0
1128.0
1191.0
1129.0
1062.0
1047.0
1023.0
1029.0
991.0
862.0
833.0
764.0
843.0
818.0
788.0
779.0
746.0
909.0
854.0
970.0
1027.0
1088.0
1071.0
1131.0
1099.0
1138.0
1189.0
1117.0
1059.0
1050.0
1029.0
1036.0
990.0
863.0
834.0
770.0
847.0
825.0
790.0
785.0
743.0
911.0
868.0
974.0
1030.0
1096.0
1078.0
1147.0
1104.0
1138.0
1192.0
1125.0
1076.0
1057.0
1031.0
1037.0
996.0
876.0
843.0
771.0
851.0
821.0
795.0
795.0
753.0
909.0
869.0
978.0
1050.0
1103.0
1085.0
1151.0
1105.0
1138.0
1205.0
1135.0
1074.0
1062.0
1030.0
1047.0
1000.0
871.0
836.0
777.0
865.0
823.0
806.0
785.0
751.0
909.0
863.0
975.0
1054.0
1104.0
1085.0
1152.0
1115.0
1144.0
1201.0
1140.0
1081.0
1066.0
1041.0
1049.0
1000.0
888.0
848.0
773.0
868.0
835.0
802.0
787.0
750.0
907.0
867.0
980.0
1057.0
1105.0
1085.0
1169.0
1118.0
1151.0
1202.0
1143.0
1086.0
1066.0
1037.0
1052.0
1002.0
891.0
