844.0
790.0
776.0
827.0
802.0
789.0
765.0
874.0
898.0
980.0
1088.0
1179.0
1122.0
1192.0
1194.0
1224.0
1316.0
1234.0
1115.0
1119.0
1087.0
1098.0
1033.0
889.0
854.0
780.0
775.0
831.0
813.0
799.0
763.0
872.0
899.0
989.0
1100.0
1185.0
1123.0
1209.0
1202.0
1230.0
1316.0
1238.0
1121.0
1126.0
1093.0
1096.0
1048.0
901.0
840.0
786.0
837.0
854.0
809.0
794.0
775.0
883.0
887.0
983.0
1106.0
1192.0
1129.0
1219.0
1204.0
1235.0
1325.0
1238.0
1131.0
1124.0
1092.0
1099.0
1047.0
894.0
845.0
784.0
844.0
848.0
808.0
791.0
772.0
919.0
913.0
985.0
1109.0
1191.0
1141.0
1224.0
1198.0
1241.0
1332.0
1236.0
1137.0
1129.0
1105.0
1100.0
1047.0
903.0
857.0
795.0
847.0
864.0
809.0
804.0
778.0
923.0
919.0
1000.0
1114.0
1195.0
1142.0
1238.0
1208.0
1243.0
1332.0
1247.0
1141.0
1135.0
1091.0
1105.0
1050.0
906.0
848.0
803.0
859.0
863.0
821.0
796.0
780.0
925.0
929.0
1009.0
1105.0
1201.0
1161.0
1240.0
1207.0
1248.0
1336.0
1247.0
1148.0
1139.0
1107.0
1112.0
1055.0
909.0
858.0
806.0
874.0
877.0
820.0
814.0
788.0
932.0
936.0
1011.0
1103.0
1206.0
1170.0
1262.0
1212.0
1252.0
1339.0
1258.0
1162.0
1144.0
1110.0
1118.0
1059.0
921.0
861.0
810.0
865.0
874.0
830.0
813.0
795.0
936.0
937.0
1020.0
1135.0
1207.0
1182.0
1260.0
1221.0
1253.0
1344.0
1270.0
1167.0
1151.0
1113.0
1130.0
1072.0
920.0
870.0
815.0
868.0
875.0
839.0
833.0
798.0
945.0
941.0
1021.0
1139.0
1215.0
1186.0
1271.0
1223.0
1257.0
1352.0
1273.0
1166.0
1167.0
1122.0
1129.0
1075.0
924.0
877.0
816.0
878.0
881.0
830.0
825.0
793.0
946.0
940.0
1032.0
1150.0
1207.0
1197.0
1292.0
1246.0
1264.0
1352.0
1279.0
1181.0
1162.0
1124.0
1133.0
1071.0
945.0
