1070.0
1074.0
1051.0
1049.0
991.0
830.0
802.0
750.0
740.0
774.0
749.0
747.0
688.0
803.0
800.0
926.0
1043.0
1148.0
1062.0
1141.0
1165.0
1198.0
1309.0
1211.0
1075.0
1078.0
1052.0
1055.0
996.0
832.0
806.0
755.0
746.0
785.0
755.0
750.0
698.0
817.0
806.0
934.0
1050.0
1156.0
1079.0
1154.0
1173.0
1221.0
1327.0
1235.0
1089.0
1086.0
1065.0
1068.0
1002.0
852.0
815.0
758.0
751.0
792.0
756.0
750.0
713.0
829.0
811.0
939.0
1065.0
1156.0
1087.0
1168.0
1186.0
1219.0
1351.0
1248.0
1097.0
1102.0
1073.0
1077.0
1013.0
857.0
819.0
762.0
756.0
798.0
765.0
758.0
720.0
831.0
820.0
946.0
1076.0
1173.0
1108.0
1193.0
1191.0
1237.0
1356.0
1256.0
1108.0
1109.0
1086.0
1091.0
1021.0
859.0
821.0
763.0
764.0
805.0
762.0
763.0
727.0
839.0
843.0
959.0
1082.0
1180.0
1114.0
1212.0
1205.0
1244.0
1364.0
1256.0
1111.0
1115.0
1091.0
1099.0
1028.0
861.0
822.0
759.0
764.0
808.0
775.0
767.0
728.0
846.0
846.0
966.0
1090.0
1187.0
1118.0
1224.0
1213.0
1249.0
1379.0
1259.0
1116.0
1129.0
1100.0
1104.0
1043.0
864.0
827.0
766.0
824.0
821.0
778.0
767.0
731.0
850.0
850.0
968.0
1097.0
1192.0
1125.0
1234.0
1220.0
1254.0
1388.0
1260.0
1137.0
1130.0
1098.0
1106.0
1045.0
866.0
827.0
766.0
839.0
814.0
778.0
773.0
736.0
901.0
857.0
970.0
1095.0
1177.0
1137.0
1243.0
1208.0
1259.0
1390.0
1261.0
1143.0
1142.0
1100.0
1114.0
1046.0
876.0
848.0
773.0
845.0
824.0
779.0
778.0
738.0
913.0
854.0
979.0
1086.0
1181.0
1129.0
1259.0
1214.0
1266.0
1393.0
1266.0
1149.0
1146.0
1102.0
1119.0
1046.0
884.0
850.0
778.0
853.0
825.0
791.0
779.0
742.0
918.0
862.0
998.0
1090.0
1188.0
1147.0
1266.0
1217.0
1278.0
1393.0
1251.0
1154.0
1149.0
1112.0
1122.0
1047.0
888.0
855.0
783.0
865.0
831.0
794.0
786.0
745.0
923.0
869.0
1003.0
1097.0
1196.0
1160.0
1288.0
1224.0
1287.0
1397.0
1265.0
1173.0
1158.0
1117.0
1131.0
1054.0
898.0
858.0
789.0
868.0
833.0
798.0
791.0
749.0
927.0
870.0
1006.0
1122.0
1219.0
1176.0
1293.0
1227.0
1289.0
1404.0
1276.0
1177.0
1166.0
1124.0
1143.0
1062.0
900.0
860.0
792.0
875.0
841.0
810.0
794.0
752.0
924.0
875.0
1013.0
1132.0
1222.0
1184.0
1307.0
1235.0
1295.0
1416.0
1285.0
1191.0
1173.0
1127.0
1146.0
1067.0
912.0
864.0
796.0
881.0
846.0
811.0
797.0
754.0
926.0
879.0
1017.0
1136.0
1225.0
1191.0
1335.0
1238.0
1301.0
1421.0
1293.0
1193.0
1174.0
1131.0
1147.0
1076.0
916.0
