828.0
718.0
513.0
402.0
386.0
506.0
459.0
421.0
420.0
429.0
442.0
438.0
403.0
415.0
445.0
435.0
458.0
444.0
420.0
427.0
429.0
449.0
433.0
419.0
400.0
508.0
504.0
490.0
518.0
479.0
500.0
471.0
509.0
512.0
533.0
530.0
486.0
469.0
459.0
588.0
524.0
511.0
599.0
587.0
500.0
500.0
518.0
516.0
538.0
553.0
546.0
471.0
674.0
561.0
538.0
771.0
698.0
782.0
785.0
786.0
770.0
757.0
768.0
758.0
769.0
754.0
775.0
623.0
590.0
505.0
474.0
504.0
500.0
545.0
498.0
497.0
518.0
493.0
726.0
498.0
681.0
723.0
583.0
809.0
759.0
736.0
728.0
680.0
748.0
720.0
710.0
683.0
616.0
552.0
489.0
454.0
494.0
487.0
531.0
511.0
494.0
489.0
509.0
453.0
836.0
943.0
757.0
655.0
836.0
981.0
970.0
874.0
948.0
874.0
842.0
661.0
545.0
628.0
487.0
468.0
448.0
427.0
512.0
524.0
535.0
548.0
865.0
838.0
961.0
828.0
733.0
625.0
851.0
885.0
912.0
995.0
989.0
817.0
694.0
922.0
711.0
622.0
659.0
639.0
555.0
482.0
474.0
451.0
466.0
458.0
496.0
499.0
463.0
498.0
489.0
521.0
493.0
518.0
500.0
523.0
516.0
483.0
506.0
548.0
520.0
495.0
496.0
588.0
580.0
577.0
505.0
519.0
460.0
496.0
472.0
536.0
524.0
567.0
541.0
636.0
673.0
576.0
554.0
548.0
522.0
466.0
602.0
510.0
644.0
526.0
554.0
495.0
542.0
472.0
502.0
579.0
717.0
610.0
651.0
843.0
934.0
976.0
990.0
937.0
964.0
916.0
953.0
1054.0
955.0
929.0
773.0
690.0
533.0
492.0
446.0
457.0
442.0
443.0
468.0
455.0
521.0
938.0
980.0
928.0
778.0
972.0
922.0
965.0
962.0
932.0
933.0
994.0
955.0
947.0
967.0
781.0
677.0
533.0
539.0
445.0
472.0
418.0
464.0
464.0
484.0
879.0
628.0
691.0
557.0
757.0
837.0
907.0
835.0
957.0
900.0
971.0
909.0
941.0
937.0
980.0
693.0
641.0
479.0
462.0
419.0
410.0
418.0
427.0
487.0
526.0
525.0
549.0
702.0
557.0
607.0
501.0
793.0
789.0
847.0
839.0
877.0
783.0
682.0
588.0
531.0
472.0
428.0
457.0
465.0
489.0
525.0
464.0
518.0
488.0
544.0
623.0
815.0
911.0
855.0
839.0
809.0
955.0
940.0
922.0
905.0
829.0
719.0
556.0
512.0
467.0
442.0
452.0
596.0
537.0
617.0
564.0
652.0
568.0
545.0
480.0
533.0
482.0
487.0
494.0
483.0
532.0
509.0
566.0
548.0
523.0
476.0
487.0
461.0
476.0
494.0
488.0
509.0
528.0
481.0
514.0
541.0
504.0
514.0
487.0
463.0
454.0
454.0
465.0
469.0
460.0
455.0
446.0
459.0
473.0
434.0
435.0
443.0
445.0
457.0
462.0
479.0
468.0
465.0
485.0
481.0
522.0
572.0
687.0
919.0
780.0
918.0
923.0
959.0
967.0
1018.0
1021.0
1026.0
984.0
833.0
742.0
607.0
503.0
538.0
498.0
461.0
546.0
488.0
494.0
565.0
540.0
836.0
957.0
701.0
712.0
907.0
943.0
1020.0
1014.0
974.0
945.0
988.0
794.0
707.0
810.0
584.0
546.0
530.0
542.0
532.0
476.0
475.0
481.0
504.0
459.0
475.0
772.0
999.0
753.0
957.0
672.0
922.0
936.0
969.0
1012.0
946.0
706.0
772.0
597.0
511.0
453.0
463.0
461.0
453.0
477.0
492.0
504.0
511.0
870.0
699.0
947.0
1033.0
997.0
968.0
999.0
782.0
720.0
815.0
928.0
910.0
989.0
985.0
951.0
720.0
626.0
578.0
532.0
460.0
476.0
458.0
490.0
538.0
514.0
764.0
967.0
750.0
969.0
926.0
929.0
968.0
938.0
978.0
1024.0
1079.0
994.0
974.0
714.0
607.0
495.0
591.0
521.0
594.0
535.0
504.0
484.0
467.0
488.0
499.0
453.0
451.0
420.0
453.0
461.0
467.0
498.0
473.0
492.0
489.0
499.0
477.0
477.0
464.0
498.0
551.0
521.0
529.0
521.0
536.0
496.0
536.0
500.0
488.0
500.0
548.0
491.0
505.0
463.0
460.0
456.0
467.0
470.0
480.0
477.0
465.0
461.0
482.0
496.0
477.0
479.0
481.0
471.0
464.0
481.0
489.0
625.0
576.0
807.0
702.0
909.0
958.0
967.0
948.0
991.0
1027.0
991.0
1004.0
938.0
1015.0
834.0
743.0
609.0
547.0
501.0
487.0
511.0
521.0
480.0
570.0
505.0
884.0
1018.0
954.0
802.0
1003.0
947.0
995.0
1046.0
1000.0
970.0
1009.0
983.0
1023.0
985.0
781.0
678.0
555.0
517.0
509.0
591.0
566.0
534.0
541.0
603.0
892.0
871.0
982.0
899.0
1000.0
1002.0
997.0
1026.0
1040.0
1026.0
1027.0
998.0
1001.0
1015.0
802.0
618.0
536.0
598.0
607.0
643.0
692.0
648.0
893.0
755.0
847.0
748.0
955.0
998.0
992.0
979.0
996.0
934.0
1020.0
1022.0
1029.0
996.0
1001.0
939.0
747.0
606.0
548.0
525.0
485.0
494.0
512.0
493.0
520.0
593.0
873.0
1002.0
988.0
922.0
1019.0
1026.0
995.0
973.0
858.0
960.0
968.0
998.0
988.0
1010.0
804.0
649.0
531.0
528.0
511.0
488.0
488.0
525.0
537.0
594.0
531.0
585.0
525.0
539.0
534.0
527.0
541.0
489.0
505.0
512.0
526.0
551.0
560.0
511.0
546.0
529.0
564.0
534.0
486.0
507.0
509.0
473.0
478.0
519.0
505.0
490.0
439.0
466.0
487.0
494.0
461.0
453.0
446.0
452.0
466.0
468.0
473.0
479.0
460.0
447.0
492.0
472.0
664.0
566.0
551.0
528.0
506.0
533.0
478.0
512.0
735.0
929.0
1000.0
1018.0
988.0
1007.0
972.0
930.0
1009.0
1015.0
1018.0
969.0
808.0
697.0
623.0
539.0
562.0
550.0
499.0
489.0
493.0
567.0
750.0
1015.0
1008.0
846.0
953.0
922.0
1059.0
985.0
1011.0
844.0
1011.0
1017.0
1024.0
1031.0
1031.0
888.0
791.0
605.0
519.0
473.0
458.0
453.0
452.0
752.0
724.0
998.0
851.0
1004.0
1041.0
1091.0
1057.0
1016.0
1052.0
901.0
1009.0
1067.0
1035.0
960.0
970.0
766.0
631.0
581.0
546.0
514.0
554.0
514.0
496.0
537.0
890.0
1008.0
819.0
856.0
957.0
808.0
972.0
945.0
992.0
900.0
1036.0
1045.0
960.0
1041.0
1057.0
826.0
796.0
684.0
559.0
515.0
495.0
487.0
500.0
495.0
497.0
490.0
574.0
592.0
533.0
580.0
576.0
562.0
524.0
499.0
536.0
478.0
490.0
483.0
485.0
490.0
498.0
504.0
523.0
525.0
508.0
513.0
502.0
521.0
507.0
490.0
479.0
475.0
462.0
467.0
473.0
478.0
496.0
491.0
474.0
498.0
487.0
469.0
494.0
490.0
513.0
509.0
508.0
485.0
454.0
466.0
445.0
462.0
459.0
460.0
440.0
434.0
455.0
498.0
489.0
458.0
487.0
474.0
472.0
468.0
465.0
450.0
473.0
482.0
519.0
511.0
487.0
480.0
436.0
456.0
476.0
526.0
806.0
878.0
1022.0
1050.0
925.0
881.0
1018.0
1006.0
1050.0
843.0
770.0
1012.0
1065.0
1036.0
1028.0
756.0
629.0
591.0
542.0
568.0
499.0
489.0
476.0
560.0
594.0
850.0
974.0
1036.0
1057.0
1079.0
919.0
768.0
684.0
1000.0
1059.0
1027.0
1052.0
1017.0
1037.0
917.0
735.0
558.0
534.0
468.0
488.0
505.0
544.0
580.0
582.0
641.0
946.0
1085.0
1086.0
1057.0
1093.0
1042.0
1071.0
1098.0
1090.0
1072.0
994.0
1078.0
908.0
852.0
821.0
670.0
581.0
591.0
609.0
658.0
522.0
522.0
587.0
563.0
865.0
1018.0
1055.0
1060.0
1075.0
1063.0
1092.0
1096.0
1081.0
1091.0
914.0
891.0
1029.0
1029.0
853.0
700.0
574.0
509.0
537.0
514.0
515.0
712.0
737.0
663.0
676.0
900.0
1012.0
1043.0
1016.0
1034.0
1033.0
1038.0
1015.0
1022.0
959.0
971.0
862.0
681.0
558.0
506.0
454.0
504.0
502.0
530.0
548.0
573.0
570.0
619.0
621.0
591.0
607.0
587.0
569.0
539.0
541.0
691.0
778.0
673.0
600.0
569.0
562.0
527.0
530.0
539.0
506.0
481.0
483.0
470.0
472.0
463.0
450.0
458.0
483.0
514.0
552.0
585.0
539.0
484.0
600.0
524.0
479.0
450.0
434.0
421.0
514.0
547.0
487.0
464.0
440.0
467.0
441.0
444.0
464.0
494.0
798.0
990.0
866.0
859.0
943.0
975.0
984.0
1024.0
1036.0
1020.0
1056.0
1037.0
1011.0
1007.0
960.0
775.0
613.0
580.0
526.0
547.0
517.0
516.0
532.0
860.0
785.0
731.0
777.0
982.0
1019.0
1037.0
1044.0
1045.0
1050.0
1063.0
1040.0
1041.0
1005.0
979.0
996.0
823.0
663.0
554.0
557.0
536.0
500.0
470.0
467.0
492.0
617.0
1095.0
1056.0
1128.0
1136.0
1153.0
1102.0
1103.0
1108.0
1092.0
1057.0
1015.0
944.0
819.0
872.0
704.0
593.0
554.0
501.0
508.0
537.0
492.0
510.0
509.0
495.0
542.0
528.0
562.0
531.0
547.0
546.0
525.0
532.0
535.0
515.0
508.0
508.0
550.0
639.0
598.0
557.0
534.0
511.0
492.0
519.0
489.0
498.0
547.0
577.0
567.0
632.0
647.0
891.0
1084.0
1082.0
1011.0
1066.0
1067.0
994.0
917.0
849.0
711.0
678.0
528.0
473.0
498.0
485.0
471.0
527.0
546.0
559.0
562.0
569.0
588.0
518.0
556.0
516.0
545.0
513.0
512.0
521.0
503.0
482.0
500.0
495.0
478.0
474.0
491.0
449.0
481.0
465.0
488.0
503.0
495.0
460.0
498.0
478.0
461.0
467.0
486.0
457.0
475.0
473.0
476.0
486.0
496.0
475.0
468.0
465.0
498.0
496.0
497.0
571.0
535.0
595.0
569.0
549.0
533.0
487.0
538.0
515.0
759.0
1079.0
1043.0
1143.0
1107.0
1127.0
1124.0
1139.0
1078.0
1004.0
961.0
920.0
896.0
753.0
668.0
586.0
536.0
540.0
498.0
512.0
537.0
572.0
619.0
1035.0
1072.0
876.0
1022.0
1043.0
1109.0
969.0
1160.0
1100.0
1150.0
1034.0
995.0
836.0
854.0
931.0
760.0
617.0
565.0
469.0
474.0
488.0
457.0
485.0
489.0
603.0
729.0
1026.0
1216.0
1222.0
1374.0
1171.0
1212.0
1217.0
1257.0
1258.0
1254.0
1274.0
1082.0
1217.0
907.0
654.0
613.0
603.0
526.0
510.0
551.0
573.0
582.0
708.0
1278.0
1299.0
1272.0
1181.0
1247.0
1300.0
1258.0
1261.0
1258.0
1331.0
1271.0
1285.0
1264.0
1280.0
973.0
800.0
667.0
714.0
690.0
608.0
622.0
649.0
923.0
1241.0
1216.0
1084.0
1241.0
1306.0
1293.0
1257.0
1281.0
1352.0
1421.0
1444.0
1403.0
1411.0
1473.0
1387.0
955.0
720.0
638.0
624.0
550.0
565.0
541.0
602.0
545.0
549.0
595.0
610.0
577.0
573.0
552.0
515.0
568.0
521.0
501.0
518.0
579.0
527.0
506.0
490.0
501.0
467.0
490.0
499.0
521.0
486.0
491.0
491.0
503.0
470.0
451.0
451.0
468.0
468.0
475.0
474.0
496.0
515.0
499.0
513.0
630.0
498.0
498.0
470.0
468.0
472.0
470.0
493.0
504.0
604.0
592.0
556.0
1314.0
1357.0
1426.0
1418.0
1412.0
1086.0
1332.0
1412.0
1512.0
1587.0
1497.0
1590.0
1518.0
1580.0
1137.0
1277.0
985.0
859.0
762.0
697.0
644.0
613.0
600.0
617.0
744.0
904.0
1543.0
1224.0
1496.0
1434.0
1257.0
1533.0
1453.0
1421.0
1463.0
1555.0
1546.0
1285.0
1509.0
1357.0
973.0
825.0
714.0
636.0
587.0
519.0
511.0
475.0
669.0
625.0
1166.0
1176.0
1429.0
1652.0
1479.0
1495.0
1601.0
1606.0
1668.0
1635.0
1681.0
1553.0
1626.0
1147.0
896.0
697.0
702.0
604.0
652.0
550.0
545.0
548.0
535.0
640.0
1537.0
1429.0
1141.0
1167.0
1155.0
1120.0
1142.0
1155.0
1202.0
1206.0
1188.0
1183.0
1153.0
969.0
749.0
648.0
613.0
490.0
484.0
461.0
461.0
483.0
526.0
576.0
1062.0
1118.0
1088.0
1129.0
1179.0
1182.0
1206.0
1197.0
1214.0
1188.0
1191.0
1155.0
1161.0
1149.0
912.0
649.0
631.0
531.0
487.0
480.0
484.0
504.0
496.0
532.0
565.0
531.0
558.0
603.0
560.0
542.0
547.0
561.0
565.0
612.0
567.0
578.0
517.0
544.0
493.0
489.0
510.0
596.0
556.0
543.0
585.0
534.0
513.0
474.0
455.0
500.0
508.0
470.0
492.0
518.0
488.0
510.0
517.0
495.0
528.0
505.0
481.0
500.0
485.0
622.0
603.0
550.0
536.0
570.0
551.0
516.0
564.0
526.0
767.0
845.0
1063.0
1450.0
1241.0
1382.0
1546.0
1012.0
1149.0
1065.0
1018.0
1051.0
956.0
1010.0
701.0
621.0
606.0
585.0
622.0
559.0
592.0
618.0
722.0
712.0
719.0
793.0
1138.0
1138.0
1102.0
1181.0
1152.0
1071.0
1274.0
1205.0
1049.0
1154.0
917.0
840.0
711.0
653.0
620.0
607.0
633.0
653.0
599.0
648.0
650.0
624.0
701.0
833.0
1005.0
1085.0
1057.0
1006.0
1096.0
1053.0
1231.0
1126.0
1159.0
996.0
933.0
1069.0
703.0
660.0
623.0
570.0
537.0
702.0
673.0
726.0
612.0
602.0
868.0
918.0
1007.0
1260.0
1213.0
1252.0
1134.0
1073.0
1213.0
1099.0
1070.0
1035.0
939.0
1083.0
748.0
639.0
646.0
585.0
572.0
613.0
557.0
637.0
607.0
613.0
776.0
1010.0
905.0
1045.0
1129.0
1155.0
1073.0
1130.0
1120.0
1194.0
1384.0
1394.0
1457.0
1293.0
1222.0
978.0
711.0
638.0
561.0
593.0
607.0
615.0
619.0
670.0
633.0
651.0
920.0
806.0
765.0
779.0
706.0
668.0
588.0
639.0
622.0
572.0
616.0
644.0
640.0
564.0
584.0
628.0
613.0
707.0
504.0
566.0
726.0
513.0
600.0
626.0
606.0
601.0
588.0
568.0
526.0
525.0
506.0
551.0
555.0
563.0
545.0
623.0
554.0
555.0
590.0
568.0
654.0
601.0
606.0
614.0
635.0
592.0
607.0
748.0
785.0
995.0
902.0
1037.0
1029.0
1143.0
1405.0
1250.0
1154.0
988.0
1206.0
1021.0
680.0
542.0
516.0
555.0
689.0
642.0
595.0
634.0
761.0
638.0
1160.0
877.0
1049.0
1003.0
934.0
836.0
718.0
914.0
964.0
1014.0
1057.0
858.0
935.0
972.0
769.0
623.0
608.0
685.0
788.0
754.0
599.0
698.0
762.0
704.0
735.0
713.0
821.0
908.0
901.0
817.0
1170.0
879.0
986.0
949.0
855.0
783.0
629.0
668.0
610.0
499.0
549.0
639.0
642.0
685.0
616.0
632.0
624.0
836.0
743.0
767.0
680.0
786.0
908.0
979.0
822.0
938.0
1145.0
1310.0
1129.0
926.0
1012.0
830.0
628.0
501.0
521.0
599.0
569.0
578.0
1120.0
765.0
765.0
785.0
657.0
991.0
1067.0
967.0
1027.0
969.0
1028.0
1000.0
866.0
1004.0
978.0
781.0
712.0
680.0
716.0
569.0
853.0
794.0
682.0
834.0
777.0
815.0
852.0
911.0
755.0
901.0
625.0
494.0
719.0
672.0
595.0
647.0
685.0
576.0
590.0
723.0
621.0
619.0
572.0
579.0
550.0
653.0
614.0
649.0
603.0
514.0
627.0
620.0
499.0
596.0
615.0
627.0
623.0
631.0
556.0
498.0
612.0
628.0
497.0
631.0
509.0
677.0
623.0
487.0
597.0
784.0
578.0
617.0
837.0
708.0
589.0
654.0
651.0
584.0
485.0
457.0
597.0
751.0
554.0
487.0
492.0
592.0
504.0
601.0
618.0
604.0
497.0
557.0
664.0
610.0
715.0
670.0
846.0
645.0
611.0
790.0
897.0
786.0
762.0
923.0
801.0
959.0
819.0
888.0
1042.0
1008.0
804.0
912.0
1035.0
861.0
727.0
639.0
729.0
665.0
555.0
625.0
506.0
575.0
592.0
768.0
644.0
702.0
806.0
790.0
834.0
888.0
758.0
757.0
774.0
751.0
805.0
841.0
741.0
814.0
749.0
492.0
582.0
753.0
544.0
562.0
594.0
732.0
579.0
562.0
625.0
732.0
688.0
679.0
681.0
826.0
776.0
766.0
845.0
953.0
809.0
844.0
699.0
754.0
789.0
479.0
490.0
603.0
600.0
535.0
611.0
684.0
788.0
748.0
966.0
731.0
787.0
726.0
840.0
787.0
868.0
919.0
965.0
961.0
905.0
862.0
628.0
744.0
581.0
559.0
593.0
583.0
653.0
629.0
664.0
621.0
706.0
658.0
559.0
630.0
690.0
611.0
737.0
623.0
610.0
551.0
602.0
