1065.0
1070.0
1046.0
1045.0
991.0
835.0
811.0
757.0
751.0
790.0
762.0
763.0
700.0
827.0
813.0
941.0
1037.0
1122.0
1050.0
1126.0
1139.0
1172.0
1267.0
1170.0
1070.0
1075.0
1047.0
1052.0
996.0
837.0
817.0
762.0
758.0
801.0
768.0
766.0
710.0
840.0
819.0
948.0
1043.0
1130.0
1065.0
1137.0
1147.0
1190.0
1281.0
1191.0
1081.0
1082.0
1060.0
1063.0
1002.0
859.0
826.0
765.0
764.0
809.0
769.0
766.0
726.0
850.0
824.0
953.0
1056.0
1132.0
1071.0
1151.0
1157.0
1191.0
1302.0
1202.0
1090.0
1097.0
1067.0
1072.0
1012.0
862.0
829.0
769.0
768.0
814.0
779.0
774.0
733.0
853.0
833.0
959.0
1066.0
1144.0
1091.0
1171.0
1161.0
1205.0
1305.0
1209.0
1100.0
1103.0
1079.0
1084.0
1021.0
865.0
832.0
771.0
777.0
821.0
775.0
781.0
741.0
860.0
855.0
970.0
1070.0
1150.0
1095.0
1187.0
1173.0
1214.0
1312.0
1211.0
1103.0
1109.0
1084.0
1093.0
1026.0
868.0
833.0
767.0
778.0
824.0
790.0
784.0
742.0
867.0
859.0
976.0
1078.0
1156.0
1099.0
1198.0
1180.0
1218.0
1323.0
1214.0
1108.0
1122.0
1091.0
1097.0
1040.0
870.0
838.0
773.0
841.0
834.0
792.0
783.0
744.0
871.0
862.0
978.0
1083.0
1161.0
1106.0
1207.0
1185.0
1223.0
1330.0
1215.0
1122.0
1122.0
1090.0
1100.0
1042.0
872.0
838.0
775.0
855.0
827.0
792.0
789.0
749.0
919.0
868.0
982.0
1083.0
1154.0
1116.0
1214.0
1180.0
1228.0
1332.0
1216.0
1128.0
1129.0
1092.0
1105.0
1043.0
883.0
858.0
779.0
862.0
837.0
794.0
795.0
752.0
930.0
867.0
989.0
1079.0
1158.0
1114.0
1225.0
1186.0
1233.0
1336.0
1223.0
1133.0
1134.0
1094.0
1109.0
1045.0
890.0
860.0
785.0
870.0
838.0
806.0
794.0
756.0
935.0
875.0
1005.0
1082.0
1164.0
1129.0
1231.0
1189.0
1242.0
1337.0
1216.0
1138.0
1136.0
1103.0
1112.0
1045.0
895.0
865.0
790.0
881.0
845.0
809.0
802.0
759.0
940.0
882.0
1009.0
1088.0
1171.0
1140.0
1249.0
1194.0
1250.0
1341.0
1229.0
1155.0
1144.0
1108.0
1120.0
1051.0
905.0
868.0
797.0
885.0
847.0
814.0
808.0
763.0
944.0
883.0
1012.0
1110.0
1184.0
1154.0
1253.0
1198.0
1252.0
1347.0
1238.0
1158.0
1151.0
1114.0
1131.0
1059.0
908.0
870.0
800.0
892.0
854.0
826.0
810.0
766.0
943.0
889.0
1018.0
1119.0
1188.0
1161.0
1265.0
1204.0
1257.0
1355.0
1246.0
1170.0
1156.0
1117.0
1133.0
1063.0
919.0
874.0
805.0
898.0
859.0
826.0
814.0
768.0
944.0
893.0
1021.0
1122.0
1190.0
1168.0
1288.0
1207.0
1262.0
1360.0
1253.0
1172.0
1158.0
1121.0
1135.0
1072.0
923.0
