982.0
1656.0
1175.0
827.0
1818.0
1156.0
867.0
785.0
923.0
1567.0
1189.0
1661.0
1131.0
1748.0
1355.0
983.0
768.0
1482.0
1413.0
1629.0
1495.0
1351.0
1591.0
1693.0
1277.0
1895.0
1439.0
1774.0
1657.0
1345.0
1239.0
876.0
675.0
508.0
1607.0
1180.0
924.0
730.0
655.0
717.0
776.0
909.0
593.0
624.0
524.0
1562.0
847.0
1017.0
1057.0
1028.0
655.0
672.0
1230.0
1345.0
707.0
573.0
595.0
679.0
602.0
540.0
530.0
696.0
608.0
732.0
640.0
896.0
1354.0
1195.0
1353.0
1403.0
1442.0
1313.0
1570.0
1160.0
877.0
665.0
667.0
886.0
923.0
861.0
984.0
1089.0
1525.0
1073.0
1254.0
929.0
824.0
774.0
1630.0
913.0
1498.0
1069.0
1693.0
1233.0
837.0
1448.0
1612.0
1013.0
1623.0
1485.0
1087.0
1321.0
920.0
776.0
935.0
691.0
1526.0
1320.0
1547.0
1546.0
1328.0
1265.0
1023.0
1634.0
1420.0
1326.0
1096.0
1249.0
1474.0
1424.0
1403.0
1627.0
1424.0
1736.0
1567.0
1492.0
1642.0
1586.0
1289.0
836.0
805.0
1440.0
1244.0
1295.0
955.0
886.0
1216.0
801.0
626.0
1537.0
1025.0
1106.0
1588.0
1412.0
1156.0
843.0
895.0
1227.0
1638.0
1483.0
1092.0
1673.0
1539.0
1476.0
1512.0
1135.0
742.0
599.0
629.0
544.0
471.0
478.0
513.0
458.0
441.0
459.0
406.0
392.0
385.0
369.0
412.0
442.0
1108.0
344.0
1102.0
1298.0
768.0
555.0
1586.0
808.0
1399.0
775.0
609.0
579.0
724.0
493.0
904.0
628.0
497.0
569.0
763.0
474.0
754.0
596.0
533.0
646.0
740.0
429.0
865.0
433.0
823.0
768.0
858.0
800.0
524.0
587.0
568.0
747.0
378.0
447.0
752.0
329.0
640.0
369.0
504.0
728.0
503.0
834.0
599.0
770.0
481.0
858.0
462.0
518.0
817.0
422.0
716.0
460.0
525.0
473.0
418.0
571.0
291.0
697.0
743.0
384.0
914.0
777.0
443.0
791.0
765.0
460.0
844.0
761.0
435.0
964.0
473.0
562.0
537.0
822.0
441.0
497.0
913.0
469.0
682.0
517.0
968.0
643.0
434.0
856.0
757.0
418.0
812.0
661.0
488.0
825.0
783.0
453.0
512.0
906.0
431.0
1005.0
386.0
567.0
662.0
498.0
1146.0
444.0
636.0
612.0
1131.0
518.0
783.0
498.0
796.0
680.0
553.0
552.0
610.0
603.0
451.0
1035.0
403.0
904.0
566.0
1087.0
492.0
540.0
656.0
755.0
414.0
493.0
565.0
628.0
1125.0
669.0
956.0
1365.0
990.0
809.0
788.0
678.0
682.0
1233.0
572.0
1430.0
1373.0
917.0
863.0
1397.0
928.0
1531.0
1240.0
990.0
1511.0
1237.0
1018.0
1655.0
1331.0
1228.0
1709.0
1440.0
1100.0
1199.0
1429.0
1215.0
1523.0
