823.0
781.0
795.0
839.0
795.0
786.0
746.0
896.0
904.0
1013.0
1121.0
1212.0
1148.0
1223.0
1219.0
1261.0
1348.0
1254.0
1138.0
1129.0
1106.0
1127.0
1041.0
864.0
834.0
766.0
788.0
846.0
813.0
796.0
752.0
898.0
909.0
1011.0
1130.0
1217.0
1148.0
1244.0
1227.0
1263.0
1355.0
1258.0
1140.0
1145.0
1112.0
1127.0
1059.0
878.0
822.0
778.0
865.0
860.0
812.0
788.0
760.0
905.0
897.0
1009.0
1137.0
1223.0
1155.0
1252.0
1230.0
1267.0
1361.0
1259.0
1158.0
1146.0
1115.0
1130.0
1060.0
870.0
827.0
774.0
869.0
860.0
809.0
787.0
765.0
955.0
917.0
1007.0
1132.0
1226.0
1166.0
1259.0
1225.0
1272.0
1364.0
1261.0
1162.0
1154.0
1124.0
1135.0
1065.0
886.0
832.0
788.0
876.0
873.0
817.0
787.0
771.0
961.0
919.0
1024.0
1140.0
1225.0
1168.0
1272.0
1230.0
1278.0
1369.0
1270.0
1163.0
1156.0
1118.0
1137.0
1070.0
886.0
828.0
791.0
883.0
877.0
828.0
792.0
771.0
967.0
927.0
1038.0
1130.0
1231.0
1184.0
1277.0
1237.0
1282.0
1371.0
1270.0
1173.0
1161.0
1126.0
1138.0
1071.0
891.0
836.0
797.0
896.0
883.0
822.0
804.0
776.0
972.0
948.0
1046.0
1133.0
1237.0
1198.0
1294.0
1241.0
1285.0
1376.0
1282.0
1187.0
1170.0
1129.0
1150.0
1079.0
903.0
840.0
799.0
892.0
877.0
827.0
804.0
782.0
971.0
949.0
1049.0
1168.0
1242.0
1212.0
1291.0
1246.0
1287.0
1383.0
1291.0
1196.0
1179.0
1140.0
1158.0
1086.0
911.0
853.0
805.0
896.0
882.0
840.0
819.0
778.0
982.0
951.0
1063.0
1177.0
1245.0
1214.0
1307.0
1251.0
1293.0
1386.0
1299.0
1195.0
1186.0
1145.0
1162.0
1091.0
901.0
856.0
799.0
904.0
887.0
836.0
820.0
776.0
983.0
945.0
1070.0
1181.0
1241.0
1226.0
1330.0
1268.0
1299.0
1389.0
1304.0
1206.0
1184.0
1150.0
1169.0
1079.0
928.0
