807.0
789.0
700.0
715.0
587.0
553.0
572.0
532.0
549.0
572.0
598.0
596.0
644.0
767.0
701.0
797.0
653.0
858.0
807.0
852.0
852.0
913.0
1179.0
1257.0
1181.0
878.0
968.0
696.0
575.0
544.0
572.0
609.0
532.0
499.0
1098.0
665.0
684.0
779.0
656.0
1022.0
966.0
903.0
1065.0
888.0
1043.0
1023.0
900.0
1105.0
881.0
663.0
785.0
822.0
736.0
541.0
757.0
676.0
695.0
785.0
695.0
717.0
739.0
658.0
691.0
738.0
614.0
530.0
722.0
627.0
625.0
660.0
562.0
585.0
562.0
701.0
565.0
582.0
539.0
498.0
542.0
595.0
580.0
583.0
538.0
482.0
621.0
598.0
495.0
568.0
526.0
504.0
584.0
570.0
534.0
455.0
545.0
567.0
465.0
667.0
489.0
664.0
552.0
523.0
573.0
768.0
552.0
650.0
793.0
624.0
559.0
661.0
685.0
622.0
458.0
469.0
599.0
749.0
542.0
470.0
473.0
501.0
531.0
575.0
547.0
555.0
507.0
536.0
621.0
553.0
654.0
670.0
746.0
594.0
629.0
727.0
901.0
757.0
807.0
946.0
776.0
897.0
802.0
1003.0
1043.0
1038.0
854.0
905.0
939.0
859.0
702.0
599.0
822.0
755.0
615.0
591.0
523.0
507.0
554.0
698.0
600.0
655.0
649.0
751.0
742.0
759.0
796.0
743.0
810.0
746.0
781.0
696.0
713.0
846.0
796.0
547.0
621.0
728.0
617.0
607.0
520.0
758.0
598.0
542.0
611.0
702.0
670.0
632.0
707.0
810.0
791.0
818.0
874.0
890.0
884.0
854.0
734.0
714.0
722.0
565.0
561.0
641.0
582.0
628.0
623.0
690.0
722.0
762.0
798.0
786.0
796.0
664.0
752.0
780.0
796.0
901.0
983.0
1012.0
886.0
854.0
708.0
747.0
621.0
641.0
684.0
613.0
655.0
630.0
702.0
643.0
724.0
624.0
533.0
615.0
688.0
611.0
664.0
578.0
605.0
526.0
580.0
574.0
