302.0
382.0
475.0
420.0
356.0
504.0
440.0
472.0
581.0
591.0
632.0
658.0
850.0
851.0
830.0
773.0
903.0
758.0
778.0
833.0
560.0
477.0
446.0
405.0
435.0
549.0
616.0
544.0
508.0
477.0
461.0
527.0
470.0
485.0
498.0
486.0
463.0
512.0
465.0
466.0
472.0
435.0
430.0
474.0
493.0
535.0
494.0
588.0
897.0
922.0
459.0
386.0
378.0
407.0
435.0
392.0
374.0
431.0
420.0
422.0
454.0
419.0
447.0
432.0
486.0
469.0
424.0
415.0
469.0
483.0
418.0
438.0
439.0
409.0
664.0
429.0
418.0
467.0
459.0
421.0
422.0
448.0
469.0
484.0
482.0
470.0
509.0
414.0
761.0
574.0
445.0
645.0
612.0
437.0
557.0
488.0
528.0
648.0
602.0
506.0
513.0
835.0
497.0
522.0
850.0
823.0
861.0
873.0
862.0
859.0
805.0
838.0
764.0
786.0
851.0
839.0
697.0
532.0
486.0
431.0
499.0
502.0
652.0
488.0
483.0
617.0
530.0
817.0
510.0
770.0
826.0
696.0
991.0
920.0
866.0
891.0
786.0
871.0
865.0
780.0
813.0
669.0
346.0
476.0
414.0
437.0
458.0
481.0
478.0
468.0
464.0
470.0
479.0
802.0
962.0
680.0
559.0
861.0
1063.0
1106.0
995.0
1006.0
949.0
821.0
534.0
402.0
645.0
472.0
387.0
475.0
445.0
528.0
491.0
529.0
509.0
761.0
763.0
841.0
753.0
598.0
592.0
786.0
813.0
861.0
968.0
967.0
799.0
671.0
888.0
662.0
632.0
751.0
593.0
561.0
511.0
503.0
476.0
486.0
494.0
494.0
509.0
462.0
481.0
483.0
477.0
461.0
503.0
506.0
510.0
505.0
506.0
517.0
545.0
556.0
511.0
533.0
709.0
561.0
533.0
483.0
481.0
503.0
481.0
507.0
531.0
529.0
636.0
544.0
615.0
647.0
544.0
562.0
535.0
501.0
498.0
660.0
535.0
664.0
534.0
561.0
553.0
531.0
486.0
483.0
696.0
813.0
604.0
661.0
864.0
924.0
989.0
1003.0
950.0
977.0
959.0
978.0
1106.0
1055.0
961.0
756.0
618.0
519.0
521.0
517.0
501.0
487.0
466.0
478.0
460.0
532.0
937.0
1017.0
987.0
719.0
946.0
950.0
966.0
987.0
965.0
950.0
1042.0
1013.0
979.0
1001.0
781.0
627.0
485.0
524.0
495.0
446.0
459.0
442.0
448.0
500.0
883.0
587.0
571.0
495.0
725.0
853.0
921.0
858.0
967.0
923.0
1016.0
978.0
949.0
977.0
1028.0
618.0
566.0
469.0
445.0
429.0
427.0
426.0
441.0
493.0
544.0
478.0
489.0
673.0
498.0
526.0
484.0
771.0
822.0
844.0
846.0
883.0
754.0
653.0
579.0
491.0
482.0
473.0
474.0
483.0
470.0
518.0
468.0
517.0
448.0
553.0
698.0
829.0
926.0
805.0
749.0
803.0
978.0
939.0
898.0
892.0
831.0
756.0
536.0
493.0
468.0
492.0
483.0
689.0
549.0
612.0
485.0
565.0
505.0
487.0
481.0
469.0
460.0
496.0
485.0
464.0
523.0
531.0
567.0
522.0
500.0
448.0
477.0
448.0
475.0
489.0
526.0
532.0
460.0
480.0
510.0
542.0
485.0
486.0
474.0
449.0
439.0
457.0
455.0
437.0
428.0
440.0
437.0
433.0
457.0
409.0
400.0
425.0
416.0
451.0
450.0
479.0
457.0
441.0
467.0
488.0
531.0
603.0
765.0
990.0
685.0
970.0
978.0
976.0
1013.0
1080.0
1116.0
1101.0
1019.0
792.0
648.0
537.0
447.0
629.0
554.0
537.0
606.0
470.0
468.0
540.0
483.0
973.0
1026.0
574.0
702.0
981.0
996.0
1121.0
1075.0
977.0
956.0
1030.0
722.0
677.0
882.0
540.0
521.0
547.0
592.0
536.0
477.0
474.0
517.0
503.0
451.0
457.0
897.0
1119.0
625.0
990.0
557.0
985.0
1010.0
1000.0
1090.0
966.0
511.0
805.0
569.0
460.0
455.0
491.0
486.0
468.0
467.0
480.0
456.0
524.0
972.0
605.0
980.0
1148.0
1057.0
1000.0
1082.0
734.0
698.0
940.0
1026.0
979.0
1086.0
1059.0
990.0
568.0
541.0
574.0
529.0
508.0
478.0
468.0
493.0
553.0
477.0
887.0
1072.0
579.0
1047.0
978.0
946.0
998.0
970.0
1008.0
1088.0
1288.0
1075.0
1036.0
594.0
527.0
477.0
754.0
568.0
695.0
533.0
483.0
459.0
466.0
453.0
468.0
420.0
422.0
420.0
407.0
456.0
439.0
487.0
474.0
430.0
444.0
459.0
469.0
440.0
462.0
491.0
613.0
524.0
511.0
530.0
533.0
510.0
538.0
477.0
496.0
521.0
591.0
460.0
491.0
462.0
437.0
460.0
442.0
462.0
480.0
475.0
439.0
453.0
447.0
495.0
448.0
448.0
468.0
459.0
447.0
453.0
486.0
712.0
550.0
889.0
684.0
930.0
1007.0
1003.0
968.0
1054.0
1151.0
1033.0
1078.0
956.0
1088.0
806.0
755.0
563.0
534.0
556.0
540.0
546.0
526.0
488.0
582.0
517.0
987.0
1122.0
960.0
687.0
1089.0
972.0
1032.0
1172.0
1034.0
1003.0
1065.0
1038.0
1105.0
1028.0
706.0
614.0
552.0
526.0
537.0
774.0
556.0
522.0
545.0
511.0
1006.0
940.0
992.0
857.0
1031.0
1020.0
1003.0
1085.0
1103.0
1106.0
1091.0
1027.0
1030.0
1072.0
785.0
567.0
519.0
756.0
698.0
732.0
763.0
719.0
974.0
740.0
885.0
728.0
1068.0
1056.0
1026.0
998.0
1030.0
948.0
1090.0
1089.0
1112.0
1038.0
1040.0
953.0
710.0
588.0
523.0
489.0
523.0
517.0
516.0
479.0
503.0
571.0
970.0
1084.0
989.0
890.0
1081.0
1110.0
1019.0
990.0
831.0
1043.0
1045.0
1036.0
1038.0
1097.0
690.0
600.0
534.0
585.0
522.0
550.0
530.0
499.0
547.0
518.0
493.0
508.0
494.0
473.0
514.0
468.0
474.0
451.0
496.0
510.0
484.0
499.0
523.0
525.0
547.0
539.0
550.0
536.0
485.0
485.0
479.0
480.0
482.0
529.0
501.0
450.0
427.0
461.0
478.0
447.0
439.0
435.0
434.0
454.0
451.0
444.0
448.0
436.0
446.0
440.0
490.0
469.0
770.0
611.0
497.0
479.0
462.0
518.0
491.0
514.0
936.0
1028.0
1039.0
1068.0
983.0
1047.0
978.0
959.0
1083.0
1086.0
1056.0
990.0
800.0
717.0
603.0
546.0
569.0
588.0
580.0
485.0
492.0
528.0
799.0
1129.0
1023.0
761.0
1007.0
937.0
1152.0
1064.0
1056.0
812.0
1120.0
1089.0
1093.0
1098.0
1092.0
880.0
803.0
536.0
466.0
451.0
486.0
445.0
446.0
977.0
701.0
1096.0
815.0
1036.0
1087.0
1180.0
1123.0
1026.0
1145.0
871.0
1076.0
1222.0
1093.0
980.0
1026.0
757.0
597.0
617.0
558.0
527.0
624.0
515.0
475.0
512.0
1035.0
1087.0
742.0
824.0
1020.0
771.0
1076.0
951.0
1098.0
882.0
1139.0
1119.0
977.0
1127.0
1126.0
765.0
866.0
666.0
518.0
544.0
525.0
478.0
458.0
522.0
490.0
460.0
594.0
505.0
491.0
509.0
463.0
494.0
492.0
481.0
513.0
459.0
462.0
447.0
468.0
475.0
470.0
503.0
513.0
511.0
488.0
500.0
482.0
499.0
493.0
467.0
475.0
460.0
455.0
465.0
476.0
491.0
479.0
476.0
473.0
473.0
473.0
459.0
496.0
470.0
522.0
521.0
490.0
457.0
454.0
462.0
435.0
467.0
457.0
452.0
436.0
438.0
440.0
513.0
467.0
443.0
480.0
461.0
436.0
442.0
432.0
440.0
452.0
475.0
519.0
508.0
442.0
451.0
439.0
462.0
461.0
559.0
960.0
953.0
1076.0
1122.0
893.0
911.0
1107.0
1047.0
1152.0
851.0
894.0
1171.0
1142.0
1090.0
1098.0
723.0
579.0
536.0
552.0
625.0
521.0
468.0
491.0
585.0
588.0
890.0
1046.0
1069.0
1089.0
1156.0
797.0
666.0
621.0
1151.0
1144.0
1095.0
1104.0
1042.0
1089.0
898.0
667.0
503.0
507.0
501.0
528.0
518.0
516.0
605.0
508.0
557.0
1072.0
1224.0
1166.0
1081.0
1162.0
1041.0
1169.0
1194.0
1260.0
1141.0
1020.0
1185.0
926.0
948.0
909.0
739.0
552.0
624.0
648.0
720.0
519.0
501.0
531.0
511.0
1031.0
1085.0
1122.0
1094.0
1120.0
1106.0
1185.0
1168.0
1156.0
1172.0
908.0
997.0
1137.0
1081.0
819.0
619.0
512.0
503.0
501.0
533.0
517.0
946.0
787.0
621.0
516.0
1005.0
1066.0
1095.0
1025.0
1063.0
1066.0
1079.0
1055.0
1077.0
1007.0
1031.0
943.0
659.0
499.0
509.0
490.0
523.0
526.0
520.0
519.0
561.0
507.0
528.0
504.0
531.0
566.0
515.0
529.0
511.0
568.0
849.0
923.0
673.0
501.0
547.0
567.0
527.0
525.0
515.0
471.0
468.0
472.0
449.0
457.0
457.0
436.0
435.0
481.0
518.0
565.0
568.0
504.0
455.0
654.0
479.0
451.0
452.0
448.0
456.0
561.0
542.0
454.0
436.0
432.0
449.0
431.0
429.0
467.0
504.0
1003.0
1068.0
834.0
942.0
992.0
1015.0
1038.0
1073.0
1084.0
1068.0
1115.0
1078.0
1046.0
1049.0
1009.0
788.0
529.0
604.0
520.0
542.0
511.0
498.0
493.0
1059.0
678.0
566.0
889.0
1072.0
1036.0
1065.0
1081.0
1102.0
1092.0
1117.0
1066.0
1082.0
1034.0
1008.0
1068.0
901.0
575.0
495.0
529.0
523.0
492.0
469.0
463.0
494.0
588.0
1279.0
1088.0
1257.0
1358.0
1418.0
1193.0
1214.0
1182.0
1188.0
1079.0
1033.0
995.0
923.0
953.0
671.0
584.0
557.0
507.0
475.0
492.0
476.0
461.0
461.0
450.0
480.0
492.0
491.0
495.0
516.0
507.0
484.0
484.0
513.0
496.0
477.0
478.0
576.0
703.0
552.0
500.0
497.0
492.0
487.0
501.0
494.0
489.0
577.0
594.0
516.0
614.0
627.0
1058.0
1206.0
1133.0
1008.0
1153.0
1126.0
984.0
946.0
953.0
701.0
730.0
528.0
461.0
483.0
469.0
483.0
536.0
520.0
497.0
523.0
515.0
462.0
457.0
476.0
480.0
494.0
479.0
492.0
480.0
472.0
463.0
492.0
469.0
457.0
473.0
470.0
456.0
469.0
455.0
469.0
502.0
456.0
460.0
464.0
454.0
444.0
477.0
464.0
430.0
473.0
454.0
455.0
479.0
464.0
448.0
451.0
443.0
495.0
498.0
455.0
618.0
525.0
610.0
509.0
489.0
494.0
477.0
553.0
508.0
961.0
1241.0
1064.0
1329.0
1202.0
1283.0
1236.0
1281.0
1074.0
1011.0
1017.0
985.0
953.0
790.0
718.0
528.0
515.0
524.0
563.0
526.0
479.0
530.0
544.0
1202.0
1153.0
754.0
1138.0
1083.0
1238.0
877.0
1414.0
1220.0
1369.0
1055.0
1040.0
798.0
913.0
1044.0
795.0
597.0
510.0
471.0
453.0
473.0
457.0
457.0
469.0
643.0
794.0
1135.0
1896.0
1943.0
2721.0
1522.0
2042.0
2011.0
2174.0
2082.0
2383.0
2160.0
1196.0
1877.0
847.0
590.0
536.0
543.0
515.0
525.0
522.0
548.0
736.0
802.0
2186.0
2465.0
2579.0
1617.0
2072.0
2448.0
2046.0
2079.0
2641.0
2487.0
2312.0
2455.0
2396.0
2342.0
907.0
773.0
729.0
727.0
624.0
629.0
599.0
709.0
1122.0
2150.0
1947.0
1147.0
2045.0
2541.0
2220.0
2233.0
2263.0
2382.0
2565.0
2715.0
2355.0
2467.0
2473.0
2426.0
990.0
698.0
512.0
527.0
524.0
548.0
511.0
524.0
533.0
566.0
487.0
514.0
494.0
530.0
497.0
531.0
491.0
470.0
485.0
470.0
549.0
488.0
487.0
493.0
485.0
437.0
495.0
479.0
494.0
500.0
447.0
454.0
488.0
445.0
432.0
422.0
468.0
436.0
456.0
444.0
489.0
488.0
461.0
505.0
692.0
433.0
456.0
447.0
419.0
454.0
485.0
481.0
502.0
699.0
548.0
514.0
2266.0
2715.0
3084.0
2920.0
3039.0
1289.0
2452.0
3247.0
3985.0
3749.0
4056.0
4204.0
3925.0
4410.0
1649.0
2118.0
953.0
657.0
571.0
609.0
623.0
602.0
554.0
519.0
1009.0
1023.0
3615.0
1922.0
3233.0
3378.0
2054.0
3483.0
3469.0
3201.0
3300.0
3936.0
3973.0
2349.0
3440.0
2777.0
943.0
535.0
588.0
479.0
487.0
511.0
476.0
509.0
778.0
577.0
1536.0
1555.0
2856.0
4064.0
3897.0
3624.0
4228.0
4095.0
4515.0
4711.0
4639.0
4075.0
4466.0
1566.0
708.0
496.0
591.0
566.0
592.0
547.0
505.0
524.0
582.0
625.0
3668.0
3435.0
1504.0
1428.0
1366.0
1258.0
1314.0
1332.0
1532.0
1585.0
1498.0
1510.0
1329.0
885.0
643.0
618.0
559.0
500.0
510.0
491.0
483.0
511.0
587.0
601.0
1350.0
1262.0
1141.0
1321.0
1473.0
1464.0
1541.0
1598.0
1743.0
1518.0
1527.0
1407.0
1412.0
1342.0
719.0
555.0
567.0
519.0
498.0
540.0
509.0
501.0
522.0
542.0
508.0
492.0
529.0
527.0
524.0
536.0
543.0
554.0
635.0
547.0
535.0
551.0
490.0
533.0
477.0
497.0
527.0
626.0
537.0
558.0
614.0
521.0
526.0
478.0
445.0
520.0
477.0
439.0
489.0
517.0
489.0
480.0
482.0
474.0
499.0
456.0
433.0
467.0
443.0
666.0
567.0
504.0
489.0
595.0
473.0
512.0
571.0
475.0
838.0
854.0
1148.0
1616.0
1240.0
1428.0
1781.0
900.0
1149.0
1090.0
984.0
1122.0
979.0
1032.0
632.0
577.0
621.0
553.0
552.0
545.0
542.0
589.0
615.0
608.0
562.0
796.0
1074.0
1075.0
939.0
1073.0
1040.0
1052.0
1290.0
1128.0
1025.0
1216.0
918.0
846.0
675.0
698.0
669.0
637.0
687.0
623.0
568.0
568.0
574.0
579.0
576.0
812.0
1003.0
936.0
913.0
901.0
1053.0
963.0
1224.0
1086.0
1137.0
991.0
934.0
1113.0
627.0
615.0
592.0
576.0
570.0
755.0
623.0
648.0
606.0
594.0
798.0
880.0
972.0
1224.0
1199.0
1151.0
1041.0
1006.0
1197.0
1044.0
1045.0
1020.0
1029.0
1096.0
627.0
597.0
625.0
588.0
542.0
598.0
506.0
584.0
596.0
567.0
678.0
1022.0
816.0
1004.0
1092.0
1028.0
967.0
1099.0
1091.0
1182.0
1463.0
1470.0
1500.0
1345.0
1118.0
992.0
669.0
612.0
558.0
588.0
589.0
610.0
602.0
589.0
606.0
552.0
925.0
686.0
608.0
609.0
667.0
534.0
551.0
533.0
523.0
541.0
533.0
594.0
592.0
563.0
570.0
631.0
635.0
584.0
538.0
535.0
667.0
515.0
550.0
618.0
563.0
579.0
575.0
583.0
542.0
542.0
513.0
553.0
542.0
576.0
561.0
602.0
544.0
524.0
599.0
648.0
630.0
623.0
557.0
673.0
645.0
645.0
677.0
731.0
876.0
1023.0
937.0
986.0
1136.0
1166.0
1425.0
1133.0
1245.0
985.0
1085.0
1175.0
705.0
562.0
578.0
612.0
586.0
652.0
577.0
555.0
675.0
560.0
1002.0
684.0
965.0
940.0
795.0
693.0
746.0
935.0
1033.0
1013.0
947.0
843.0
1066.0
935.0
706.0
744.0
676.0
795.0
718.0
633.0
601.0
646.0
789.0
644.0
633.0
685.0
832.0
888.0
847.0
789.0
951.0
904.0
985.0
950.0
828.0
811.0
728.0
738.0
619.0
587.0
604.0
565.0
575.0
603.0
623.0
620.0
664.0
785.0
714.0
810.0
683.0
869.0
824.0
868.0
871.0
929.0
1173.0
1244.0
1168.0
891.0
980.0
737.0
606.0
581.0
613.0
634.0
558.0
534.0
1082.0
657.0
714.0
821.0
669.0
1005.0
975.0
898.0
1063.0
898.0
1034.0
1028.0
905.0
1108.0
888.0
685.0
820.0
837.0
737.0
579.0
793.0
677.0
706.0
815.0
708.0
717.0
773.0
681.0
701.0
767.0
637.0
555.0
749.0
650.0
640.0
687.0
595.0
600.0
587.0
721.0
580.0
604.0
572.0
526.0
561.0
620.0
601.0
602.0
564.0
512.0
639.0
615.0
522.0
596.0
550.0
524.0
604.0
592.0
553.0
490.0
570.0
581.0
491.0
676.0
513.0
659.0
588.0
547.0
594.0
769.0
566.0
675.0
811.0
629.0
586.0
689.0
695.0
630.0
487.0
501.0
625.0
755.0
552.0
494.0
515.0
524.0
545.0
596.0
569.0
574.0
553.0
551.0
590.0
587.0
661.0
688.0
672.0
653.0
652.0
689.0
903.0
761.0
829.0
950.0
786.0
903.0
840.0
990.0
1046.0
1037.0
879.0
915.0
940.0
897.0
769.0
664.0
811.0
765.0
665.0
631.0
571.0
540.0
560.0
707.0
613.0
676.0
685.0
744.0
748.0
773.0
815.0
756.0
813.0
777.0
801.0
736.0
730.0
858.0
814.0
596.0
628.0
742.0
634.0
630.0
564.0
753.0
626.0
571.0
646.0
699.0
682.0
647.0
714.0
807.0
789.0
826.0
879.0
889.0
888.0
874.0
764.0
743.0
756.0
614.0
589.0
662.0
605.0
636.0
646.0
693.0
723.0
763.0
799.0
789.0
811.0
702.0
770.0
803.0
810.0
903.0
975.0
1009.0
902.0
880.0
756.0
775.0
671.0
683.0
714.0
647.0
677.0
653.0
704.0
662.0
725.0
644.0
568.0
630.0
695.0
629.0
670.0
612.0
621.0
558.0
595.0
