264.0
264.0
264.0
264.0
266.0
266.0
266.0
265.0
263.0
264.0
264.0
264.0
264.0
264.0
264.0
264.0
263.0
264.0
266.0
263.0
264.0
264.0
264.0
264.0
263.0
263.0
263.0
264.0
263.0
263.0
264.0
264.0
263.0
263.0
266.0
263.0
263.0
264.0
263.0
263.0
263.0
263.0
263.0
263.0
263.0
263.0
263.0
263.0
263.0
264.0
263.0
289.0
269.0
263.0
267.0
268.0
268.0
267.0
268.0
268.0
268.0
268.0
268.0
268.0
268.0
268.0
268.0
268.0
267.0
268.0
268.0
267.0
272.0
267.0
268.0
268.0
268.0
268.0
267.0
268.0
268.0
267.0
268.0
268.0
268.0
268.0
268.0
268.0
268.0
273.0
267.0
268.0
268.0
267.0
267.0
267.0
267.0
267.0
267.0
267.0
272.0
269.0
269.0
268.0
270.0
268.0
290.0
289.0
285.0
276.0
271.0
270.0
267.0
265.0
272.0
267.0
272.0
271.0
271.0
271.0
270.0
271.0
281.0
273.0
274.0
273.0
273.0
272.0
271.0
271.0
271.0
270.0
270.0
270.0
270.0
270.0
270.0
269.0
279.0
271.0
272.0
272.0
271.0
271.0
270.0
270.0
270.0
269.0
270.0
269.0
269.0
270.0
269.0
270.0
269.0
278.0
271.0
272.0
272.0
271.0
271.0
270.0
270.0
270.0
269.0
269.0
269.0
269.0
268.0
268.0
268.0
268.0
277.0
269.0
271.0
270.0
270.0
269.0
269.0
269.0
269.0
268.0
268.0
268.0
268.0
267.0
267.0
266.0
268.0
275.0
269.0
270.0
270.0
269.0
269.0
268.0
269.0
268.0
268.0
268.0
267.0
267.0
267.0
267.0
266.0
275.0
268.0
269.0
270.0
269.0
268.0
268.0
267.0
267.0
267.0
267.0
267.0
267.0
269.0
267.0
267.0
274.0
268.0
269.0
270.0
272.0
270.0
269.0
268.0
270.0
269.0
268.0
268.0
268.0
268.0
267.0
268.0
268.0
292.0
315.0
