263.0
263.0
263.0
263.0
266.0
267.0
267.0
262.0
262.0
263.0
263.0
263.0
263.0
262.0
263.0
262.0
262.0
263.0
262.0
261.0
263.0
263.0
263.0
263.0
263.0
263.0
263.0
262.0
263.0
262.0
262.0
262.0
262.0
262.0
262.0
261.0
262.0
263.0
263.0
263.0
262.0
263.0
262.0
262.0
262.0
262.0
262.0
261.0
262.0
261.0
262.0
279.0
266.0
262.0
267.0
268.0
268.0
268.0
268.0
268.0
268.0
268.0
268.0
268.0
268.0
268.0
268.0
268.0
268.0
268.0
268.0
268.0
268.0
265.0
267.0
268.0
268.0
268.0
268.0
268.0
268.0
268.0
268.0
268.0
268.0
268.0
268.0
268.0
268.0
268.0
264.0
267.0
267.0
267.0
267.0
267.0
267.0
267.0
267.0
267.0
268.0
270.0
268.0
268.0
267.0
269.0
288.0
286.0
280.0
276.0
270.0
268.0
265.0
263.0
269.0
265.0
271.0
271.0
270.0
271.0
270.0
270.0
276.0
269.0
272.0
273.0
272.0
271.0
271.0
271.0
271.0
270.0
270.0
270.0
270.0
270.0
269.0
269.0
274.0
268.0
271.0
271.0
271.0
270.0
270.0
270.0
270.0
270.0
269.0
269.0
269.0
269.0
269.0
269.0
269.0
273.0
268.0
271.0
271.0
271.0
270.0
270.0
270.0
270.0
269.0
269.0
269.0
269.0
268.0
268.0
268.0
268.0
272.0
267.0
270.0
270.0
270.0
269.0
269.0
269.0
269.0
268.0
268.0
268.0
268.0
267.0
268.0
267.0
267.0
269.0
266.0
269.0
269.0
269.0
269.0
268.0
268.0
268.0
268.0
268.0
267.0
267.0
267.0
267.0
266.0
269.0
266.0
268.0
269.0
268.0
268.0
268.0
268.0
267.0
267.0
267.0
267.0
267.0
267.0
268.0
266.0
269.0
266.0
268.0
268.0
270.0
270.0
267.0
268.0
268.0
268.0
267.0
267.0
267.0
267.0
266.0
266.0
264.0
298.0
312.0
