263.0
263.0
262.0
262.0
266.0
267.0
267.0
265.0
262.0
262.0
262.0
262.0
262.0
262.0
262.0
262.0
262.0
262.0
266.0
263.0
263.0
263.0
263.0
262.0
262.0
262.0
262.0
262.0
262.0
262.0
262.0
262.0
261.0
262.0
265.0
263.0
262.0
262.0
262.0
262.0
262.0
262.0
262.0
262.0
262.0
261.0
261.0
261.0
261.0
262.0
261.0
286.0
266.0
262.0
267.0
268.0
268.0
268.0
268.0
268.0
268.0
268.0
268.0
268.0
268.0
268.0
268.0
268.0
267.0
268.0
268.0
267.0
274.0
268.0
268.0
268.0
268.0
268.0
267.0
268.0
268.0
267.0
268.0
268.0
268.0
268.0
268.0
268.0
268.0
277.0
268.0
267.0
268.0
268.0
268.0
268.0
268.0
268.0
268.0
268.0
272.0
267.0
268.0
268.0
270.0
267.0
290.0
288.0
288.0
275.0
268.0
267.0
265.0
264.0
271.0
265.0
269.0
270.0
270.0
269.0
269.0
270.0
286.0
274.0
274.0
274.0
273.0
272.0
271.0
270.0
270.0
269.0
269.0
269.0
268.0
268.0
268.0
268.0
283.0
272.0
272.0
272.0
271.0
270.0
270.0
269.0
269.0
269.0
269.0
268.0
268.0
269.0
268.0
268.0
268.0
283.0
272.0
271.0
272.0
271.0
270.0
270.0
269.0
269.0
268.0
268.0
268.0
267.0
267.0
267.0
267.0
267.0
281.0
271.0
271.0
270.0
269.0
269.0
268.0
268.0
267.0
267.0
267.0
267.0
266.0
265.0
266.0
264.0
267.0
278.0
271.0
270.0
270.0
269.0
268.0
268.0
268.0
267.0
267.0
266.0
266.0
265.0
265.0
265.0
265.0
278.0
269.0
269.0
270.0
269.0
268.0
267.0
266.0
266.0
266.0
266.0
265.0
265.0
268.0
265.0
265.0
277.0
270.0
269.0
271.0
271.0
267.0
268.0
267.0
268.0
267.0
266.0
266.0
266.0
266.0
265.0
265.0
273.0
295.0
316.0
