628.0
638.0
592.0
508.0
1420.0
847.0
870.0
871.0
841.0
988.0
861.0
1
408.0
391.0
421.0
328.0
388.0
263.0
375.0
596.0
434.0
405.0
330.0
366.0
367.0
352.0
269.0
286.0
290.0
401.0
368.0
344.0
366.0
354.0
438.0
468.0
307.0
379.0
350.0
381.0
328.0
318.0
300.0
324.0
347.0
286.0
277.0
351.0
350.0
453.0
408.0
534.0
291.0
428.0
435.0
396.0
382.0
317.0
399.0
458.0
358.0
402.0
445.0
470.0
393.0
397.0
398.0
492.0
554.0
536.0
664.0
436.0
510.0
726.0
468.0
366.0
379.0
401.0
305.0
349.0
376.0
422.0
405.0
534.0
544.0
417.0
534.0
670.0
791.0
562.0
669.0
747.0
739.0
891.0
1146.0
420.0
465.0
674.0
421.0
433.0
393.0
430.0
408.0
408.0
401.0
398.0
421.0
411.0
415.0
494.0
814.0
1381.0
1067.0
1000.0
1069.0
958.0
548.0
862.0
833.0
548.0
714.0
619.0
544.0
457.0
466.0
466.0
431.0
438.0
448.0
440.0
458.0
452.0
422.0
694.0
819.0
671.0
697.0
793.0
796.0
806.0
934.0
938.0
968.0
893.0
741.0
620.0
465.0
412.0
431.0
419.0
424.0
475.0
502.0
413.0
453.0
471.0
448.0
479.0
510.0
568.0
635.0
778.0
883.0
871.0
822.0
959.0
876.0
709.0
822.0
709.0
462.0
418.0
395.0
423.0
458.0
548.0
542.0
481.0
475.0
424.0
477.0
470.0
420.0
471.0
454.0
441.0
440.0
441.0
422.0
440.0
403.0
390.0
419.0
446.0
465.0
470.0
483.0
970.0
1110.0
727.0
388.0
411.0
431.0
452.0
432.0
343.0
397.0
394.0
378.0
440.0
406.0
413.0
429.0
420.0
469.0
418.0
403.0
406.0
429.0
411.0
376.0
401.0
383.0
493.0
542.0
403.0
427.0
435.0
400.0
403.0
421.0
456.0
424.0
459.0
452.0
438.0
404.0
535.0
603.0
390.0
487.0
578.0
498.0
454.0
490.0
454.0
534.0
552.0
470.0
456.0
651.0
592.0
433.0
840.0
882.0
994.0
1071.0
1059.0
1074.0
1038.0
1075.0
1045.0
1087.0
1089.0
1097.0
810.0
552.0
603.0
469.0
480.0
556.0
525.0
579.0
491.0
568.0
596.0
821.0
698.0
666.0
977.0
800.0
1309.0
1268.0
1169.0
1177.0
998.0
1107.0
1133.0
1105.0
1001.0
731.0
462.0
527.0
477.0
507.0
542.0
542.0
527.0
500.0
505.0
504.0
502.0
820.0
1126.0
803.0
591.0
922.0
1221.0
1249.0
1068.0
1141.0
1051.0
939.0
684.0
476.0
647.0
566.0
440.0
442.0
457.0
539.0
543.0
543.0
542.0
789.0
881.0
948.0
846.0
636.0
579.0
798.0
888.0
904.0
1122.0
1105.0
800.0
651.0
973.0
708.0
567.0
771.0
639.0
523.0
547.0
516.0
495.0
486.0
497.0
494.0
502.0
471.0
479.0
490.0
471.0
471.0
503.0
501.0
503.0
502.0
493.0
492.0
518.0
513.0
495.0
513.0
621.0
583.0
507.0
512.0
466.0
492.0
481.0
485.0
503.0
516.0
570.0
540.0
579.0
661.0
552.0
515.0
547.0
467.0
492.0
600.0
556.0
578.0
563.0
493.0
540.0
504.0
458.0
459.0
620.0
761.0
594.0
581.0
827.0
976.0
1092.0
1136.0
1009.0
1121.0
1111.0
1108.0
1559.0
1295.0
1014.0
832.0
604.0
498.0
449.0
481.0
493.0
463.0
453.0
444.0
434.0
497.0
1066.0
1205.0
1064.0
704.0
1011.0
1123.0
1088.0
1156.0
1093.0
1053.0
1271.0
1200.0
1083.0
1178.0
841.0
591.0
523.0
522.0
481.0
473.0
498.0
409.0
409.0
470.0
983.0
694.0
487.0
503.0
721.0
978.0
1039.0
917.0
1101.0
1029.0
1186.0
1147.0
1073.0
1178.0
1263.0
747.0
532.0
467.0
443.0
406.0
381.0
405.0
423.0
470.0
555.0
499.0
480.0
710.0
552.0
509.0
515.0
728.0
859.0
838.0
852.0
886.0
779.0
611.0
565.0
486.0
461.0
454.0
474.0
480.0
459.0
507.0
482.0
492.0
471.0
514.0
689.0
803.0
917.0
832.0
739.0
775.0
1007.0
1031.0
963.0
909.0
821.0
687.0
505.0
423.0
436.0
458.0
467.0
655.0
557.0
523.0
527.0
531.0
511.0
454.0
476.0
460.0
446.0
472.0
472.0
441.0
518.0
528.0
559.0
534.0
447.0
426.0
455.0
421.0
447.0
475.0
510.0
522.0
461.0
445.0
498.0
548.0
494.0
464.0
457.0
419.0
407.0
430.0
437.0
413.0
400.0
408.0
416.0
415.0
426.0
383.0
352.0
372.0
379.0
395.0
434.0
459.0
445.0
412.0
434.0
455.0
497.0
599.0
777.0
1092.0
760.0
964.0
1075.0
1059.0
1149.0
1260.0
1357.0
1339.0
1186.0
789.0
596.0
514.0
410.0
539.0
558.0
476.0
569.0
475.0
430.0
529.0
505.0
970.0
1165.0
629.0
584.0
1038.0
1148.0
1377.0
1297.0
1134.0
1007.0
1136.0
767.0
603.0
865.0
561.0
446.0
517.0
564.0
512.0
473.0
479.0
491.0
494.0
439.0
435.0
909.0
1363.0
670.0
1078.0
659.0
1024.0
1133.0
1095.0
1279.0
1063.0
525.0
728.0
609.0
428.0
436.0
483.0
483.0
458.0
444.0
466.0
451.0
519.0
1027.0
664.0
1029.0
1389.0
1259.0
1140.0
1272.0
742.0
620.0
966.0
1140.0
1085.0
1213.0
1229.0
1121.0
565.0
491.0
572.0
535.0
491.0
474.0
466.0
481.0
549.0
491.0
859.0
1190.0
610.0
1133.0
1021.0
955.0
1120.0
1020.0
1121.0
1282.0
1639.0
1241.0
1094.0
603.0
515.0
475.0
705.0
570.0
622.0
559.0
470.0
450.0
463.0
455.0
466.0
412.0
402.0
415.0
400.0
437.0
440.0
486.0
483.0
417.0
436.0
452.0
462.0
435.0
448.0
491.0
587.0
541.0
494.0
517.0
528.0
517.0
529.0
481.0
490.0
514.0
556.0
470.0
483.0
467.0
417.0
446.0
439.0
449.0
478.0
468.0
425.0
436.0
435.0
481.0
441.0
433.0
457.0
452.0
431.0
429.0
474.0
687.0
554.0
845.0
658.0
904.0
1119.0
1109.0
1043.0
1203.0
1413.0
1203.0
1257.0
1044.0
1279.0
765.0
687.0
559.0
522.0
556.0
566.0
551.0
532.0
459.0
572.0
513.0
1061.0
1364.0
1033.0
649.0
1220.0
1040.0
1146.0
1442.0
1165.0
1121.0
1239.0
1195.0
1342.0
1186.0
667.0
574.0
563.0
559.0
498.0
712.0
537.0
540.0
556.0
519.0
1086.0
969.0
1061.0
815.0
1146.0
1143.0
1110.0
1282.0
1336.0
1324.0
1285.0
1154.0
1160.0
1245.0
700.0
551.0
541.0
696.0
628.0
683.0
700.0
667.0
995.0
662.0
852.0
649.0
1203.0
1203.0
1162.0
1133.0
1166.0
1004.0
1287.0
1284.0
1320.0
1212.0
1212.0
1041.0
672.0
569.0
542.0
507.0
503.0
532.0
538.0
466.0
515.0
588.0
980.0
1239.0
1098.0
900.0
1256.0
1366.0
1169.0
1116.0
795.0
1172.0
1201.0
1187.0
1211.0
1329.0
675.0
580.0
542.0
568.0
531.0
548.0
535.0
505.0
553.0
526.0
491.0
510.0
500.0
481.0
528.0
473.0
483.0
453.0
504.0
513.0
487.0
514.0
542.0
534.0
566.0
551.0
551.0
540.0
485.0
492.0
482.0
488.0
482.0
534.0
500.0
440.0
405.0
461.0
477.0
437.0
427.0
414.0
409.0
459.0
441.0
433.0
436.0
414.0
420.0
421.0
484.0
455.0
751.0
541.0
505.0
483.0
457.0
528.0
488.0
525.0
923.0
1061.0
1111.0
1184.0
1023.0
1135.0
1019.0
963.0
1206.0
1228.0
1190.0
1050.0
719.0
640.0
601.0
529.0
596.0
588.0
565.0
477.0
496.0
534.0
741.0
1267.0
1111.0
664.0
1038.0
909.0
1306.0
1175.0
1136.0
736.0
1268.0
1203.0
1227.0
1224.0
1223.0
840.0
708.0
510.0
467.0
432.0
483.0
423.0
402.0
961.0
619.0
1210.0
742.0
1079.0
1195.0
1438.0
1314.0
1142.0
1357.0
827.0
1175.0
1431.0
1236.0
1018.0
1065.0
659.0
565.0
612.0
558.0
538.0
618.0
486.0
470.0
521.0
1053.0
1170.0
678.0
804.0
1031.0
675.0
1159.0
934.0
1209.0
827.0
1286.0
1251.0
1003.0
1285.0
1270.0
690.0
832.0
612.0
536.0
560.0
538.0
480.0
473.0
522.0
459.0
438.0
615.0
490.0
523.0
543.0
463.0
519.0
484.0
477.0
511.0
439.0
453.0
428.0
462.0
458.0
459.0
509.0
508.0
518.0
499.0
503.0
477.0
504.0
496.0
457.0
477.0
446.0
446.0
451.0
463.0
485.0
473.0
471.0
473.0
467.0
473.0
448.0
492.0
449.0
539.0
524.0
495.0
459.0
456.0
440.0
399.0
460.0
435.0
431.0
421.0
410.0
407.0
513.0
457.0
443.0
492.0
440.0
405.0
421.0
392.0
423.0
429.0
465.0
522.0
499.0
429.0
456.0
402.0
439.0
441.0
566.0
879.0
865.0
1129.0
1242.0
865.0
873.0
1182.0
1076.0
1322.0
780.0
825.0
1243.0
1281.0
1234.0
1242.0
654.0
591.0
559.0
561.0
639.0
512.0
471.0
490.0
580.0
565.0
820.0
1027.0
1115.0
1182.0
1329.0
766.0
647.0
616.0
1248.0
1288.0
1209.0
1235.0
1105.0
1198.0
836.0
629.0
538.0
548.0
503.0
548.0
524.0
523.0
622.0
508.0
584.0
1077.0
1565.0
1413.0
1211.0
1396.0
1101.0
1367.0
1408.0
1532.0
1348.0
1055.0
1431.0
806.0
893.0
763.0
656.0
610.0
658.0
610.0
684.0
493.0
515.0
548.0
512.0
1041.0
1158.0
1256.0
1204.0
1286.0
1277.0
1459.0
1430.0
1415.0
1451.0
828.0
992.0
1297.0
1190.0
680.0
633.0
524.0
527.0
516.0
543.0
516.0
918.0
641.0
604.0
561.0
1019.0
1138.0
1234.0
1038.0
1143.0
1145.0
1203.0
1125.0
1192.0
977.0
1076.0
851.0
578.0
522.0
529.0
488.0
555.0
532.0
519.0
540.0
566.0
506.0
546.0
508.0
541.0
575.0
520.0
534.0
516.0
587.0
783.0
772.0
569.0
533.0
572.0
571.0
541.0
550.0
530.0
462.0
461.0
457.0
416.0
443.0
419.0
407.0
385.0
488.0
516.0
579.0
569.0
515.0
441.0
664.0
431.0
437.0
437.0
414.0
434.0
587.0
540.0
436.0
415.0
393.0
423.0
389.0
389.0
471.0
502.0
975.0
1158.0
678.0
869.0
920.0
1010.0
1078.0
1173.0
1215.0
1173.0
1314.0
1202.0
1106.0
1118.0
1014.0
650.0
556.0
634.0
530.0
589.0
498.0
510.0
506.0
1098.0
554.0
582.0
827.0
1119.0
1069.0
1157.0
1204.0
1292.0
1246.0
1325.0
1177.0
1223.0
1072.0
1007.0
1143.0
760.0
564.0
543.0
554.0
543.0
504.0
464.0
458.0
511.0
598.0
1779.0
1272.0
1799.0
2113.0
2338.0
1698.0
1746.0
1633.0
1644.0
1299.0
1102.0
952.0
808.0
853.0
602.0
519.0
574.0
475.0
494.0
499.0
475.0
444.0
443.0
432.0
481.0
501.0
495.0
508.0
531.0
509.0
490.0
500.0
526.0
504.0
476.0
478.0
595.0
660.0
560.0
516.0
503.0
508.0
488.0
513.0
498.0
488.0
584.0
593.0
519.0
640.0
622.0
1052.0
1456.0
1355.0
1006.0
1330.0
1296.0
942.0
865.0
852.0
635.0
715.0
519.0
458.0
501.0
458.0
481.0
552.0
508.0
510.0
533.0
513.0
439.0
427.0
465.0
472.0
493.0
471.0
493.0
468.0
460.0
443.0
493.0
452.0
440.0
458.0
453.0
422.0
455.0
426.0
458.0
500.0
419.0
438.0
446.0
420.0
396.0
464.0
423.0
369.0
455.0
406.0
423.0
460.0
432.0
407.0
414.0
390.0
498.0
488.0
424.0
622.0
503.0
631.0
486.0
501.0
497.0
461.0
571.0
496.0
900.0
1505.0
1129.0
1796.0
1492.0
1705.0
1592.0
1677.0
1192.0
1006.0
966.0
877.0
821.0
677.0
664.0
558.0
554.0
536.0
569.0
533.0
481.0
540.0
556.0
1381.0
1306.0
663.0
1261.0
1136.0
1508.0
831.0
1899.0
1499.0
1865.0
1161.0
1111.0
706.0
878.0
1009.0
666.0
612.0
538.0
453.0
438.0
455.0
432.0
433.0
441.0
657.0
719.0
1218.0
3039.0
3351.0
5455.0
2582.0
3608.0
3736.0
4056.0
3854.0
4582.0
3963.0
1799.0
3413.0
823.0
1189.0
536.0
522.0
519.0
530.0
520.0
562.0
697.0
740.0
3659.0
3958.0
4946.0
2804.0
3956.0
4510.0
3858.0
3979.0
4911.0
4816.0
4386.0
4587.0
4628.0
4360.0
1240.0
978.0
690.0
685.0
619.0
628.0
622.0
688.0
1212.0
3516.0
3269.0
1511.0
3716.0
4389.0
4113.0
4190.0
4361.0
4488.0
5048.0
5582.0
4659.0
4599.0
4948.0
4506.0
1203.0
891.0
536.0
466.0
538.0
560.0
507.0
532.0
532.0
564.0
479.0
516.0
486.0
538.0
489.0
534.0
482.0
457.0
477.0
452.0
551.0
472.0
479.0
486.0
475.0
405.0
495.0
462.0
492.0
488.0
424.0
432.0
478.0
415.0
391.0
379.0
448.0
401.0
432.0
421.0
482.0
476.0
439.0
507.0
696.0
399.0
446.0
414.0
385.0
432.0
471.0
463.0
502.0
687.0
548.0
522.0
3096.0
3729.0
4523.0
4357.0
4491.0
1521.0
3557.0
4687.0
5996.0
5728.0
6332.0
6552.0
6038.0
6905.0
2221.0
3158.0
907.0
799.0
652.0
667.0
663.0
643.0
595.0
553.0
1018.0
1022.0
5301.0
2376.0
5058.0
4619.0
2839.0
5193.0
4815.0
4738.0
4924.0
5883.0
5877.0
3440.0
5459.0
3788.0
1356.0
1043.0
673.0
543.0
573.0
557.0
508.0
535.0
792.0
576.0
1865.0
1759.0
4003.0
5856.0
5580.0
5392.0
6425.0
6284.0
7005.0
7120.0
7227.0
6134.0
6900.0
2142.0
1265.0
544.0
650.0
592.0
689.0
598.0
558.0
565.0
614.0
639.0
5320.0
4818.0
2029.0
2041.0
1636.0
1450.0
1564.0
1571.0
1896.0
1976.0
1840.0
1905.0
1577.0
888.0
683.0
681.0
575.0
534.0
535.0
506.0
495.0
535.0
600.0
624.0
1573.0
1376.0
1272.0
1555.0
1762.0
1780.0
1929.0
1993.0
2244.0
1857.0
1941.0
1697.0
1715.0
1577.0
682.0
661.0
604.0
537.0
520.0
569.0
517.0
520.0
538.0
559.0
526.0
509.0
537.0
539.0
539.0
549.0
563.0
576.0
624.0
560.0
567.0
589.0
512.0
565.0
486.0
518.0
527.0
642.0
519.0
573.0
615.0
529.0
544.0
489.0
460.0
550.0
487.0
456.0
514.0
533.0
504.0
506.0
498.0
465.0
521.0
463.0
451.0
488.0
450.0
705.0
560.0
533.0
511.0
616.0
482.0
543.0
603.0
490.0
927.0
863.0
1274.0
1780.0
1324.0
1629.0
1974.0
925.0
1334.0
1151.0
1062.0
1216.0
1029.0
1119.0
670.0
656.0
609.0
603.0
591.0
584.0
581.0
636.0
659.0
653.0
598.0
868.0
1157.0
1158.0
1041.0
1191.0
1117.0
1151.0
1407.0
1200.0
1119.0
1277.0
958.0
921.0
715.0
751.0
698.0
669.0
693.0
655.0
598.0
601.0
602.0
607.0
604.0
869.0
1058.0
988.0
985.0
976.0
1136.0
1018.0
1336.0
1144.0
1241.0
1057.0
1013.0
1206.0
639.0
693.0
619.0
607.0
598.0
804.0
643.0
698.0
634.0
628.0
854.0
924.0
1039.0
1318.0
1281.0
1246.0
1125.0
1092.0
1296.0
1106.0
1141.0
1097.0
1111.0
1181.0
652.0
673.0
661.0
617.0
573.0
635.0
524.0
625.0
622.0
596.0
725.0
1094.0
842.0
1105.0
1162.0
1102.0
1047.0
1193.0
1166.0
1281.0
1585.0
1577.0
1629.0
1445.0
1205.0
1073.0
703.0
663.0
581.0
623.0
609.0
631.0
618.0
606.0
631.0
565.0
969.0
679.0
662.0
646.0
666.0
563.0
592.0
562.0
554.0
574.0
562.0
631.0
623.0
597.0
606.0
671.0
656.0
611.0
566.0
563.0
708.0
523.0
586.0
643.0
578.0
609.0
596.0
607.0
564.0
564.0
529.0
569.0
549.0
600.0
580.0
631.0
560.0
547.0
627.0
673.0
655.0
653.0
577.0
689.0
668.0
674.0
710.0
766.0
922.0
1086.0
983.0
1061.0
1211.0
1233.0
1527.0
1176.0
1325.0
1029.0
1174.0
1236.0
721.0
622.0
610.0
637.0
588.0
667.0
592.0
563.0
713.0
568.0
1082.0
677.0
1057.0
968.0
837.0
734.0
780.0
984.0
1083.0
1069.0
989.0
894.0
1143.0
966.0
747.0
782.0
696.0
837.0
736.0
663.0
623.0
668.0
823.0
662.0
669.0
712.0
872.0
928.0
890.0
827.0
1011.0
934.0
1048.0
993.0
866.0
854.0
748.0
769.0
624.0
602.0
614.0
563.0
584.0
616.0
630.0
629.0
678.0
795.0
723.0
853.0
685.0
927.0
837.0
911.0
904.0
973.0
1240.0
1309.0
1234.0
926.0
1048.0
736.0
625.0
583.0
600.0
635.0
555.0
530.0
1170.0
612.0
761.0
817.0
665.0
1086.0
986.0
939.0
1137.0
906.0
1106.0
1055.0
940.0
1176.0
895.0
708.0
852.0
846.0
757.0
571.0
821.0
667.0
733.0
824.0
707.0
748.0
780.0
676.0
731.0
778.0
633.0
564.0
774.0
623.0
661.0
697.0
575.0
610.0
585.0
730.0
560.0
622.0
553.0
512.0
566.0
615.0
589.0
608.0
555.0
494.0
651.0
604.0
507.0
601.0
534.0
519.0
610.0
582.0
551.0
469.0
575.0
575.0
474.0
726.0
474.0
729.0
539.0
550.0
600.0
803.0
526.0
711.0
826.0
618.0
593.0
712.0
682.0
636.0
477.0
490.0
599.0
755.0
544.0
500.0
493.0
502.0
537.0
585.0
557.0
568.0
505.0
537.0
674.0
537.0
690.0
675.0
828.0
545.0
671.0
801.0
902.0
755.0
864.0
966.0
767.0
953.0
817.0
1045.0
1067.0
1064.0
839.0
954.0
971.0
869.0
673.0
579.0
900.0
722.0
577.0
604.0
497.0
494.0
562.0
698.0
584.0
674.0
647.0
746.0
737.0
773.0
803.0
741.0
823.0
743.0
807.0
696.0
739.0
884.0
770.0
519.0
681.0
745.0
559.0
620.0
506.0
765.0
541.0
543.0
612.0
697.0
640.0
627.0
705.0
801.0
764.0
825.0
874.0
878.0
877.0
874.0
720.0
728.0
736.0
536.0
574.0
655.0
552.0
623.0
609.0
682.0
702.0
758.0
789.0
772.0
801.0
647.0
776.0
775.0
794.0
906.0
989.0
998.0
859.0
864.0
688.0
758.0
595.0
655.0
679.0
589.0
660.0
608.0
691.0
619.0
721.0
586.0
525.0
621.0
678.0
578.0
685.0
550.0
609.0
500.0
584.0
567.0
