1006.0
981.0
978.0
982.0
961.0
845.0
815.0
764.0
768.0
797.0
791.0
786.0
721.0
831.0
842.0
942.0
1008.0
1062.0
1025.0
1040.0
1049.0
1066.0
1112.0
1078.0
1010.0
987.0
978.0
989.0
964.0
851.0
815.0
768.0
774.0
806.0
796.0
792.0
731.0
842.0
850.0
945.0
1007.0
1064.0
1033.0
1047.0
1053.0
1073.0
1125.0
1089.0
1017.0
990.0
987.0
994.0
969.0
863.0
829.0
772.0
781.0
816.0
799.0
791.0
747.0
859.0
855.0
948.0
1019.0
1067.0
1031.0
1056.0
1059.0
1077.0
1133.0
1096.0
1024.0
997.0
994.0
1002.0
973.0
869.0
833.0
784.0
784.0
829.0
807.0
799.0
754.0
863.0
858.0
957.0
1024.0
1073.0
1045.0
1066.0
1066.0
1084.0
1139.0
1097.0
1027.0
1001.0
1001.0
1008.0
985.0
874.0
834.0
781.0
793.0
832.0
806.0
801.0
766.0
869.0
880.0
964.0
1029.0
1077.0
1043.0
1071.0
1072.0
1090.0
1141.0
1100.0
1027.0
1008.0
1002.0
1015.0
985.0
876.0
833.0
781.0
791.0
833.0
822.0
803.0
768.0
876.0
879.0
968.0
1028.0
1079.0
1046.0
1081.0
1078.0
1091.0
1145.0
1100.0
1028.0
1014.0
1010.0
1019.0
990.0
879.0
835.0
789.0
844.0
848.0
818.0
799.0
769.0
875.0
882.0
976.0
1030.0
1083.0
1051.0
1085.0
1079.0
1095.0
1153.0
1102.0
1034.0
1014.0
1010.0
1017.0
994.0
881.0
840.0
786.0
853.0
851.0
818.0
810.0
774.0
915.0
891.0
975.0
1031.0
1082.0
1056.0
1089.0
1081.0
1093.0
1154.0
1102.0
1035.0
1021.0
1009.0
1019.0
995.0
889.0
849.0
799.0
857.0
861.0
818.0
814.0
779.0
923.0
905.0
973.0
1032.0
1080.0
1059.0
1096.0
1087.0
1096.0
1153.0
1108.0
1037.0
1022.0
1016.0
1023.0
998.0
894.0
853.0
805.0
860.0
862.0
832.0
817.0
778.0
924.0
909.0
980.0
1038.0
1079.0
1067.0
1096.0
1089.0
1100.0
1157.0
1104.0
1042.0
1024.0
1019.0
1024.0
997.0
900.0
860.0
808.0
875.0
872.0
832.0
822.0
784.0
929.0
915.0
984.0
1042.0
1085.0
1071.0
1106.0
1093.0
1103.0
1156.0
1111.0
1048.0
1033.0
1021.0
1027.0
1001.0
902.0
864.0
812.0
874.0
871.0
838.0
826.0
791.0
928.0
915.0
984.0
1053.0
1088.0
1079.0
1108.0
1092.0
1103.0
1163.0
1117.0
1053.0
1035.0
1024.0
1034.0
1008.0
903.0
867.0
816.0
882.0
878.0
851.0
831.0
793.0
936.0
914.0
989.0
1057.0
1089.0
1078.0
1116.0
1096.0
1107.0
1168.0
1118.0
1057.0
1044.0
1029.0
1037.0
1010.0
912.0
870.0
819.0
889.0
878.0
850.0
838.0
799.0
937.0
914.0
993.0
1057.0
1090.0
1082.0
1132.0
1102.0
1108.0
1169.0
1125.0
1060.0
1042.0
1029.0
1036.0
1014.0
918.0
