818.0
770.0
814.0
824.0
817.0
808.0
781.0
899.0
918.0
986.0
1031.0
1097.0
1130.0
1140.0
1142.0
1153.0
1162.0
1170.0
1169.0
1095.0
1079.0
1068.0
1071.0
922.0
826.0
774.0
779.0
825.0
821.0
800.0
774.0
883.0
908.0
982.0
1032.0
1119.0
1138.0
1136.0
1165.0
1158.0
1166.0
1173.0
1162.0
1105.0
1093.0
1073.0
1077.0
935.0
825.0
764.0
858.0
842.0
814.0
793.0
788.0
901.0
921.0
985.0
1044.0
1114.0
1160.0
1148.0
1161.0
1165.0
1168.0
1176.0
1161.0
1107.0
1084.0
1086.0
1064.0
934.0
829.0
764.0
846.0
860.0
828.0
794.0
789.0
930.0
931.0
997.0
1031.0
1127.0
1161.0
1141.0
1174.0
1160.0
1172.0
1183.0
1154.0
1115.0
1085.0
1081.0
1062.0
944.0
820.0
787.0
855.0
868.0
836.0
796.0
774.0
943.0
945.0
1004.0
1052.0
1134.0
1149.0
1150.0
1163.0
1162.0
1188.0
1189.0
1166.0
1115.0
1093.0
1069.0
1065.0
955.0
838.0
794.0
868.0
854.0
838.0
812.0
797.0
936.0
956.0
997.0
1073.0
1132.0
1164.0
1146.0
1172.0
1164.0
1180.0
1185.0
1175.0
1122.0
1094.0
1076.0
1075.0
942.0
847.0
801.0
870.0
865.0
845.0
793.0
801.0
927.0
952.0
1031.0
1065.0
1116.0
1169.0
1153.0
1176.0
1169.0
1180.0
1184.0
1165.0
1120.0
1095.0
1088.0
1077.0
975.0
865.0
776.0
887.0
873.0
842.0
830.0
805.0
933.0
947.0
1015.0
1064.0
1138.0
1159.0
1161.0
1184.0
1171.0
1174.0
1187.0
1175.0
1124.0
1111.0
1087.0
1078.0
970.0
848.0
795.0
875.0
874.0
866.0
831.0
815.0
936.0
959.0
1015.0
1080.0
1135.0
1165.0
1159.0
1175.0
1169.0
1180.0
1198.0
1187.0
1128.0
1118.0
1096.0
1094.0
1001.0
854.0
810.0
874.0
902.0
869.0
838.0
800.0
938.0
975.0
1011.0
1083.0
1133.0
1167.0
1169.0
1175.0
1180.0
1190.0
1189.0
1180.0
1131.0
1116.0
1101.0
1094.0
988.0
