841.0
796.0
788.0
837.0
793.0
788.0
752.0
882.0
891.0
988.0
1106.0
1204.0
1131.0
1213.0
1215.0
1258.0
1366.0
1264.0
1126.0
1130.0
1103.0
1124.0
1036.0
874.0
849.0
776.0
790.0
842.0
808.0
793.0
750.0
884.0
896.0
985.0
1115.0
1212.0
1135.0
1238.0
1224.0
1262.0
1375.0
1267.0
1131.0
1143.0
1114.0
1119.0
1052.0
885.0
838.0
799.0
859.0
852.0
803.0
787.0
762.0
890.0
880.0
990.0
1124.0
1217.0
1139.0
1248.0
1230.0
1268.0
1383.0
1266.0
1149.0
1146.0
1112.0
1127.0
1053.0
878.0
846.0
789.0
867.0
855.0
805.0
785.0
769.0
934.0
906.0
982.0
1124.0
1222.0
1151.0
1256.0
1219.0
1271.0
1386.0
1266.0
1156.0
1152.0
1129.0
1126.0
1055.0
885.0
850.0
800.0
868.0
866.0
808.0
792.0
771.0
941.0
902.0
1004.0
1128.0
1221.0
1157.0
1271.0
1227.0
1279.0
1390.0
1278.0
1160.0
1158.0
1116.0
1133.0
1063.0
892.0
845.0
804.0
879.0
869.0
819.0
795.0
773.0
944.0
910.0
1015.0
1113.0
1225.0
1174.0
1276.0
1230.0
1283.0
1396.0
1280.0
1166.0
1161.0
1125.0
1133.0
1062.0
895.0
854.0
812.0
889.0
878.0
817.0
805.0
777.0
947.0
932.0
1019.0
1116.0
1231.0
1188.0
1296.0
1237.0
1287.0
1402.0
1292.0
1183.0
1170.0
1131.0
1143.0
1069.0
907.0
858.0
811.0
884.0
865.0
819.0
806.0
785.0
955.0
931.0
1022.0
1157.0
1237.0
1200.0
1293.0
1240.0
1289.0
1408.0
1302.0
1189.0
1176.0
1135.0
1154.0
1080.0
909.0
863.0
814.0
891.0
875.0
837.0
815.0
784.0
960.0
937.0
1042.0
1166.0
1246.0
1205.0
1314.0
1246.0
1295.0
1415.0
1307.0
1185.0
1185.0
1141.0
1158.0
1086.0
906.0
872.0
806.0
900.0
875.0
831.0
815.0
781.0
962.0
931.0
1047.0
1166.0
1236.0
1221.0
1343.0
1274.0
1303.0
1420.0
1313.0
1204.0
1184.0
1143.0
1161.0
1072.0
931.0
