810.0
791.0
702.0
716.0
590.0
561.0
582.0
541.0
554.0
582.0
604.0
602.0
648.0
771.0
699.0
804.0
662.0
866.0
808.0
859.0
858.0
919.0
1168.0
1244.0
1165.0
873.0
966.0
699.0
571.0
549.0
584.0
613.0
538.0
507.0
1099.0
639.0
691.0
798.0
650.0
1013.0
965.0
886.0
1061.0
880.0
1028.0
1017.0
891.0
1101.0
873.0
655.0
797.0
824.0
723.0
542.0
777.0
664.0
693.0
801.0
694.0
704.0
756.0
660.0
690.0
753.0
619.0
533.0
739.0
629.0
626.0
674.0
570.0
582.0
571.0
707.0
561.0
589.0
547.0
502.0
545.0
603.0
582.0
588.0
545.0
486.0
625.0
601.0
497.0
576.0
530.0
504.0
589.0
575.0
534.0
463.0
552.0
566.0
467.0
673.0
491.0
661.0
559.0
526.0
577.0
773.0
540.0
660.0
805.0
612.0
561.0
677.0
680.0
614.0
463.0
477.0
601.0
745.0
536.0
474.0
484.0
502.0
527.0
580.0
550.0
558.0
517.0
534.0
607.0
558.0
653.0
672.0
716.0
601.0
637.0
715.0
896.0
744.0
821.0
939.0
766.0
898.0
814.0
991.0
1037.0
1029.0
845.0
905.0
934.0
862.0
710.0
611.0
826.0
745.0
618.0
601.0
534.0
510.0
552.0
698.0
597.0
662.0
659.0
736.0
734.0
762.0
798.0
737.0
803.0
753.0
787.0
706.0
716.0
856.0
791.0
546.0
626.0
733.0
595.0
612.0
532.0
747.0
592.0
546.0
621.0
697.0
663.0
631.0
704.0
805.0
779.0
818.0
872.0
878.0
871.0
861.0
733.0
715.0
733.0
572.0
566.0
650.0
581.0
619.0
626.0
683.0
711.0
758.0
791.0
776.0
797.0
670.0
756.0
787.0
799.0
895.0
976.0
998.0
874.0
854.0
714.0
747.0
627.0
654.0
691.0
618.0
658.0
630.0
691.0
641.0
715.0
617.0
539.0
616.0
685.0
604.0
665.0
585.0
606.0
528.0
581.0
579.0
