1089.0
1039.0
1000.0
1009.0
963.0
815.0
763.0
701.0
736.0
765.0
773.0
790.0
739.0
822.0
833.0
955.0
1041.0
1141.0
1101.0
1140.0
1115.0
1145.0
1185.0
1137.0
1090.0
1042.0
1001.0
1015.0
968.0
819.0
766.0
705.0
743.0
774.0
777.0
793.0
743.0
838.0
844.0
958.0
1050.0
1146.0
1110.0
1146.0
1122.0
1158.0
1195.0
1150.0
1099.0
1053.0
1012.0
1025.0
975.0
838.0
775.0
707.0
742.0
782.0
780.0
790.0
755.0
853.0
850.0
965.0
1060.0
1146.0
1111.0
1152.0
1125.0
1158.0
1203.0
1154.0
1106.0
1064.0
1018.0
1035.0
983.0
841.0
777.0
709.0
746.0
786.0
788.0
797.0
759.0
855.0
853.0
977.0
1070.0
1157.0
1128.0
1163.0
1131.0
1169.0
1205.0
1159.0
1110.0
1069.0
1030.0
1046.0
994.0
843.0
778.0
708.0
752.0
793.0
786.0
795.0
771.0
866.0
876.0
993.0
1078.0
1160.0
1129.0
1174.0
1138.0
1173.0
1206.0
1160.0
1109.0
1071.0
1034.0
1055.0
1000.0
847.0
775.0
705.0
749.0
798.0
799.0
799.0
771.0
869.0
879.0
1000.0
1084.0
1164.0
1132.0
1178.0
1141.0
1176.0
1213.0
1164.0
1112.0
1080.0
1042.0
1060.0
1013.0
849.0
783.0
711.0
798.0
809.0
810.0
790.0
769.0
866.0
876.0
1005.0
1089.0
1169.0
1135.0
1183.0
1144.0
1179.0
1215.0
1165.0
1129.0
1089.0
1041.0
1060.0
1015.0
852.0
783.0
711.0
813.0
813.0
797.0
799.0
776.0
908.0
892.0
1010.0
1082.0
1154.0
1129.0
1185.0
1137.0
1175.0
1215.0
1166.0
1134.0
1099.0
1050.0
1068.0
1019.0
862.0
811.0
732.0
807.0
815.0
795.0
802.0
777.0
917.0
885.0
1003.0
1079.0
1151.0
1120.0
1188.0
1143.0
1178.0
1216.0
1167.0
1133.0
1104.0
1052.0
1071.0
1018.0
869.0
819.0
735.0
815.0
817.0
807.0
803.0
779.0
920.0
892.0
1024.0
1087.0
1155.0
1128.0
1190.0
1147.0
1184.0
1216.0
1155.0
1124.0
1105.0
1061.0
1075.0
1020.0
872.0
825.0
740.0
827.0
822.0
810.0
810.0
781.0
924.0
898.0
1028.0
1091.0
1158.0
1135.0
1199.0
1149.0
1190.0
1218.0
1161.0
1133.0
1111.0
1067.0
1081.0
1025.0
883.0
829.0
746.0
830.0
823.0
813.0
814.0
783.0
928.0
899.0
1031.0
1105.0
1171.0
1154.0
1201.0
1151.0
1190.0
1220.0
1165.0
1136.0
1118.0
1072.0
1090.0
1032.0
888.0
832.0
748.0
836.0
830.0
828.0
813.0
784.0
927.0
897.0
1037.0
1109.0
1172.0
1156.0
1203.0
1154.0
1192.0
1224.0
1172.0
1141.0
1122.0
1079.0
1095.0
1036.0
897.0
838.0
757.0
851.0
839.0
828.0
813.0
783.0
926.0
900.0
1040.0
1112.0
1172.0
1160.0
1213.0
1154.0
1197.0
1225.0
1175.0
1142.0
1123.0
1081.0
1095.0
1044.0
902.0
