263.0
263.0
263.0
263.0
265.0
265.0
265.0
263.0
263.0
263.0
263.0
263.0
263.0
263.0
263.0
263.0
263.0
263.0
264.0
263.0
262.0
263.0
263.0
263.0
263.0
263.0
263.0
263.0
263.0
263.0
263.0
263.0
262.0
263.0
264.0
263.0
262.0
263.0
263.0
263.0
263.0
263.0
263.0
263.0
263.0
263.0
263.0
263.0
263.0
263.0
262.0
288.0
266.0
263.0
265.0
266.0
266.0
266.0
266.0
266.0
266.0
266.0
266.0
266.0
266.0
266.0
266.0
266.0
266.0
266.0
266.0
266.0
269.0
266.0
265.0
266.0
266.0
266.0
266.0
266.0
266.0
266.0
266.0
266.0
266.0
266.0
266.0
266.0
266.0
270.0
266.0
264.0
266.0
266.0
266.0
266.0
266.0
266.0
266.0
266.0
269.0
267.0
266.0
266.0
267.0
266.0
290.0
284.0
283.0
279.0
272.0
266.0
265.0
264.0
268.0
266.0
267.0
270.0
268.0
269.0
269.0
269.0
276.0
272.0
270.0
273.0
271.0
270.0
270.0
269.0
268.0
269.0
268.0
268.0
268.0
268.0
267.0
267.0
275.0
270.0
268.0
271.0
269.0
268.0
268.0
268.0
268.0
267.0
268.0
268.0
267.0
268.0
267.0
267.0
267.0
274.0
270.0
268.0
271.0
269.0
268.0
268.0
268.0
268.0
268.0
267.0
267.0
267.0
266.0
266.0
266.0
266.0
273.0
269.0
267.0
269.0
268.0
267.0
267.0
267.0
266.0
266.0
266.0
266.0
266.0
265.0
265.0
265.0
266.0
272.0
268.0
266.0
268.0
267.0
267.0
267.0
267.0
266.0
266.0
266.0
266.0
265.0
265.0
265.0
265.0
271.0
267.0
265.0
268.0
267.0
266.0
266.0
266.0
265.0
265.0
265.0
265.0
265.0
266.0
265.0
264.0
270.0
268.0
266.0
268.0
269.0
267.0
266.0
266.0
267.0
266.0
265.0
265.0
265.0
265.0
264.0
265.0
267.0
292.0
302.0
