809.0
792.0
706.0
716.0
593.0
561.0
578.0
537.0
549.0
577.0
598.0
595.0
640.0
763.0
691.0
791.0
660.0
853.0
805.0
850.0
854.0
913.0
1161.0
1238.0
1159.0
874.0
966.0
714.0
580.0
555.0
588.0
610.0
532.0
507.0
1074.0
633.0
692.0
802.0
646.0
994.0
961.0
882.0
1053.0
881.0
1022.0
1016.0
890.0
1099.0
871.0
663.0
803.0
820.0
717.0
553.0
775.0
655.0
686.0
797.0
687.0
697.0
754.0
659.0
681.0
748.0
614.0
530.0
731.0
627.0
618.0
667.0
570.0
577.0
564.0
701.0
556.0
581.0
547.0
500.0
537.0
598.0
578.0
579.0
540.0
486.0
617.0
592.0
496.0
572.0
525.0
498.0
580.0
568.0
527.0
462.0
546.0
557.0
464.0
657.0
486.0
640.0
562.0
522.0
570.0
753.0
540.0
654.0
795.0
606.0
562.0
669.0
675.0
608.0
460.0
475.0
602.0
736.0
527.0
467.0
488.0
498.0
520.0
572.0
544.0
549.0
525.0
526.0
572.0
561.0
641.0
667.0
660.0
626.0
630.0
675.0
888.0
742.0
813.0
936.0
768.0
889.0
822.0
979.0
1035.0
1026.0
860.0
901.0
927.0
879.0
745.0
638.0
797.0
745.0
639.0
607.0
544.0
513.0
537.0
687.0
590.0
655.0
663.0
724.0
728.0
754.0
797.0
737.0
796.0
757.0
783.0
715.0
711.0
843.0
795.0
568.0
607.0
724.0
609.0
607.0
537.0
735.0
600.0
545.0
623.0
680.0
660.0
624.0
694.0
790.0
770.0
809.0
864.0
874.0
872.0
859.0
743.0
723.0
737.0
588.0
565.0
642.0
580.0
613.0
623.0
672.0
703.0
745.0
781.0
770.0
792.0
678.0
751.0
784.0
792.0
888.0
964.0
997.0
884.0
863.0
733.0
755.0
646.0
660.0
693.0
623.0
656.0
630.0
683.0
638.0
706.0
619.0
541.0
608.0
675.0
604.0
651.0
586.0
598.0
531.0
572.0
571.0
