982.0
932.0
942.0
922.0
895.0
762.0
714.0
698.0
718.0
758.0
750.0
745.0
696.0
789.0
808.0
904.0
975.0
1029.0
1016.0
1017.0
1021.0
1027.0
1041.0
1025.0
990.0
929.0
938.0
927.0
904.0
761.0
711.0
697.0
718.0
771.0
757.0
741.0
708.0
811.0
823.0
907.0
992.0
1036.0
1017.0
1023.0
1016.0
1033.0
1054.0
1032.0
990.0
932.0
933.0
933.0
903.0
763.0
717.0
705.0
722.0
766.0
765.0
741.0
717.0
828.0
829.0
913.0
996.0
1047.0
1014.0
1024.0
1016.0
1026.0
1050.0
1035.0
994.0
941.0
941.0
939.0
916.0
775.0
726.0
704.0
722.0
785.0
766.0
762.0
721.0
841.0
828.0
909.0
1000.0
1045.0
1031.0
1032.0
1026.0
1034.0
1060.0
1034.0
992.0
938.0
944.0
947.0
914.0
777.0
722.0
704.0
719.0
784.0
766.0
755.0
737.0
848.0
857.0
930.0
998.0
1045.0
1030.0
1025.0
1024.0
1038.0
1050.0
1038.0
991.0
938.0
953.0
942.0
927.0
783.0
719.0
690.0
734.0
788.0
776.0
753.0
729.0
838.0
863.0
919.0
1012.0
1045.0
1021.0
1042.0
1032.0
1041.0
1049.0
1034.0
1000.0
943.0
954.0
948.0
932.0
787.0
715.0
709.0
788.0
795.0
764.0
762.0
739.0
846.0
851.0
919.0
1000.0
1051.0
1032.0
1038.0
1029.0
1041.0
1056.0
1035.0
998.0
949.0
949.0
948.0
934.0
779.0
708.0
700.0
795.0
793.0
762.0
762.0
749.0
881.0
861.0
925.0
1001.0
1050.0
1023.0
1043.0
1031.0
1034.0
1062.0
1035.0
1000.0
947.0
950.0
952.0
935.0
793.0
738.0
708.0
796.0
810.0
762.0
764.0
753.0
894.0
871.0
917.0
1005.0
1051.0
1024.0
1040.0
1044.0
1033.0
1061.0
1041.0
998.0
954.0
949.0
944.0
928.0
795.0
748.0
717.0
804.0
815.0
757.0
768.0
744.0
889.0
874.0
937.0
1013.0
1042.0
1030.0
1043.0
1041.0
1041.0
1065.0
1050.0
988.0
975.0
957.0
958.0
933.0
796.0
747.0
716.0
814.0
813.0
760.0
766.0
746.0
896.0
881.0
923.0
1018.0
1040.0
1037.0
1043.0
1044.0
1029.0
1069.0
1043.0
990.0
967.0
957.0
953.0
936.0
803.0
753.0
715.0
813.0
808.0
768.0
779.0
757.0
891.0
872.0
923.0
1023.0
1052.0
1044.0
1048.0
1046.0
1034.0
1070.0
1046.0
1000.0
971.0
965.0
959.0
946.0
810.0
746.0
723.0
812.0
807.0
788.0
779.0
746.0
894.0
876.0
939.0
1029.0
1039.0
1051.0
1045.0
1052.0
1039.0
1066.0
1051.0
1001.0
980.0
967.0
963.0
945.0
818.0
762.0
729.0
817.0
818.0
775.0
777.0
755.0
892.0
874.0
935.0
1030.0
1043.0
1051.0
1053.0
1043.0
1037.0
1073.0
1051.0
1002.0
982.0
964.0
967.0
939.0
818.0
