839.0
791.0
795.0
848.0
810.0
799.0
761.0
895.0
906.0
1003.0
1096.0
1171.0
1124.0
1177.0
1179.0
1208.0
1278.0
1214.0
1117.0
1105.0
1086.0
1102.0
1038.0
884.0
848.0
782.0
796.0
850.0
822.0
811.0
771.0
899.0
910.0
998.0
1102.0
1176.0
1127.0
1196.0
1184.0
1212.0
1283.0
1215.0
1127.0
1117.0
1094.0
1103.0
1053.0
897.0
832.0
788.0
867.0
868.0
828.0
802.0
774.0
907.0
893.0
996.0
1106.0
1179.0
1134.0
1202.0
1189.0
1215.0
1285.0
1217.0
1133.0
1120.0
1093.0
1106.0
1053.0
893.0
844.0
789.0
861.0
868.0
825.0
794.0
783.0
944.0
923.0
1001.0
1107.0
1181.0
1141.0
1205.0
1185.0
1217.0
1289.0
1218.0
1140.0
1127.0
1102.0
1111.0
1057.0
901.0
846.0
798.0
872.0
877.0
823.0
805.0
780.0
958.0
920.0
1014.0
1113.0
1184.0
1143.0
1216.0
1193.0
1222.0
1292.0
1222.0
1144.0
1127.0
1097.0
1109.0
1061.0
907.0
844.0
804.0
881.0
882.0
841.0
813.0
788.0
953.0
928.0
1029.0
1102.0
1187.0
1158.0
1221.0
1194.0
1226.0
1297.0
1225.0
1147.0
1131.0
1107.0
1114.0
1061.0
913.0
858.0
811.0
898.0
888.0
835.0
813.0
797.0
962.0
952.0
1037.0
1106.0
1190.0
1165.0
1235.0
1199.0
1231.0
1299.0
1234.0
1158.0
1142.0
1109.0
1118.0
1071.0
920.0
863.0
814.0
894.0
876.0
842.0
816.0
797.0
960.0
947.0
1036.0
1132.0
1192.0
1170.0
1233.0
1201.0
1231.0
1304.0
1241.0
1163.0
1145.0
1113.0
1130.0
1076.0
927.0
867.0
816.0
893.0
887.0
850.0
839.0
797.0
965.0
950.0
1052.0
1141.0
1199.0
1179.0
1245.0
1208.0
1236.0
1306.0
1246.0
1161.0
1152.0
1121.0
1132.0
1079.0
920.0
872.0
813.0
908.0
888.0
850.0
833.0
793.0
976.0
944.0
1053.0
1145.0
1196.0
1188.0
1264.0
1220.0
1240.0
1312.0
1247.0
1173.0
1155.0
1125.0
1133.0
1074.0
944.0
