339.0
336.0
375.0
381.0
398.0
409.0
401.0
414.0
449.0
471.0
501.0
513.0
667.0
737.0
768.0
820.0
925.0
814.0
779.0
795.0
606.0
447.0
369.0
339.0
343.0
397.0
442.0
438.0
463.0
438.0
426.0
443.0
454.0
461.0
460.0
437.0
454.0
487.0
425.0
456.0
441.0
425.0
433.0
444.0
450.0
482.0
497.0
518.0
879.0
886.0
573.0
453.0
327.0
447.0
419.0
404.0
395.0
358.0
376.0
406.0
429.0
411.0
427.0
452.0
463.0
427.0
447.0
399.0
428.0
437.0
423.0
434.0
402.0
399.0
561.0
449.0
421.0
444.0
405.0
433.0
411.0
431.0
424.0
460.0
450.0
439.0
446.0
404.0
628.0
510.0
443.0
528.0
539.0
491.0
506.0
482.0
483.0
552.0
517.0
465.0
495.0
775.0
549.0
494.0
814.0
744.0
833.0
720.0
586.0
613.0
543.0
619.0
430.0
562.0
464.0
362.0
312.0
298.0
454.0
403.0
412.0
476.0
458.0
487.0
468.0
513.0
501.0
717.0
380.0
721.0
696.0
485.0
550.0
369.0
386.0
307.0
243.0
451.0
275.0
305.0
320.0
220.0
282.0
515.0
332.0
356.0
379.0
459.0
427.0
416.0
463.0
479.0
467.0
799.0
1033.0
657.0
476.0
911.0
1202.0
1274.0
1132.0
1197.0
1052.0
912.0
478.0
346.0
600.0
424.0
440.0
428.0
412.0
455.0
440.0
457.0
466.0
754.0
823.0
1012.0
743.0
597.0
583.0
714.0
820.0
1016.0
1147.0
1147.0
823.0
711.0
833.0
659.0
663.0
640.0
555.0
546.0
488.0
502.0
473.0
466.0
415.0
424.0
445.0
434.0
464.0
422.0
431.0
421.0
436.0
434.0
451.0
450.0
440.0
441.0
480.0
466.0
472.0
471.0
595.0
496.0
539.0
488.0
461.0
466.0
439.0
430.0
448.0
447.0
495.0
461.0
508.0
510.0
520.0
547.0
505.0
484.0
465.0
535.0
473.0
544.0
468.0
515.0
509.0
505.0
440.0
468.0
514.0
665.0
552.0
662.0
839.0
933.0
1098.0
1036.0
930.0
985.0
923.0
1017.0
1054.0
933.0
635.0
616.0
551.0
487.0
507.0
455.0
447.0
444.0
410.0
407.0
394.0
438.0
931.0
1030.0
932.0
677.0
896.0
989.0
993.0
989.0
872.0
837.0
898.0
913.0
913.0
925.0
546.0
612.0
523.0
563.0
453.0
504.0
401.0
422.0
441.0
439.0
796.0
504.0
584.0
510.0
659.0
802.0
966.0
761.0
970.0
821.0
1045.0
821.0
917.0
910.0
900.0
536.0
636.0
507.0
460.0
480.0
413.0
392.0
384.0
380.0
412.0
452.0
447.0
549.0
526.0
542.0
486.0
717.0
831.0
969.0
887.0
967.0
825.0
691.0
638.0
527.0
554.0
454.0
439.0
469.0
422.0
458.0
445.0
448.0
421.0
468.0
541.0
686.0
997.0
796.0
718.0
757.0
1041.0
944.0
819.0
900.0
837.0
684.0
627.0
596.0
582.0
402.0
457.0
512.0
425.0
537.0
482.0
483.0
505.0
519.0
507.0
456.0
431.0
416.0
425.0
432.0
435.0
418.0
434.0
452.0
470.0
463.0
452.0
424.0
419.0
402.0
427.0
433.0
431.0
434.0
448.0
461.0
423.0
437.0
453.0
431.0
428.0
405.0
398.0
390.0
399.0
402.0
414.0
405.0
392.0
397.0
385.0
388.0
404.0
371.0
395.0
398.0
400.0
407.0
440.0
431.0
414.0
441.0
606.0
797.0
690.0
910.0
944.0
1025.0
1104.0
1041.0
1008.0
912.0
876.0
677.0
521.0
561.0
480.0
491.0
468.0
466.0
475.0
449.0
397.0
464.0
466.0
900.0
883.0
506.0
539.0
918.0
1030.0
868.0
818.0
561.0
868.0
876.0
709.0
494.0
750.0
485.0
493.0
487.0
511.0
504.0
461.0
442.0
450.0
465.0
427.0
415.0
686.0
665.0
464.0
687.0
561.0
960.0
827.0
988.0
846.0
809.0
436.0
533.0
573.0
397.0
442.0
487.0
421.0
422.0
456.0
428.0
438.0
453.0
808.0
628.0
642.0
837.0
795.0
901.0
950.0
627.0
475.0
849.0
954.0
826.0
855.0
867.0
751.0
450.0
446.0
472.0
430.0
477.0
441.0
422.0
447.0
467.0
425.0
731.0
745.0
504.0
834.0
850.0
878.0
922.0
853.0
831.0
487.0
804.0
769.0
1060.0
445.0
591.0
496.0
593.0
537.0
478.0
508.0
464.0
415.0
431.0
430.0
421.0
392.0
383.0
389.0
387.0
385.0
390.0
415.0
414.0
392.0
403.0
418.0
415.0
398.0
403.0
425.0
533.0
478.0
463.0
472.0
490.0
481.0
475.0
451.0
450.0
467.0
502.0
454.0
445.0
459.0
406.0
421.0
412.0
396.0
418.0
412.0
401.0
406.0
409.0
418.0
401.0
395.0
423.0
411.0
387.0
405.0
423.0
626.0
558.0
805.0
736.0
959.0
1043.0
1145.0
1038.0
1117.0
1169.0
1107.0
1156.0
968.0
1103.0
758.0
560.0
445.0
404.0
486.0
441.0
448.0
434.0
437.0
495.0
471.0
1025.0
1086.0
1035.0
773.0
1096.0
1018.0
1132.0
1177.0
1060.0
1030.0
1030.0
1047.0
1095.0
1071.0
687.0
532.0
443.0
469.0
403.0
593.0
500.0
450.0
527.0
465.0
1031.0
958.0
1064.0
898.0
1013.0
1119.0
1145.0
1178.0
1116.0
1214.0
1155.0
1067.0
1028.0
1087.0
691.0
542.0
456.0
605.0
609.0
489.0
613.0
557.0
813.0
705.0
816.0
765.0
1113.0
1109.0
1116.0
1008.0
1047.0
903.0
1136.0
1210.0
1145.0
1012.0
1028.0
970.0
594.0
441.0
486.0
424.0
411.0
439.0
430.0
418.0
438.0
519.0
821.0
849.0
984.0
1012.0
1094.0
1213.0
1131.0
1038.0
768.0
941.0
1015.0
1182.0
1131.0
1118.0
735.0
481.0
517.0
470.0
471.0
444.0
443.0
412.0
483.0
474.0
438.0
463.0
455.0
434.0
446.0
446.0
424.0
425.0
432.0
460.0
423.0
435.0
456.0
473.0
475.0
497.0
499.0
497.0
455.0
450.0
444.0
427.0
432.0
451.0
458.0
423.0
410.0
417.0
424.0
392.0
396.0
411.0
386.0
388.0
409.0
397.0
399.0
401.0
393.0
395.0
395.0
421.0
670.0
657.0
540.0
533.0
448.0
445.0
478.0
487.0
803.0
937.0
1061.0
1052.0
1128.0
1057.0
1108.0
984.0
1133.0
1181.0
1159.0
1014.0
704.0
545.0
523.0
521.0
573.0
448.0
463.0
447.0
426.0
465.0
571.0
657.0
986.0
960.0
902.0
992.0
1228.0
1162.0
1118.0
935.0
1062.0
1104.0
1178.0
1192.0
1164.0
948.0
713.0
540.0
478.0
467.0
462.0
391.0
364.0
644.0
824.0
976.0
1114.0
1109.0
1178.0
1218.0
1228.0
1046.0
1190.0
905.0
1159.0
1208.0
1234.0
1110.0
939.0
649.0
481.0
489.0
532.0
503.0
458.0
512.0
451.0
458.0
697.0
1068.0
1045.0
838.0
1014.0
903.0
1073.0
1039.0
1223.0
1052.0
1136.0
1196.0
1036.0
1143.0
1133.0
779.0
702.0
573.0
431.0
562.0
453.0
456.0
410.0
438.0
432.0
403.0
471.0
486.0
442.0
485.0
487.0
451.0
445.0
417.0
439.0
436.0
407.0
412.0
404.0
411.0
410.0
420.0
446.0
477.0
454.0
460.0
458.0
441.0
449.0
441.0
423.0
432.0
409.0
413.0
420.0
434.0
431.0
416.0
427.0
415.0
419.0
421.0
419.0
424.0
438.0
474.0
465.0
448.0
418.0
426.0
406.0
405.0
406.0
391.0
390.0
383.0
377.0
401.0
427.0
398.0
425.0
421.0
401.0
402.0
380.0
375.0
402.0
395.0
421.0
448.0
425.0
404.0
412.0
399.0
409.0
455.0
821.0
1027.0
1146.0
1094.0
1042.0
953.0
1142.0
1203.0
1255.0
924.0
721.0
1113.0
1171.0
1209.0
1152.0
703.0
428.0
522.0
518.0
603.0
542.0
454.0
453.0
500.0
543.0
712.0
955.0
1123.0
1145.0
1165.0
860.0
716.0
625.0
1169.0
1209.0
1083.0
1045.0
1037.0
1137.0
909.0
638.0
589.0
479.0
468.0
460.0
469.0
440.0
502.0
512.0
508.0
886.0
1099.0
1041.0
1092.0
1132.0
1071.0
1227.0
1191.0
1200.0
1078.0
1006.0
1229.0
1104.0
902.0
800.0
673.0
700.0
581.0
553.0
584.0
569.0
449.0
501.0
484.0
821.0
988.0
1025.0
1121.0
1040.0
1231.0
1287.0
1199.0
1128.0
1155.0
907.0
875.0
1126.0
1264.0
917.0
575.0
555.0
457.0
454.0
433.0
462.0
704.0
926.0
687.0
602.0
972.0
1186.0
1150.0
1158.0
1123.0
1171.0
1208.0
1209.0
1137.0
1040.0
1075.0
972.0
630.0
490.0
497.0
413.0
426.0
457.0
465.0
467.0
495.0
502.0
484.0
503.0
481.0
504.0
501.0
486.0
483.0
507.0
668.0
877.0
766.0
590.0
598.0
516.0
517.0
534.0
479.0
452.0
423.0
438.0
417.0
397.0
391.0
392.0
409.0
409.0
419.0
469.0
517.0
495.0
465.0
536.0
548.0
441.0
444.0
425.0
417.0
432.0
524.0
429.0
416.0
425.0
422.0
387.0
394.0
396.0
424.0
724.0
944.0
1160.0
862.0
1050.0
1146.0
1177.0
1183.0
1185.0
1164.0
1205.0
1150.0
1144.0
1120.0
1085.0
791.0
509.0
479.0
445.0
433.0
485.0
444.0
466.0
985.0
920.0
779.0
753.0
1162.0
1200.0
1173.0
1137.0
1125.0
1211.0
1190.0
1168.0
1163.0
1114.0
1077.0
1126.0
976.0
607.0
497.0
452.0
429.0
502.0
454.0
459.0
434.0
492.0
988.0
944.0
1058.0
937.0
1128.0
1025.0
1013.0
1075.0
1129.0
1075.0
1009.0
871.0
801.0
750.0
647.0
550.0
480.0
487.0
472.0
434.0
420.0
420.0
419.0
401.0
407.0
424.0
428.0
429.0
461.0
454.0
451.0
436.0
450.0
467.0
454.0
442.0
481.0
574.0
590.0
515.0
524.0
485.0
458.0
455.0
438.0
447.0
490.0
542.0
533.0
540.0
593.0
1028.0
1120.0
1204.0
1193.0
1056.0
1154.0
1151.0
850.0
763.0
616.0
594.0
487.0
466.0
432.0
419.0
454.0
466.0
464.0
463.0
480.0
486.0
457.0
430.0
415.0
424.0
430.0
428.0
426.0
431.0
434.0
409.0
411.0
417.0
407.0
402.0
405.0
407.0
398.0
394.0
396.0
422.0
414.0
375.0
406.0
410.0
378.0
403.0
400.0
391.0
389.0
383.0
383.0
387.0
394.0
389.0
396.0
378.0
396.0
435.0
413.0
467.0
524.0
538.0
561.0
491.0
491.0
453.0
472.0
477.0
772.0
1081.0
1134.0
1203.0
1188.0
1198.0
1220.0
1227.0
1299.0
1041.0
906.0
841.0
903.0
733.0
513.0
579.0
479.0
482.0
485.0
470.0
465.0
480.0
497.0
1023.0
1238.0
1130.0
1036.0
1109.0
1323.0
1193.0
1268.0
1209.0
1233.0
1240.0
1099.0
809.0
759.0
999.0
783.0
532.0
527.0
524.0
471.0
477.0
480.0
435.0
404.0
490.0
663.0
1012.0
1210.0
1047.0
1064.0
1074.0
1136.0
1094.0
1230.0
1149.0
1066.0
1185.0
1021.0
1222.0
1096.0
582.0
698.0
685.0
500.0
596.0
440.0
550.0
550.0
674.0
1108.0
1109.0
1138.0
1121.0
1100.0
1114.0
1184.0
1149.0
1077.0
1061.0
1036.0
1213.0
1115.0
1194.0
1041.0
961.0
683.0
689.0
693.0
668.0
587.0
623.0
1014.0
1000.0
1192.0
1108.0
1106.0
1159.0
1220.0
1142.0
1055.0
987.0
1013.0
948.0
1071.0
1162.0
1101.0
1174.0
991.0
777.0
754.0
519.0
646.0
538.0
527.0
456.0
489.0
436.0
492.0
487.0
471.0
467.0
470.0
475.0
477.0
438.0
433.0
433.0
448.0
439.0
444.0
445.0
441.0
407.0
421.0
425.0
427.0
433.0
433.0
416.0
427.0
406.0
390.0
388.0
399.0
387.0
379.0
394.0
405.0
419.0
410.0
441.0
570.0
468.0
454.0
462.0
406.0
417.0
419.0
419.0
428.0
576.0
575.0
496.0
1366.0
1516.0
1588.0
1669.0
1816.0
1452.0
1672.0
1647.0
1474.0
1437.0
1401.0
1488.0
1405.0
1410.0
1797.0
1911.0
1291.0
938.0
613.0
692.0
689.0
588.0
603.0
564.0
887.0
1121.0
1486.0
1583.0
1465.0
1670.0
1856.0
1679.0
1577.0
1540.0
1739.0
1509.0
1547.0
1650.0
1667.0
1729.0
1579.0
1299.0
709.0
571.0
715.0
476.0
488.0
499.0
578.0
645.0
1245.0
1518.0
1746.0
1331.0
1614.0
1645.0
1439.0
1353.0
1405.0
1420.0
1405.0
1492.0
1398.0
1697.0
1002.0
1054.0
540.0
709.0
620.0
785.0
490.0
762.0
525.0
605.0
1326.0
1520.0
1634.0
1640.0
1505.0
1331.0
1459.0
1393.0
1497.0
1740.0
1598.0
1598.0
1457.0
916.0
894.0
505.0
464.0
554.0
503.0
462.0
462.0
487.0
507.0
573.0
1192.0
1320.0
1447.0
1470.0
1607.0
1682.0
1704.0
1735.0
1794.0
1753.0
1717.0
1582.0
1555.0
1475.0
1028.0
924.0
537.0
564.0
636.0
504.0
510.0
489.0
489.0
490.0
499.0
535.0
498.0
504.0
510.0
504.0
501.0
541.0
559.0
578.0
542.0
554.0
520.0
519.0
521.0
434.0
462.0
559.0
530.0
516.0
578.0
551.0
504.0
515.0
454.0
451.0
478.0
451.0
451.0
461.0
465.0
469.0
460.0
439.0
483.0
436.0
425.0
415.0
428.0
545.0
578.0
542.0
496.0
575.0
539.0
507.0
540.0
503.0
781.0
900.0
1183.0
1803.0
1760.0
1503.0
2035.0
1429.0
1066.0
1252.0
939.0
921.0
906.0
925.0
861.0
648.0
527.0
508.0
597.0
509.0
528.0
578.0
609.0
671.0
635.0
775.0
1027.0
1304.0
1189.0
1137.0
1194.0
1192.0
1175.0
1244.0
1090.0
1112.0
947.0
802.0
656.0
615.0
624.0
617.0
619.0
628.0
609.0
575.0
585.0
610.0
582.0
737.0
1024.0
994.0
1124.0
1100.0
1133.0
1038.0
1180.0
1174.0
1214.0
1098.0
1002.0
1058.0
778.0
680.0
744.0
585.0
568.0
670.0
698.0
679.0
672.0
599.0
769.0
865.0
1090.0
1218.0
1301.0
1303.0
1279.0
1041.0
1142.0
1085.0
1038.0
1009.0
961.0
1052.0
806.0
687.0
638.0
624.0
550.0
541.0
535.0
553.0
586.0
572.0
670.0
914.0
1051.0
1080.0
1200.0
1181.0
1103.0
1136.0
1120.0
1229.0
1346.0
1443.0
1524.0
1318.0
1249.0
972.0
837.0
631.0
584.0
565.0
477.0
527.0
549.0
584.0
605.0
585.0
704.0
804.0
746.0
731.0
702.0
667.0
570.0
590.0
572.0
558.0
528.0
582.0
609.0
588.0
617.0
602.0
680.0
652.0
597.0
573.0
597.0
578.0
562.0
612.0
565.0
602.0
566.0
573.0
564.0
576.0
490.0
575.0
538.0
546.0
575.0
589.0
575.0
580.0
564.0
609.0
625.0
650.0
612.0
661.0
672.0
676.0
652.0
742.0
864.0
1026.0
1091.0
1053.0
1137.0
1237.0
1475.0
1315.0
1226.0
979.0
929.0
1056.0
818.0
595.0
521.0
570.0
533.0
581.0
562.0
537.0
601.0
557.0
872.0
850.0
833.0
1033.0
948.0
828.0
738.0
853.0
1071.0
1009.0
1002.0
893.0
1019.0
1060.0
849.0
738.0
662.0
755.0
704.0
664.0
606.0
626.0
738.0
679.0
629.0
634.0
776.0
902.0
936.0
912.0
925.0
949.0
991.0
944.0
854.0
867.0
750.0
760.0
628.0
560.0
547.0
528.0
531.0
551.0
574.0
607.0
637.0
704.0
722.0
812.0
740.0
826.0
859.0
891.0
907.0
871.0
1168.0
1257.0
1306.0
1043.0
1009.0
840.0
639.0
555.0
534.0
539.0
556.0
524.0
774.0
860.0
845.0
856.0
744.0
916.0
968.0
950.0
1089.0
1035.0
979.0
1032.0
915.0
1040.0
928.0
760.0
711.0
759.0
695.0
632.0
688.0
628.0
653.0
712.0
708.0
728.0
702.0
685.0
686.0
718.0
656.0
616.0
658.0
621.0
637.0
630.0
597.0
566.0
563.0
622.0
584.0
604.0
563.0
516.0
533.0
546.0
540.0
550.0
546.0
516.0
540.0
558.0
504.0
545.0
525.0
508.0
530.0
547.0
526.0
517.0
506.0
523.0
478.0
598.0
564.0
601.0
571.0
555.0
567.0
661.0
618.0
640.0
743.0
710.0
684.0
684.0
652.0
669.0
487.0
467.0
510.0
639.0
603.0
537.0
503.0
472.0
480.0
486.0
517.0
528.0
486.0
509.0
609.0
573.0
599.0
638.0
739.0
698.0
635.0
703.0
776.0
822.0
796.0
868.0
875.0
888.0
832.0
925.0
991.0
1036.0
938.0
879.0
897.0
870.0
768.0
639.0
698.0
668.0
658.0
588.0
553.0
489.0
471.0
533.0
587.0
608.0
603.0
643.0
711.0
696.0
765.0
777.0
774.0
764.0
764.0
728.0
682.0
753.0
798.0
722.0
541.0
646.0
666.0
624.0
539.0
634.0
588.0
567.0
551.0
606.0
631.0
596.0
634.0
746.0
743.0
773.0
801.0
908.0
873.0
838.0
748.0
690.0
698.0
620.0
527.0
562.0
566.0
569.0
577.0
641.0
651.0
679.0
742.0
754.0
777.0
686.0
728.0
737.0
770.0
834.0
879.0
1011.0
878.0
810.0
749.0
682.0
644.0
636.0
621.0
583.0
616.0
601.0
624.0
611.0
657.0
609.0
547.0
595.0
592.0
585.0
617.0
579.0
560.0
507.0
515.0
