628.0
638.0
592.0
508.0
1420.0
847.0
870.0
871.0
841.0
988.0
861.0
1
408.0
391.0
421.0
328.0
388.0
263.0
375.0
596.0
434.0
405.0
330.0
366.0
367.0
352.0
269.0
286.0
290.0
401.0
368.0
344.0
366.0
354.0
438.0
468.0
307.0
379.0
350.0
381.0
328.0
318.0
300.0
324.0
347.0
286.0
277.0
351.0
350.0
453.0
408.0
534.0
291.0
428.0
435.0
396.0
382.0
317.0
399.0
458.0
358.0
402.0
445.0
470.0
393.0
397.0
398.0
492.0
554.0
536.0
664.0
436.0
510.0
726.0
468.0
366.0
379.0
401.0
305.0
349.0
376.0
422.0
405.0
534.0
544.0
417.0
534.0
670.0
791.0
562.0
669.0
747.0
739.0
891.0
1146.0
420.0
465.0
674.0
421.0
433.0
393.0
430.0
409.0
408.0
401.0
398.0
421.0
410.0
415.0
493.0
819.0
1513.0
841.0
888.0
973.0
893.0
679.0
760.0
752.0
642.0
673.0
604.0
546.0
490.0
488.0
485.0
465.0
458.0
453.0
449.0
453.0
454.0
440.0
687.0
827.0
671.0
719.0
758.0
745.0
787.0
922.0
938.0
964.0
919.0
722.0
622.0
493.0
423.0
428.0
427.0
437.0
464.0
463.0
438.0
456.0
450.0
445.0
476.0
505.0
542.0
578.0
726.0
851.0
843.0
800.0
936.0
894.0
742.0
818.0
643.0
495.0
452.0
405.0
425.0
462.0
538.0
517.0
503.0
480.0
454.0
472.0
453.0
440.0
463.0
459.0
439.0
454.0
455.0
441.0
445.0
415.0
408.0
430.0
435.0
466.0
464.0
489.0
944.0
1215.0
776.0
439.0
616.0
393.0
432.0
426.0
381.0
419.0
416.0
396.0
438.0
416.0
419.0
426.0
431.0
456.0
416.0
410.0
428.0
441.0
416.0
398.0
424.0
389.0
509.0
508.0
348.0
466.0
442.0
400.0
410.0
423.0
432.0
428.0
450.0
438.0
436.0
405.0
548.0
596.0
364.0
534.0
562.0
434.0
466.0
495.0
443.0
514.0
520.0
442.0
457.0
662.0
610.0
387.0
877.0
930.0
876.0
1230.0
1053.0
1109.0
1058.0
1042.0
1036.0
1062.0
1116.0
1063.0
840.0
533.0
596.0
421.0
454.0
526.0
545.0
556.0
497.0
571.0
550.0
810.0
771.0
672.0
1018.0
741.0
1310.0
1379.0
1146.0
1329.0
890.0
1042.0
1085.0
1014.0
1021.0
689.0
433.0
421.0
377.0
457.0
557.0
538.0
541.0
513.0
483.0
489.0
510.0
815.0
1106.0
843.0
701.0
937.0
1154.0
1252.0
1053.0
1127.0
1093.0
848.0
693.0
429.0
631.0
507.0
369.0
456.0
436.0
517.0
514.0
530.0
555.0
782.0
902.0
880.0
906.0
612.0
658.0
819.0
879.0
854.0
1114.0
1120.0
797.0
665.0
976.0
716.0
493.0
845.0
551.0
489.0
584.0
466.0
504.0
472.0
499.0
486.0
506.0
476.0
482.0
510.0
453.0
485.0
505.0
510.0
502.0
516.0
494.0
496.0
523.0
526.0
498.0
522.0
624.0
572.0
509.0
527.0
448.0
500.0
473.0
489.0
505.0
518.0
574.0
538.0
561.0
673.0
532.0
526.0
550.0
464.0
507.0
587.0
550.0
568.0
587.0
462.0
571.0
487.0
466.0
465.0
624.0
753.0
578.0
595.0
877.0
974.0
1078.0
1166.0
1029.0
1130.0
1149.0
1043.0
1531.0
1368.0
991.0
951.0
481.0
456.0
376.0
423.0
447.0
460.0
432.0
449.0
438.0
511.0
1068.0
1270.0
1024.0
749.0
1008.0
1247.0
986.0
1189.0
1014.0
1049.0
1255.0
1185.0
1023.0
1190.0
817.0
570.0
551.0
473.0
480.0
437.0
488.0
359.0
387.0
501.0
977.0
744.0
421.0
625.0
693.0
994.0
956.0
876.0
1104.0
1079.0
1145.0
1214.0
976.0
1144.0
1180.0
693.0
414.0
452.0
361.0
379.0
298.0
397.0
433.0
504.0
576.0
521.0
512.0
763.0
570.0
524.0
582.0
758.0
874.0
813.0
850.0
903.0
782.0
612.0
562.0
484.0
450.0
440.0
468.0
484.0
474.0
538.0
509.0
524.0
494.0
554.0
720.0
812.0
944.0
846.0
769.0
830.0
1010.0
1013.0
891.0
885.0
772.0
657.0
499.0
413.0
432.0
465.0
458.0
656.0
558.0
539.0
559.0
549.0
546.0
465.0
506.0
468.0
440.0
499.0
469.0
460.0
542.0
546.0
563.0
544.0
467.0
442.0
470.0
440.0
455.0
474.0
525.0
539.0
449.0
471.0
511.0
562.0
489.0
465.0
469.0
446.0
437.0
445.0
441.0
421.0
403.0
419.0
419.0
412.0
428.0
384.0
361.0
376.0
363.0
386.0
411.0
463.0
432.0
412.0
441.0
449.0
497.0
591.0
741.0
1080.0
753.0
974.0
1146.0
1046.0
1161.0
1252.0
1358.0
1331.0
1190.0
814.0
628.0
508.0
376.0
536.0
524.0
507.0
618.0
522.0
507.0
586.0
509.0
1004.0
1174.0
633.0
590.0
1128.0
1130.0
1292.0
1316.0
1093.0
1092.0
1174.0
786.0
581.0
897.0
532.0
424.0
586.0
562.0
569.0
496.0
519.0
524.0
507.0
443.0
428.0
901.0
1356.0
639.0
985.0
818.0
924.0
1132.0
1070.0
1294.0
1052.0
603.0
772.0
630.0
414.0
423.0
428.0
457.0
455.0
434.0
475.0
466.0
536.0
1025.0
664.0
1045.0
1444.0
1236.0
1192.0
1317.0
736.0
629.0
956.0
1083.0
1052.0
1206.0
1231.0
1108.0
610.0
517.0
598.0
511.0
464.0
458.0
465.0
484.0
555.0
491.0
865.0
1204.0
597.0
1159.0
1088.0
902.0
1186.0
1029.0
1127.0
1283.0
1611.0
1264.0
1137.0
694.0
526.0
506.0
663.0
564.0
584.0
567.0
463.0
471.0
460.0
452.0
460.0
411.0
405.0
422.0
404.0
443.0
438.0
489.0
487.0
424.0
448.0
467.0
463.0
440.0
450.0
491.0
590.0
535.0
514.0
526.0
530.0
532.0
541.0
486.0
502.0
520.0
557.0
479.0
489.0
470.0
414.0
455.0
440.0
448.0
474.0
472.0
437.0
440.0
438.0
487.0
439.0
439.0
463.0
444.0
434.0
440.0
474.0
681.0
549.0
862.0
661.0
914.0
1152.0
1106.0
1083.0
1237.0
1423.0
1215.0
1313.0
1062.0
1279.0
776.0
691.0
539.0
471.0
528.0
532.0
527.0
524.0
454.0
585.0
512.0
1065.0
1360.0
1067.0
713.0
1280.0
1046.0
1135.0
1473.0
1162.0
1135.0
1280.0
1180.0
1333.0
1181.0
663.0
593.0
561.0
507.0
489.0
700.0
530.0
556.0
580.0
532.0
1099.0
986.0
1065.0
845.0
1175.0
1153.0
1125.0
1338.0
1347.0
1316.0
1304.0
1171.0
1166.0
1268.0
695.0
555.0
556.0
641.0
594.0
669.0
693.0
655.0
999.0
666.0
866.0
687.0
1193.0
1217.0
1177.0
1151.0
1195.0
1016.0
1294.0
1288.0
1315.0
1225.0
1236.0
1053.0
668.0
556.0
508.0
450.0
479.0
497.0
524.0
486.0
514.0
601.0
994.0
1249.0
1117.0
956.0
1292.0
1366.0
1168.0
1133.0
782.0
1151.0
1170.0
1154.0
1196.0
1335.0
683.0
576.0
529.0
499.0
491.0
519.0
505.0
515.0
563.0
542.0
506.0
523.0
514.0
494.0
546.0
486.0
485.0
468.0
506.0
519.0
489.0
522.0
547.0
548.0
576.0
555.0
554.0
548.0
492.0
493.0
489.0
482.0
477.0
531.0
505.0
438.0
413.0
466.0
476.0
433.0
424.0
411.0
411.0
462.0
446.0
429.0
434.0
419.0
424.0
423.0
491.0
455.0
748.0
539.0
533.0
492.0
472.0
525.0
489.0
514.0
915.0
1057.0
1122.0
1229.0
1059.0
1182.0
1034.0
974.0
1210.0
1222.0
1188.0
1062.0
742.0
652.0
615.0
512.0
582.0
574.0
545.0
485.0
511.0
535.0
745.0
1259.0
1119.0
701.0
1067.0
924.0
1302.0
1189.0
1154.0
747.0
1297.0
1200.0
1232.0
1208.0
1232.0
837.0
746.0
515.0
451.0
405.0
444.0
381.0
391.0
954.0
621.0
1247.0
729.0
1151.0
1137.0
1489.0
1321.0
1182.0
1346.0
836.0
1184.0
1372.0
1213.0
1003.0
1063.0
632.0
556.0
573.0
513.0
500.0
612.0
493.0
478.0
531.0
1065.0
1166.0
702.0
832.0
1046.0
696.0
1178.0
889.0
1200.0
811.0
1333.0
1185.0
1029.0
1273.0
1256.0
651.0
840.0
576.0
510.0
526.0
528.0
422.0
482.0
518.0
465.0
462.0
640.0
489.0
535.0
552.0
467.0
492.0
469.0
462.0
500.0
435.0
443.0
430.0
470.0
464.0
465.0
513.0
524.0
523.0
514.0
512.0
487.0
515.0
506.0
466.0
475.0
451.0
432.0
452.0
464.0
480.0
473.0
476.0
485.0
471.0
472.0
442.0
489.0
430.0
548.0
516.0
502.0
454.0
455.0
439.0
397.0
443.0
428.0
430.0
419.0
420.0
413.0
516.0
455.0
450.0
491.0
435.0
401.0
429.0
396.0
413.0
426.0
458.0
518.0
511.0
428.0
460.0
403.0
429.0
436.0
564.0
869.0
850.0
1147.0
1270.0
893.0
912.0
1202.0
1010.0
1295.0
779.0
855.0
1233.0
1249.0
1179.0
1269.0
646.0
624.0
583.0
545.0
601.0
469.0
432.0
499.0
587.0
588.0
829.0
1041.0
1115.0
1203.0
1362.0
786.0
687.0
670.0
1225.0
1269.0
1201.0
1218.0
1099.0
1230.0
880.0
663.0
541.0
525.0
481.0
530.0
481.0
513.0
623.0
511.0
589.0
1086.0
1548.0
1431.0
1235.0
1426.0
1105.0
1427.0
1410.0
1520.0
1344.0
1080.0
1433.0
805.0
921.0
766.0
662.0
605.0
695.0
601.0
691.0
497.0
514.0
560.0
518.0
1043.0
1152.0
1238.0
1221.0
1294.0
1289.0
1499.0
1419.0
1415.0
1451.0
824.0
1008.0
1257.0
1182.0
682.0
631.0
534.0
519.0
539.0
533.0
483.0
910.0
622.0
633.0
585.0
1032.0
1117.0
1201.0
1045.0
1153.0
1152.0
1232.0
1132.0
1208.0
960.0
1096.0
832.0
592.0
536.0
513.0
474.0
537.0
509.0
512.0
535.0
571.0
512.0
570.0
520.0
553.0
580.0
526.0
535.0
516.0
593.0
786.0
773.0
582.0
556.0
590.0
592.0
545.0
540.0
527.0
477.0
463.0
461.0
432.0
449.0
417.0
405.0
388.0
491.0
512.0
575.0
570.0
524.0
467.0
671.0
428.0
454.0
435.0
419.0
435.0
595.0
529.0
438.0
431.0
397.0
429.0
397.0
387.0
472.0
506.0
979.0
1146.0
689.0
916.0
946.0
1015.0
1085.0
1195.0
1187.0
1178.0
1329.0
1217.0
1129.0
1134.0
1006.0
649.0
587.0
620.0
517.0
568.0
473.0
490.0
519.0
1127.0
539.0
628.0
828.0
1123.0
1043.0
1206.0
1193.0
1314.0
1279.0
1352.0
1132.0
1237.0
1078.0
1013.0
1141.0
747.0
570.0
553.0
543.0
512.0
486.0
445.0
447.0
520.0
591.0
1768.0
1316.0
1875.0
2132.0
2337.0
1740.0
1851.0
1642.0
1650.0
1265.0
1116.0
899.0
784.0
813.0
561.0
487.0
536.0
457.0
536.0
524.0
489.0
448.0
455.0
430.0
484.0
512.0
500.0
512.0
534.0
522.0
498.0
510.0
527.0
506.0
471.0
492.0
604.0
663.0
567.0
533.0
532.0
519.0
487.0
514.0
478.0
485.0
587.0
605.0
523.0
649.0
636.0
1059.0
1442.0
1359.0
1029.0
1399.0
1304.0
950.0
884.0
860.0
588.0
707.0
500.0
417.0
497.0
456.0
460.0
563.0
495.0
510.0
544.0
525.0
451.0
438.0
472.0
476.0
495.0
482.0
503.0
479.0
474.0
451.0
503.0
441.0
448.0
467.0
472.0
419.0
458.0
437.0
467.0
508.0
435.0
457.0
464.0
427.0
417.0
466.0
426.0
371.0
471.0
415.0
427.0
463.0
438.0
404.0
421.0
400.0
503.0
487.0
432.0
624.0
505.0
631.0
497.0
523.0
491.0
490.0
563.0
505.0
898.0
1503.0
1107.0
1857.0
1512.0
1797.0
1610.0
1748.0
1163.0
1041.0
921.0
827.0
774.0
650.0
662.0
553.0
563.0
558.0
580.0
521.0
486.0
530.0
555.0
1368.0
1275.0
730.0
1372.0
1100.0
1514.0
819.0
1988.0
1273.0
2025.0
1177.0
1247.0
631.0
892.0
870.0
636.0
547.0
529.0
424.0
408.0
441.0
409.0
422.0
458.0
665.0
731.0
1254.0
3041.0
3054.0
5378.0
3031.0
4713.0
2736.0
4191.0
3810.0
4584.0
3680.0
1869.0
3861.0
394.0
1997.0
1
354.0
312.0
457.0
522.0
559.0
726.0
765.0
3675.0
2710.0
5498.0
3021.0
4107.0
4020.0
3636.0
3916.0
4776.0
4486.0
4221.0
4490.0
4654.0
4202.0
1086.0
1380.0
1
835.0
278.0
579.0
600.0
684.0
1231.0
3495.0
3088.0
1880.0
3712.0
4237.0
3693.0
3824.0
4637.0
4441.0
4865.0
5425.0
4464.0
4605.0
5152.0
4411.0
983.0
1132.0
478.0
347.0
1
313.0
457.0
581.0
615.0
593.0
525.0
543.0
567.0
575.0
529.0
569.0
540.0
480.0
548.0
479.0
591.0
557.0
506.0
549.0
535.0
434.0
510.0
524.0
483.0
530.0
470.0
468.0
543.0
428.0
399.0
447.0
494.0
385.0
477.0
487.0
518.0
539.0
483.0
543.0
759.0
406.0
417.0
537.0
420.0
444.0
541.0
482.0
505.0
739.0
595.0
524.0
3201.0
3564.0
4578.0
4060.0
4635.0
1682.0
3643.0
4598.0
5652.0
5305.0
6207.0
6572.0
5882.0
6704.0
2145.0
2815.0
1118.0
863.0
306.0
871.0
558.0
677.0
686.0
682.0
1129.0
1121.0
5215.0
2814.0
5409.0
4351.0
2941.0
5159.0
4620.0
4598.0
4723.0
5872.0
5625.0
3226.0
5878.0
3727.0
771.0
1471.0
243.0
262.0
238.0
689.0
590.0
612.0
879.0
737.0
1917.0
1834.0
3950.0
5971.0
6104.0
5393.0
6421.0
6244.0
6473.0
6917.0
7085.0
5922.0
6820.0
1987.0
1538.0
1
151.0
1
456.0
765.0
682.0
606.0
717.0
710.0
5398.0
4794.0
2293.0
3018.0
1827.0
1012.0
991.0
1547.0
1811.0
1906.0
1866.0
1953.0
1644.0
867.0
691.0
636.0
399.0
400.0
538.0
544.0
565.0
649.0
692.0
704.0
1650.0
1491.0
1357.0
1810.0
2001.0
1753.0
1979.0
2084.0
2284.0
1838.0
1954.0
1730.0
1625.0
1507.0
642.0
692.0
602.0
447.0
465.0
634.0
569.0
606.0
639.0
689.0
625.0
638.0
646.0
646.0
659.0
649.0
662.0
664.0
712.0
668.0
660.0
685.0
628.0
671.0
579.0
589.0
613.0
740.0
648.0
673.0
747.0
601.0
622.0
637.0
541.0
641.0
598.0
550.0
599.0
669.0
605.0
604.0
604.0
522.0
637.0
529.0
568.0
614.0
499.0
774.0
655.0
653.0
637.0
716.0
533.0
631.0
728.0
547.0
961.0
957.0
1377.0
1950.0
1480.0
1806.0
2129.0
940.0
1455.0
1292.0
913.0
1083.0
1091.0
1090.0
741.0
693.0
641.0
588.0
542.0
679.0
646.0
718.0
725.0
726.0
704.0
965.0
1259.0
1218.0
1130.0
1326.0
1209.0
1149.0
1447.0
1264.0
1160.0
1372.0
992.0
933.0
797.0
736.0
699.0
683.0
736.0
713.0
612.0
672.0
664.0
695.0
685.0
941.0
1136.0
1081.0
1135.0
1123.0
1207.0
1030.0
1379.0
1212.0
1264.0
1140.0
1080.0
1212.0
603.0
700.0
705.0
615.0
554.0
865.0
678.0
763.0
730.0
691.0
889.0
1010.0
1110.0
1468.0
1396.0
1362.0
1228.0
1163.0
1320.0
1112.0
1186.0
1200.0
1119.0
1196.0
675.0
735.0
677.0
573.0
554.0
706.0
587.0
674.0
714.0
665.0
785.0
1182.0
902.0
1266.0
1311.0
1197.0
1095.0
1288.0
1181.0
1266.0
1607.0
1654.0
1657.0
1554.0
1288.0
1111.0
701.0
627.0
505.0
534.0
608.0
695.0
680.0
633.0
688.0
655.0
1032.0
765.0
726.0
806.0
733.0
597.0
623.0
657.0
626.0
642.0
660.0
715.0
701.0
665.0
713.0
757.0
729.0
663.0
639.0
631.0
752.0
587.0
664.0
728.0
645.0
671.0
714.0
685.0
612.0
663.0
609.0
633.0
598.0
681.0
668.0
698.0
628.0
638.0
689.0
725.0
707.0
728.0
666.0
740.0
736.0
739.0
788.0
818.0
983.0
1172.0
1051.0
1152.0
1310.0
1299.0
1565.0
1298.0
1448.0
1119.0
1205.0
1220.0
680.0
679.0
655.0
665.0
521.0
734.0
643.0
631.0
760.0
605.0
1132.0
728.0
1125.0
1053.0
932.0
793.0
836.0
971.0
1069.0
1078.0
1062.0
994.0
1182.0
960.0
782.0
831.0
725.0
795.0
731.0
703.0
674.0
702.0
827.0
727.0
741.0
801.0
900.0
928.0
939.0
924.0
1113.0
952.0
1047.0
1063.0
913.0
885.0
778.0
768.0
652.0
640.0
645.0
583.0
619.0
656.0
696.0
662.0
714.0
887.0
749.0
913.0
752.0
1029.0
862.0
963.0
938.0
1019.0
1268.0
1355.0
1272.0
1004.0
1119.0
725.0
584.0
558.0
575.0
608.0
572.0
593.0
1214.0
580.0
835.0
921.0
681.0
1075.0
1097.0
1001.0
1160.0
971.0
1116.0
1088.0
938.0
1149.0
923.0
692.0
885.0
833.0
693.0
594.0
882.0
656.0
746.0
904.0
730.0
765.0
851.0
689.0
711.0
832.0
658.0
598.0
799.0
594.0
703.0
761.0
624.0
646.0
610.0
754.0
559.0
669.0
599.0
552.0
569.0
678.0
623.0
672.0
636.0
571.0
663.0
627.0
531.0
661.0
587.0
530.0
631.0
613.0
567.0
508.0
630.0
597.0
472.0
803.0
507.0
817.0
576.0
648.0
619.0
820.0
521.0
804.0
892.0
636.0
651.0
820.0
717.0
647.0
545.0
545.0
572.0
790.0
586.0
618.0
609.0
513.0
521.0
638.0
603.0
587.0
548.0
571.0
655.0
537.0
795.0
664.0
897.0
516.0
854.0
686.0
908.0
804.0
918.0
1039.0
755.0
985.0
840.0
1071.0
1059.0
1119.0
838.0
998.0
920.0
845.0
655.0
578.0
867.0
639.0
686.0
606.0
525.0
451.0
525.0
691.0
602.0
686.0
678.0
743.0
773.0
817.0
854.0
768.0
829.0
784.0
834.0
721.0
776.0
880.0
797.0
506.0
681.0
792.0
531.0
579.0
600.0
800.0
502.0
594.0
627.0
750.0
591.0
669.0
726.0
785.0
741.0
837.0
872.0
879.0
848.0
897.0
718.0
704.0
680.0
487.0
551.0
630.0
525.0
613.0
634.0
693.0
702.0
783.0
808.0
801.0
821.0
659.0
788.0
759.0
784.0
905.0
1012.0
1006.0
863.0
875.0
684.0
736.0
556.0
642.0
659.0
591.0
675.0
655.0
710.0
626.0
706.0
604.0
528.0
613.0
655.0
534.0
733.0
585.0
634.0
493.0
574.0
531.0
