487.0
484.0
502.0
492.0
479.0
495.0
480.0
482.0
539.0
559.0
581.0
604.0
706.0
742.0
742.0
736.0
802.0
765.0
750.0
781.0
692.0
588.0
541.0
533.0
526.0
547.0
580.0
554.0
540.0
517.0
506.0
522.0
501.0
495.0
509.0
507.0
491.0
501.0
498.0
497.0
493.0
485.0
483.0
496.0
505.0
525.0
514.0
548.0
810.0
826.0
667.0
518.0
474.0
499.0
518.0
475.0
461.0
481.0
472.0
477.0
487.0
474.0
481.0
473.0
490.0
485.0
469.0
460.0
473.0
488.0
465.0
465.0
463.0
454.0
560.0
494.0
461.0
476.0
471.0
461.0
453.0
465.0
469.0
492.0
495.0
490.0
493.0
463.0
615.0
545.0
471.0
544.0
561.0
501.0
513.0
505.0
501.0
560.0
531.0
494.0
489.0
687.0
539.0
521.0
756.0
752.0
775.0
771.0
767.0
773.0
762.0
765.0
762.0
763.0
760.0
761.0
662.0
606.0
585.0
522.0
529.0
526.0
582.0
536.0
514.0
561.0
541.0
733.0
614.0
696.0
746.0
699.0
756.0
753.0
748.0
749.0
735.0
743.0
744.0
735.0
731.0
647.0
493.0
565.0
496.0
508.0
509.0
528.0
518.0
518.0
500.0
500.0
509.0
746.0
796.0
728.0
645.0
790.0
834.0
845.0
843.0
857.0
858.0
831.0
704.0
511.0
693.0
540.0
465.0
489.0
477.0
550.0
518.0
557.0
523.0
790.0
793.0
823.0
789.0
660.0
654.0
791.0
821.0
856.0
879.0
881.0
813.0
758.0
886.0
739.0
675.0
826.0
692.0
596.0
546.0
541.0
513.0
508.0
517.0
512.0
525.0
484.0
501.0
496.0
490.0
487.0
514.0
515.0
523.0
523.0
517.0
514.0
541.0
544.0
528.0
534.0
671.0
594.0
562.0
512.0
500.0
514.0
509.0
516.0
532.0
544.0
601.0
558.0
620.0
688.0
575.0
571.0
533.0
518.0
518.0
668.0
563.0
664.0
557.0
551.0
550.0
539.0
494.0
500.0
679.0
810.0
650.0
651.0
861.0
898.0
911.0
915.0
901.0
904.0
902.0
904.0
914.0
909.0
896.0
810.0
708.0
580.0
534.0
521.0
520.0
510.0
491.0
494.0
480.0
542.0
884.0
903.0
900.0
773.0
894.0
897.0
897.0
901.0
896.0
892.0
910.0
901.0
893.0
901.0
821.0
676.0
556.0
586.0
525.0
489.0
485.0
468.0
470.0
520.0
867.0
652.0
562.0
530.0
772.0
866.0
879.0
858.0
888.0
875.0
894.0
883.0
881.0
885.0
887.0
710.0
621.0
518.0
470.0
454.0
450.0
456.0
465.0
507.0
561.0
486.0
513.0
747.0
538.0
557.0
513.0
801.0
847.0
867.0
871.0
892.0
823.0
715.0
612.0
518.0
502.0
492.0
511.0
502.0
491.0
539.0
493.0
526.0
471.0
564.0
733.0
829.0
902.0
849.0
810.0
841.0
922.0
919.0
908.0
907.0
875.0
796.0
575.0
496.0
470.0
492.0
489.0
724.0
546.0
584.0
515.0
576.0
526.0
485.0
488.0
482.0
466.0
502.0
484.0
475.0
520.0
535.0
575.0
540.0
487.0
459.0
489.0
462.0
485.0
491.0
521.0
531.0
479.0
484.0
506.0
558.0
501.0
500.0
487.0
465.0
457.0
467.0
470.0
458.0
450.0
453.0
459.0
456.0
461.0
436.0
432.0
439.0
438.0
455.0
467.0
481.0
464.0
454.0
473.0
476.0
530.0
622.0
831.0
950.0
803.0
944.0
944.0
945.0
955.0
956.0
960.0
957.0
951.0
834.0
692.0
561.0
477.0
637.0
583.0
531.0
612.0
485.0
481.0
549.0
504.0
935.0
954.0
637.0
642.0
944.0
949.0
954.0
951.0
945.0
937.0
948.0
810.0
702.0
902.0
602.0
524.0
543.0
593.0
545.0
484.0
483.0
516.0
507.0
464.0
461.0
909.0
947.0
693.0
940.0
672.0
932.0
941.0
940.0
942.0
935.0
585.0
804.0
618.0
481.0
474.0
489.0
493.0
482.0
478.0
490.0
469.0
539.0
925.0
707.0
934.0
946.0
943.0
938.0
942.0
793.0
718.0
917.0
934.0
935.0
940.0
938.0
935.0
621.0
533.0
594.0
550.0
505.0
486.0
482.0
492.0
571.0
495.0
882.0
934.0
628.0
933.0
926.0
918.0
930.0
927.0
933.0
936.0
940.0
942.0
939.0
645.0
560.0
488.0
781.0
590.0
699.0
564.0
484.0
467.0
478.0
467.0
478.0
441.0
441.0
440.0
436.0
459.0
456.0
499.0
491.0
447.0
459.0
473.0
480.0
460.0
470.0
497.0
616.0
544.0
517.0
524.0
541.0
531.0
548.0
495.0
514.0
525.0
581.0
484.0
503.0
475.0
455.0
471.0
461.0
476.0
491.0
484.0
457.0
463.0
462.0
504.0
463.0
465.0
482.0
475.0
465.0
464.0
499.0
751.0
567.0
904.0
710.0
925.0
952.0
952.0
943.0
954.0
957.0
950.0
956.0
942.0
956.0
827.0
790.0
593.0
543.0
580.0
584.0
566.0
542.0
504.0
602.0
530.0
946.0
960.0
951.0
741.0
962.0
957.0
966.0
972.0
969.0
964.0
965.0
969.0
971.0
967.0
747.0
601.0
586.0
585.0
566.0
772.0
593.0
563.0
580.0
541.0
952.0
939.0
958.0
894.0
965.0
961.0
963.0
968.0
971.0
979.0
984.0
976.0
977.0
976.0
796.0
586.0
551.0
734.0
691.0
737.0
764.0
729.0
953.0
750.0
905.0
727.0
974.0
972.0
974.0
970.0
974.0
955.0
977.0
975.0
973.0
972.0
971.0
960.0
753.0
607.0
556.0
523.0
541.0
547.0
545.0
500.0
519.0
604.0
945.0
973.0
964.0
927.0
969.0
973.0
970.0
963.0
871.0
967.0
970.0
968.0
966.0
976.0
769.0
607.0
550.0
586.0
552.0
569.0
558.0
524.0
563.0
550.0
512.0
519.0
517.0
492.0
529.0
488.0
492.0
470.0
514.0
525.0
498.0
516.0
549.0
548.0
582.0
572.0
568.0
553.0
506.0
502.0
495.0
497.0
495.0
538.0
518.0
468.0
449.0
477.0
496.0
466.0
456.0
453.0
450.0
473.0
467.0
461.0
465.0
455.0
456.0
457.0
499.0
480.0
796.0
599.0
533.0
501.0
481.0
527.0
501.0
530.0
933.0
983.0
990.0
996.0
982.0
988.0
979.0
969.0
990.0
992.0
989.0
981.0
808.0
694.0
656.0
581.0
621.0
613.0
589.0
509.0
508.0
543.0
812.0
996.0
991.0
772.0
981.0
962.0
1007.0
1004.0
1003.0
860.0
1006.0
1005.0
1007.0
1007.0
1009.0
926.0
818.0
567.0
496.0
469.0
497.0
466.0
465.0
933.0
740.0
999.0
841.0
988.0
1007.0
1010.0
1012.0
1000.0
1016.0
923.0
1011.0
1023.0
1019.0
992.0
1006.0
774.0
595.0
635.0
597.0
550.0
646.0
532.0
495.0
529.0
987.0
1011.0
781.0
866.0
992.0
807.0
1010.0
980.0
1015.0
926.0
1020.0
1025.0
994.0
1025.0
1021.0
795.0
860.0
681.0
572.0
581.0
566.0
503.0
491.0
535.0
504.0
478.0
614.0
527.0
516.0
533.0
489.0
510.0
506.0
497.0
523.0
483.0
482.0
471.0
488.0
491.0
488.0
515.0
525.0
531.0
510.0
517.0
503.0
511.0
512.0
486.0
492.0
479.0
477.0
480.0
490.0
507.0
496.0
490.0
490.0
489.0
490.0
477.0
507.0
489.0
543.0
541.0
511.0
479.0
474.0
477.0
459.0
483.0
475.0
467.0
459.0
455.0
458.0
519.0
490.0
464.0
496.0
479.0
457.0
456.0
451.0
461.0
469.0
490.0
536.0
525.0
465.0
470.0
458.0
478.0
473.0
572.0
928.0
958.0
1013.0
1021.0
945.0
918.0
1017.0
1016.0
1026.0
900.0
903.0
1020.0
1024.0
1021.0
1022.0
766.0
614.0
581.0
588.0
663.0
545.0
497.0
508.0
609.0
605.0
876.0
1003.0
1019.0
1019.0
1029.0
876.0
699.0
667.0
1021.0
1026.0
1028.0
1027.0
1019.0
1023.0
947.0
688.0
561.0
549.0
523.0
558.0
538.0
538.0
644.0
539.0
581.0
991.0
1025.0
1027.0
1024.0
1029.0
1020.0
1031.0
1032.0
1033.0
1035.0
1016.0
1035.0
949.0
953.0
896.0
767.0
640.0
712.0
651.0
726.0
542.0
518.0
560.0
536.0
975.0
1027.0
1030.0
1030.0
1037.0
1029.0
1032.0
1035.0
1033.0
1037.0
938.0
991.0
1031.0
1025.0
777.0
668.0
568.0
544.0
529.0
553.0
539.0
923.0
741.0
616.0
555.0
965.0
1021.0
1029.0
1017.0
1021.0
1026.0
1029.0
1023.0
1027.0
998.0
1015.0
949.0
634.0
538.0
538.0
513.0
554.0
548.0
535.0
551.0
582.0
534.0
548.0
529.0
552.0
592.0
545.0
539.0
533.0
591.0
822.0
880.0
635.0
553.0
581.0
591.0
556.0
560.0
543.0
494.0
487.0
487.0
470.0
477.0
470.0
462.0
459.0
502.0
531.0
591.0
588.0
535.0
480.0
660.0
502.0
473.0
472.0
467.0
472.0
591.0
569.0
481.0
461.0
456.0
466.0
455.0
450.0
486.0
519.0
956.0
1017.0
835.0
935.0
980.0
1003.0
1013.0
1021.0
1021.0
1018.0
1027.0
1022.0
1013.0
1018.0
1003.0
768.0
583.0
642.0
561.0
590.0
546.0
526.0
513.0
991.0
686.0
590.0
878.0
1013.0
1014.0
1020.0
1025.0
1025.0
1023.0
1026.0
1022.0
1025.0
1017.0
1004.0
1023.0
901.0
613.0
552.0
558.0
563.0
521.0
490.0
484.0
517.0
609.0
1027.0
1026.0
1034.0
1037.0
1033.0
1031.0
1032.0
1033.0
1034.0
1028.0
1016.0
987.0
911.0
943.0
688.0
615.0
621.0
521.0
506.0
509.0
495.0
479.0
477.0
472.0
499.0
506.0
513.0
517.0
537.0
525.0
506.0
507.0
537.0
525.0
503.0
498.0
595.0
708.0
584.0
535.0
520.0
514.0
508.0
524.0
516.0
507.0
587.0
612.0
546.0
648.0
657.0
1007.0
1045.0
1045.0
1015.0
1046.0
1045.0
999.0
951.0
949.0
720.0
779.0
567.0
488.0
508.0
491.0
501.0
557.0
531.0
521.0
546.0
531.0
484.0
473.0
493.0
499.0
512.0
499.0
511.0
498.0
492.0
482.0
509.0
490.0
480.0
490.0
489.0
474.0
487.0
478.0
492.0
517.0
477.0
480.0
486.0
475.0
466.0
491.0
480.0
460.0
487.0
473.0
476.0
494.0
483.0
469.0
470.0
463.0
509.0
514.0
479.0
609.0
545.0
636.0
523.0
512.0
515.0
499.0
571.0
525.0
928.0
1055.0
1045.0
1058.0
1059.0
1057.0
1054.0
1059.0
1046.0
1021.0
1019.0
993.0
961.0
799.0
752.0
589.0
561.0
552.0
584.0
548.0
503.0
538.0
572.0
1048.0
1051.0
773.0
1047.0
1045.0
1051.0
943.0
1053.0
1055.0
1052.0
1042.0
1031.0
833.0
933.0
1019.0
787.0
632.0
551.0
498.0
478.0
490.0
476.0
475.0
487.0
673.0
790.0
1042.0
1054.0
1052.0
1052.0
1048.0
1049.0
1056.0
1052.0
1051.0
1054.0
1056.0
1054.0
1049.0
993.0
693.0
617.0
559.0
548.0
552.0
541.0
573.0
737.0
804.0
1056.0
1054.0
1058.0
1056.0
1060.0
1060.0
1055.0
1052.0
1049.0
1057.0
1052.0
1056.0
1055.0
1058.0
1020.0
834.0
770.0
742.0
671.0
652.0
648.0
731.0
1045.0
1060.0
1056.0
1056.0
1060.0
1060.0
1061.0
1061.0
1062.0
1059.0
1058.0
1057.0
1056.0
1055.0
1053.0
1062.0
1017.0
743.0
586.0
549.0
552.0
581.0
534.0
551.0
550.0
578.0
518.0
537.0
518.0
551.0
520.0
548.0
519.0
497.0
506.0
496.0
557.0
513.0
510.0
513.0
508.0
475.0
515.0
503.0
516.0
515.0
481.0
481.0
508.0
478.0
463.0
461.0
490.0
472.0
481.0
477.0
508.0
509.0
488.0
524.0
721.0
490.0
482.0
475.0
462.0
480.0
503.0
500.0
520.0
711.0
596.0
547.0
1080.0
1085.0
1088.0
1083.0
1084.0
1077.0
1086.0
1089.0
1084.0
1081.0
1089.0
1081.0
1093.0
1082.0
1082.0
1082.0
1004.0
785.0
706.0
716.0
726.0
687.0
626.0
572.0
1005.0
1042.0
1094.0
1084.0
1073.0
1086.0
1080.0
1084.0
1080.0
1077.0
1079.0
1084.0
1085.0
1079.0
1084.0
1081.0
1023.0
803.0
730.0
573.0
559.0
563.0
528.0
558.0
824.0
636.0
1073.0
1076.0
1080.0
1087.0
1078.0
1081.0
1083.0
1082.0
1080.0
1080.0
1087.0
1080.0
1084.0
1075.0
854.0
668.0
700.0
628.0
704.0
634.0
584.0
569.0
632.0
685.0
1077.0
1084.0
1075.0
1077.0
1077.0
1070.0
1074.0
1076.0
1078.0
1076.0
1073.0
1079.0
1076.0
966.0
741.0
722.0
613.0
557.0
543.0
527.0
516.0
548.0
614.0
660.0
1084.0
1083.0
1078.0
1086.0
1087.0
1091.0
1087.0
1087.0
1089.0
1085.0
1087.0
1089.0
1088.0
1088.0
811.0
632.0
629.0
563.0
532.0
580.0
540.0
539.0
553.0
577.0
550.0
529.0
547.0
565.0
556.0
575.0
576.0
593.0
651.0
599.0
571.0
594.0
533.0
576.0
515.0
529.0
553.0
668.0
571.0
586.0
643.0
565.0
564.0
523.0
503.0
570.0
531.0
503.0
540.0
562.0
543.0
543.0
534.0
513.0
550.0
519.0
495.0
524.0
505.0
715.0
629.0
568.0
547.0
633.0
537.0
561.0
639.0
550.0
941.0
963.0
1187.0
1375.0
1242.0
1312.0
1451.0
1048.0
1206.0
1177.0
1108.0
1194.0
1100.0
1141.0
792.0
680.0
655.0
636.0
641.0
632.0
626.0
675.0
706.0
702.0
657.0
916.0
1175.0
1194.0
1098.0
1199.0
1180.0
1192.0
1338.0
1250.0
1168.0
1284.0
1076.0
1005.0
794.0
811.0
769.0
731.0
750.0
722.0
658.0
657.0
660.0
667.0
665.0
925.0
1152.0
1097.0
1085.0
1051.0
1202.0
1132.0
1337.0
1244.0
1278.0
1161.0
1108.0
1249.0
789.0
714.0
675.0
667.0
656.0
854.0
732.0
748.0
706.0
686.0
915.0
1022.0
1127.0
1334.0
1324.0
1291.0
1201.0
1170.0
1318.0
1208.0
1208.0
1182.0
1191.0
1244.0
792.0
698.0
705.0
678.0
630.0
684.0
596.0
667.0
686.0
654.0
771.0
1159.0
988.0
1165.0
1239.0
1196.0
1138.0
1247.0
1243.0
1309.0
1466.0
1472.0
1487.0
1411.0
1270.0
1162.0
819.0
714.0
642.0
679.0
670.0
696.0
689.0
675.0
695.0
639.0
1027.0
833.0
727.0
722.0
745.0
649.0
658.0
635.0
628.0
644.0
633.0
698.0
707.0
672.0
674.0
746.0
748.0
692.0
640.0
633.0
781.0
623.0
644.0
719.0
672.0
682.0
680.0
693.0
647.0
640.0
611.0
648.0
639.0
680.0
664.0
715.0
654.0
623.0
708.0
775.0
758.0
745.0
667.0
770.0
775.0
772.0
809.0
889.0
1076.0
1289.0
1187.0
1248.0
1419.0
1466.0
1715.0
1434.0
1533.0
1255.0
1366.0
1486.0
919.0
681.0
686.0
734.0
683.0
764.0
696.0
652.0
803.0
684.0
1222.0
887.0
1188.0
1194.0
1017.0
866.0
911.0
1168.0
1309.0
1299.0
1198.0
1061.0
1319.0
1202.0
888.0
891.0
824.0
963.0
889.0
772.0
724.0
775.0
963.0
799.0
757.0
823.0
1020.0
1101.0
1060.0
988.0
1175.0
1137.0
1227.0
1197.0
1027.0
999.0
883.0
883.0
735.0
681.0
699.0
658.0
671.0
705.0
729.0
729.0
784.0
916.0
856.0
980.0
819.0
1046.0
1014.0
1065.0
1076.0
1151.0
1446.0
1542.0
1458.0
1109.0
1198.0
894.0
696.0
664.0
692.0
739.0
640.0
610.0
1317.0
838.0
814.0
957.0
792.0
1211.0
1205.0
1108.0
1305.0
1119.0
1272.0
1277.0
1126.0
1354.0
1097.0
810.0
956.0
1003.0
874.0
666.0
914.0
786.0
816.0
958.0
839.0
835.0
908.0
797.0
811.0
897.0
740.0
626.0
851.0
759.0
733.0
794.0
682.0
679.0
666.0
826.0
670.0
684.0
650.0
590.0
630.0
705.0
689.0
687.0
638.0
575.0
725.0
702.0
592.0
675.0
624.0
588.0
681.0
676.0
630.0
547.0
649.0
661.0
558.0
799.0
591.0
782.0
651.0
613.0
677.0
902.0
651.0
776.0
970.0
749.0
658.0
809.0
806.0
720.0
556.0
550.0
688.0
860.0
650.0
554.0
563.0
573.0
605.0
659.0
640.0
636.0
571.0
600.0
758.0
656.0
746.0
787.0
946.0
664.0
703.0
918.0
1064.0
891.0
963.0
1125.0
921.0
1056.0
983.0
1179.0
1264.0
1245.0
994.0
1059.0
1124.0
1014.0
777.0
640.0
973.0
867.0
653.0
654.0
570.0
547.0
611.0
771.0
680.0
735.0
760.0
834.0
845.0
875.0
929.0
854.0
920.0
855.0
898.0
802.0
810.0
997.0
901.0
598.0
701.0
872.0
661.0
660.0
585.0
825.0
656.0
581.0
683.0
779.0
726.0
682.0
765.0
898.0
874.0
915.0
991.0
999.0
995.0
989.0
818.0
794.0
827.0
619.0
609.0
726.0
638.0
669.0
681.0
747.0
786.0
839.0
887.0
862.0
894.0
734.0
837.0
885.0
887.0
1019.0
1140.0
1147.0
985.0
957.0
785.0
829.0
688.0
714.0
765.0
669.0
722.0
685.0
757.0
696.0
785.0
664.0
571.0
667.0
754.0
656.0
733.0
632.0
648.0
570.0
624.0
