628.0
638.0
592.0
508.0
1420.0
847.0
870.0
871.0
841.0
988.0
861.0
1
408.0
391.0
421.0
328.0
388.0
263.0
375.0
596.0
434.0
405.0
330.0
366.0
367.0
352.0
269.0
286.0
290.0
401.0
368.0
344.0
366.0
354.0
438.0
468.0
307.0
379.0
350.0
381.0
328.0
318.0
300.0
324.0
347.0
286.0
277.0
351.0
350.0
453.0
408.0
534.0
291.0
428.0
435.0
396.0
382.0
317.0
399.0
458.0
358.0
402.0
445.0
470.0
393.0
397.0
398.0
492.0
554.0
536.0
664.0
436.0
510.0
726.0
468.0
366.0
379.0
401.0
305.0
349.0
376.0
422.0
405.0
534.0
544.0
417.0
534.0
670.0
791.0
562.0
669.0
747.0
739.0
891.0
1146.0
420.0
465.0
674.0
421.0
433.0
393.0
430.0
408.0
402.0
401.0
397.0
424.0
402.0
412.0
485.0
752.0
1089.0
854.0
979.0
964.0
892.0
661.0
690.0
708.0
508.0
608.0
511.0
443.0
445.0
425.0
405.0
410.0
430.0
430.0
404.0
417.0
431.0
431.0
662.0
676.0
726.0
783.0
747.0
583.0
703.0
928.0
947.0
962.0
937.0
786.0
570.0
369.0
315.0
280.0
344.0
374.0
416.0
428.0
386.0
415.0
427.0
419.0
473.0
475.0
534.0
580.0
741.0
857.0
883.0
856.0
983.0
831.0
711.0
804.0
630.0
435.0
363.0
321.0
345.0
406.0
555.0
493.0
409.0
448.0
419.0
447.0
469.0
431.0
453.0
460.0
429.0
445.0
443.0
413.0
433.0
397.0
385.0
416.0
435.0
455.0
461.0
473.0
940.0
1080.0
739.0
406.0
395.0
261.0
400.0
442.0
307.0
354.0
409.0
370.0
414.0
386.0
418.0
400.0
411.0
430.0
405.0
389.0
394.0
423.0
396.0
371.0
398.0
369.0
479.0
491.0
352.0
420.0
411.0
388.0
374.0
406.0
399.0
408.0
441.0
418.0
419.0
383.0
526.0
528.0
369.0
500.0
486.0
430.0
469.0
474.0
423.0
503.0
487.0
434.0
432.0
631.0
530.0
405.0
858.0
866.0
945.0
1207.0
1158.0
1109.0
1092.0
1040.0
1028.0
1063.0
1100.0
1068.0
828.0
467.0
519.0
418.0
473.0
508.0
514.0
539.0
464.0
524.0
500.0
804.0
715.0
641.0
1042.0
736.0
1303.0
1369.0
1205.0
1161.0
908.0
1076.0
1068.0
1023.0
1014.0
632.0
401.0
406.0
485.0
453.0
522.0
464.0
479.0
461.0
481.0
439.0
493.0
760.0
1083.0
832.0
549.0
786.0
1183.0
1216.0
1191.0
978.0
1090.0
839.0
695.0
389.0
558.0
486.0
386.0
422.0
385.0
458.0
443.0
511.0
523.0
750.0
830.0
855.0
968.0
575.0
552.0
738.0
907.0
905.0
1134.0
1088.0
870.0
522.0
858.0
675.0
473.0
871.0
480.0
519.0
551.0
444.0
441.0
398.0
475.0
414.0
458.0
418.0
437.0
451.0
408.0
445.0
446.0
471.0
443.0
474.0
457.0
455.0
487.0
476.0
473.0
480.0
571.0
522.0
478.0
495.0
412.0
462.0
434.0
462.0
470.0
477.0
529.0
497.0
542.0
633.0
522.0
508.0
523.0
456.0
470.0
545.0
526.0
572.0
613.0
423.0
526.0
442.0
444.0
423.0
599.0
673.0
651.0
549.0
783.0
901.0
1167.0
1279.0
1129.0
1167.0
1144.0
1101.0
1573.0
1321.0
1116.0
868.0
561.0
386.0
357.0
454.0
438.0
429.0
394.0
393.0
389.0
468.0
1034.0
1244.0
1101.0
686.0
840.0
1097.0
1205.0
1330.0
1048.0
1059.0
1210.0
1245.0
1151.0
1181.0
778.0
488.0
372.0
460.0
415.0
430.0
449.0
293.0
320.0
431.0
909.0
717.0
450.0
557.0
658.0
972.0
1000.0
902.0
1073.0
1061.0
1238.0
1360.0
1044.0
1112.0
1126.0
769.0
244.0
443.0
410.0
357.0
305.0
352.0
373.0
439.0
498.0
442.0
501.0
696.0
537.0
469.0
540.0
683.0
913.0
892.0
862.0
843.0
777.0
607.0
523.0
413.0
391.0
396.0
421.0
435.0
428.0
487.0
441.0
473.0
435.0
506.0
644.0
771.0
917.0
846.0
733.0
793.0
977.0
1083.0
928.0
881.0
773.0
647.0
421.0
335.0
388.0
405.0
450.0
635.0
509.0
512.0
504.0
516.0
501.0
444.0
454.0
424.0
401.0
435.0
410.0
411.0
496.0
488.0
520.0
495.0
424.0
390.0
413.0
369.0
424.0
438.0
492.0
500.0
424.0
425.0
465.0
506.0
461.0
410.0
435.0
391.0
401.0
400.0
409.0
372.0
367.0
371.0
381.0
371.0
383.0
340.0
318.0
325.0
313.0
347.0
379.0
428.0
401.0
373.0
393.0
404.0
459.0
551.0
712.0
999.0
739.0
947.0
1124.0
1089.0
1214.0
1242.0
1322.0
1375.0
1230.0
764.0
483.0
454.0
314.0
537.0
509.0
466.0
549.0
450.0
442.0
508.0
481.0
941.0
1110.0
584.0
489.0
1042.0
1094.0
1442.0
1297.0
1114.0
1047.0
1085.0
751.0
480.0
876.0
537.0
427.0
547.0
497.0
564.0
471.0
486.0
454.0
451.0
399.0
383.0
863.0
1327.0
785.0
1005.0
722.0
936.0
1188.0
1110.0
1310.0
1055.0
516.0
501.0
649.0
376.0
360.0
432.0
417.0
429.0
386.0
422.0
431.0
502.0
966.0
673.0
1020.0
1311.0
1244.0
1130.0
1273.0
721.0
447.0
934.0
1089.0
1130.0
1197.0
1199.0
1062.0
498.0
292.0
627.0
505.0
438.0
448.0
416.0
431.0
483.0
443.0
827.0
1179.0
530.0
1126.0
1101.0
1036.0
1230.0
1044.0
1042.0
1288.0
1591.0
1239.0
1169.0
727.0
437.0
453.0
631.0
543.0
571.0
553.0
422.0
408.0
416.0
412.0
436.0
371.0
361.0
368.0
358.0
390.0
395.0
454.0
440.0
369.0
406.0
411.0
408.0
402.0
411.0
451.0
533.0
506.0
466.0
473.0
492.0
472.0
497.0
443.0
455.0
466.0
509.0
428.0
448.0
439.0
371.0
416.0
401.0
402.0
436.0
413.0
384.0
405.0
391.0
444.0
399.0
397.0
423.0
405.0
388.0
399.0
439.0
652.0
534.0
826.0
682.0
908.0
1150.0
1021.0
983.0
1255.0
1384.0
1308.0
1264.0
1085.0
1217.0
856.0
690.0
540.0
536.0
489.0
529.0
463.0
491.0
416.0
538.0
479.0
1039.0
1376.0
968.0
618.0
1137.0
1059.0
1180.0
1583.0
1002.0
1060.0
1327.0
1179.0
1370.0
1280.0
656.0
567.0
522.0
501.0
483.0
669.0
481.0
517.0
574.0
528.0
1036.0
1035.0
1042.0
982.0
1191.0
1226.0
1173.0
1371.0
1329.0
1284.0
1311.0
1174.0
1126.0
1290.0
713.0
521.0
524.0
640.0
653.0
622.0
630.0
609.0
957.0
683.0
891.0
714.0
1228.0
1368.0
1169.0
1169.0
1213.0
1008.0
1227.0
1207.0
1312.0
1223.0
1173.0
1012.0
579.0
333.0
441.0
430.0
452.0
472.0
490.0
401.0
448.0
561.0
950.0
1248.0
945.0
902.0
1279.0
1372.0
1285.0
1090.0
840.0
1139.0
1241.0
1201.0
1254.0
1286.0
629.0
381.0
527.0
467.0
496.0
526.0
485.0
448.0
494.0
482.0
462.0
494.0
464.0
440.0
492.0
417.0
435.0
416.0
470.0
457.0
437.0
458.0
488.0
490.0
530.0
503.0
502.0
499.0
450.0
440.0
445.0
442.0
435.0
491.0
445.0
396.0
345.0
429.0
437.0
379.0
372.0
392.0
381.0
406.0
394.0
380.0
389.0
377.0
373.0
379.0
435.0
397.0
709.0
526.0
506.0
435.0
449.0
491.0
471.0
468.0
863.0
1059.0
1005.0
1186.0
1060.0
1171.0
1039.0
970.0
1203.0
1229.0
1212.0
1054.0
723.0
559.0
551.0
462.0
545.0
531.0
495.0
391.0
456.0
499.0
705.0
1246.0
1104.0
691.0
1031.0
910.0
1329.0
1401.0
1222.0
701.0
1296.0
1236.0
1293.0
1283.0
1238.0
795.0
634.0
390.0
441.0
378.0
399.0
370.0
381.0
900.0
647.0
1185.0
793.0
1401.0
1222.0
1417.0
1382.0
1206.0
1272.0
892.0
987.0
1517.0
1247.0
873.0
1134.0
579.0
380.0
517.0
505.0
483.0
611.0
399.0
411.0
491.0
1004.0
1195.0
664.0
861.0
1018.0
784.0
1006.0
997.0
1280.0
907.0
1282.0
1255.0
1015.0
1200.0
1248.0
688.0
496.0
583.0
538.0
517.0
515.0
411.0
410.0
503.0
385.0
397.0
594.0
412.0
507.0
509.0
411.0
424.0
440.0
442.0
485.0
392.0
420.0
387.0
412.0
406.0
405.0
481.0
454.0
464.0
449.0
454.0
420.0
462.0
450.0
416.0
424.0
402.0
390.0
417.0
428.0
439.0
426.0
437.0
430.0
428.0
418.0
398.0
446.0
390.0
511.0
471.0
460.0
411.0
413.0
377.0
327.0
425.0
407.0
389.0
387.0
365.0
353.0
467.0
398.0
386.0
473.0
378.0
340.0
387.0
353.0
362.0
384.0
414.0
460.0
442.0
385.0
412.0
368.0
401.0
395.0
519.0
794.0
825.0
1071.0
1238.0
773.0
743.0
1231.0
1011.0
1356.0
900.0
975.0
1170.0
1374.0
1276.0
1129.0
688.0
454.0
493.0
502.0
616.0
469.0
399.0
433.0
545.0
548.0
789.0
959.0
1026.0
1103.0
1319.0
737.0
478.0
590.0
1208.0
1459.0
1193.0
1229.0
1138.0
1170.0
930.0
660.0
449.0
416.0
449.0
513.0
476.0
436.0
555.0
489.0
512.0
1057.0
1666.0
1456.0
1319.0
1523.0
1081.0
1286.0
1486.0
1519.0
1375.0
1038.0
1302.0
848.0
782.0
821.0
601.0
555.0
641.0
518.0
648.0
438.0
475.0
498.0
457.0
1016.0
1211.0
1157.0
1155.0
1321.0
1262.0
1545.0
1384.0
1452.0
1414.0
801.0
895.0
1199.0
1184.0
713.0
576.0
480.0
405.0
524.0
507.0
457.0
850.0
705.0
687.0
578.0
1086.0
1078.0
1340.0
1001.0
1211.0
1149.0
1203.0
1187.0
1184.0
980.0
993.0
759.0
514.0
418.0
475.0
407.0
492.0
464.0
469.0
471.0
512.0
477.0
515.0
489.0
509.0
546.0
490.0
489.0
488.0
536.0
744.0
682.0
562.0
552.0
579.0
481.0
557.0
538.0
469.0
415.0
425.0
390.0
372.0
396.0
375.0
354.0
347.0
456.0
461.0
546.0
535.0
480.0
399.0
629.0
376.0
410.0
422.0
366.0
362.0
565.0
470.0
417.0
414.0
358.0
394.0
376.0
358.0
444.0
437.0
937.0
1213.0
615.0
867.0
903.0
908.0
1188.0
1191.0
1122.0
1188.0
1332.0
1233.0
1099.0
1069.0
954.0
584.0
397.0
569.0
443.0
511.0
468.0
472.0
495.0
1071.0
673.0
634.0
922.0
1053.0
1084.0
1185.0
1154.0
1318.0
1293.0
1347.0
1158.0
1208.0
1074.0
979.0
1066.0
708.0
411.0
453.0
497.0
489.0
477.0
430.0
404.0
467.0
550.0
1769.0
1607.0
1776.0
2261.0
2278.0
1775.0
1651.0
1759.0
1629.0
1371.0
928.0
764.0
689.0
796.0
501.0
425.0
530.0
475.0
534.0
471.0
418.0
396.0
423.0
374.0
431.0
456.0
462.0
449.0
489.0
470.0
448.0
472.0
484.0
464.0
449.0
436.0
549.0
616.0
543.0
474.0
471.0
457.0
455.0
456.0
447.0
435.0
522.0
556.0
470.0
630.0
599.0
1020.0
1484.0
1370.0
851.0
1425.0
1199.0
1084.0
750.0
808.0
589.0
565.0
433.0
383.0
491.0
427.0
392.0
532.0
444.0
479.0
514.0
462.0
400.0
390.0
435.0
414.0
451.0
426.0
455.0
445.0
431.0
414.0
452.0
397.0
394.0
413.0
414.0
378.0
427.0
388.0
411.0
467.0
374.0
409.0
423.0
366.0
357.0
425.0
384.0
323.0
435.0
381.0
387.0
446.0
395.0
377.0
376.0
344.0
444.0
443.0
380.0
599.0
473.0
600.0
470.0
481.0
480.0
404.0
517.0
432.0
881.0
1515.0
1146.0
1678.0
1614.0
1871.0
1667.0
1692.0
1180.0
837.0
809.0
786.0
806.0
716.0
682.0
511.0
535.0
459.0
526.0
492.0
452.0
494.0
494.0
1338.0
1392.0
567.0
1347.0
1128.0
1753.0
938.0
1929.0
1553.0
2010.0
1246.0
1327.0
614.0
681.0
851.0
729.0
586.0
541.0
410.0
388.0
405.0
371.0
379.0
395.0
585.0
640.0
1222.0
3044.0
3170.0
5120.0
2566.0
3666.0
3849.0
4122.0
3750.0
4557.0
3900.0
1671.0
3675.0
1190.0
1250.0
560.0
713.0
509.0
551.0
522.0
484.0
687.0
755.0
3625.0
4459.0
5239.0
2749.0
4611.0
4734.0
4418.0
3898.0
5112.0
4796.0
4408.0
4503.0
4645.0
4410.0
1007.0
1805.0
784.0
611.0
688.0
587.0
412.0
606.0
1194.0
3658.0
3942.0
1640.0
4372.0
4612.0
4227.0
3984.0
4916.0
4466.0
4945.0
5684.0
4446.0
4625.0
5234.0
4744.0
971.0
1871.0
581.0
148.0
374.0
543.0
438.0
557.0
513.0
489.0
529.0
532.0
492.0
522.0
468.0
494.0
436.0
437.0
452.0
410.0
498.0
465.0
443.0
442.0
452.0
365.0
455.0
433.0
442.0
458.0
403.0
383.0
452.0
376.0
347.0
359.0
420.0
370.0
387.0
377.0
443.0
444.0
410.0
479.0
662.0
389.0
389.0
418.0
356.0
394.0
455.0
391.0
468.0
654.0
537.0
530.0
3133.0
4370.0
4573.0
3981.0
4416.0
1754.0
3420.0
5629.0
5934.0
5819.0
6431.0
6461.0
6117.0
6808.0
2569.0
3616.0
1415.0
784.0
900.0
601.0
608.0
670.0
591.0
461.0
1001.0
1071.0
5300.0
3555.0
5419.0
6025.0
3229.0
5999.0
6258.0
4742.0
5136.0
6319.0
6036.0
3247.0
6352.0
4705.0
1475.0
2054.0
673.0
669.0
462.0
521.0
394.0
445.0
744.0
659.0
1844.0
2165.0
4152.0
6282.0
6456.0
5254.0
7202.0
6731.0
6658.0
7391.0
7544.0
6224.0
6877.0
2688.0
956.0
339.0
738.0
657.0
836.0
560.0
530.0
508.0
633.0
588.0
5316.0
5874.0
2027.0
3197.0
1630.0
1505.0
1498.0
1546.0
1728.0
2040.0
1852.0
1864.0
1521.0
839.0
505.0
639.0
531.0
510.0
498.0
431.0
422.0
477.0
559.0
591.0
1550.0
1477.0
1185.0
1819.0
1734.0
1748.0
1951.0
2010.0
2207.0
1870.0
1892.0
1645.0
1601.0
1509.0
525.0
529.0
564.0
442.0
500.0
553.0
453.0
467.0
536.0
534.0
494.0
503.0
496.0
483.0
516.0
490.0
518.0
534.0
580.0
522.0
509.0
535.0
446.0
518.0
440.0
456.0
458.0
573.0
491.0
517.0
574.0
483.0
485.0
437.0
378.0
518.0
455.0
406.0
465.0
502.0
463.0
459.0
452.0
406.0
468.0
408.0
371.0
404.0
410.0
652.0
512.0
526.0
478.0
589.0
440.0
496.0
546.0
440.0
873.0
808.0
1184.0
1817.0
1414.0
1570.0
2137.0
874.0
1369.0
1292.0
990.0
1185.0
1067.0
977.0
683.0
633.0
520.0
561.0
580.0
516.0
481.0
567.0
610.0
615.0
545.0
826.0
1132.0
1087.0
1020.0
1241.0
1115.0
1052.0
1387.0
1127.0
1069.0
1251.0
907.0
824.0
694.0
735.0
641.0
583.0
624.0
573.0
539.0
557.0
531.0
549.0
568.0
821.0
988.0
920.0
942.0
989.0
1134.0
1004.0
1303.0
1063.0
1237.0
1033.0
1051.0
1145.0
607.0
512.0
561.0
568.0
556.0
773.0
556.0
625.0
622.0
582.0
791.0
912.0
1000.0
1304.0
1286.0
1227.0
1098.0
1042.0
1286.0
1123.0
1092.0
1089.0
1025.0
1116.0
601.0
649.0
546.0
552.0
509.0
560.0
440.0
566.0
582.0
552.0
665.0
1061.0
829.0
1063.0
1179.0
1140.0
996.0
1167.0
1129.0
1244.0
1570.0
1551.0
1605.0
1453.0
1214.0
990.0
601.0
466.0
518.0
515.0
530.0
542.0
556.0
563.0
589.0
509.0
917.0
639.0
616.0
652.0
613.0
513.0
525.0
473.0
485.0
539.0
504.0
553.0
582.0
559.0
546.0
626.0
626.0
564.0
500.0
495.0
653.0
454.0
530.0
588.0
509.0
546.0
551.0
545.0
507.0
509.0
457.0
490.0
498.0
541.0
508.0
595.0
502.0
501.0
569.0
600.0
626.0
605.0
527.0
635.0
610.0
632.0
662.0
713.0
853.0
1037.0
980.0
1059.0
1212.0
1199.0
1505.0
1118.0
1355.0
944.0
1167.0
1200.0
729.0
578.0
509.0
541.0
557.0
634.0
549.0
514.0
647.0
503.0
1038.0
641.0
1164.0
1029.0
946.0
757.0
717.0
899.0
1040.0
1068.0
939.0
849.0
1112.0
944.0
779.0
704.0
641.0
709.0
740.0
622.0
571.0
632.0
777.0
595.0
642.0
677.0
829.0
899.0
879.0
800.0
997.0
919.0
1023.0
960.0
839.0
788.0
686.0
702.0
578.0
548.0
534.0
496.0
528.0
543.0
570.0
588.0
618.0
737.0
686.0
816.0
632.0
907.0
786.0
894.0
837.0
943.0
1215.0
1337.0
1227.0
878.0
1068.0
679.0
547.0
507.0
472.0
543.0
475.0
483.0
1122.0
616.0
751.0
871.0
617.0
1098.0
1018.0
1005.0
1083.0
963.0
1068.0
1069.0
935.0
1120.0
874.0
662.0
773.0
717.0
729.0
512.0
731.0
620.0
732.0
848.0
625.0
702.0
745.0
604.0
679.0
743.0
586.0
498.0
722.0
509.0
612.0
675.0
507.0
562.0
551.0
646.0
530.0
575.0
501.0
451.0
510.0
563.0
518.0
567.0
497.0
440.0
620.0
544.0
455.0
567.0
465.0
452.0
571.0
511.0
486.0
455.0
526.0
504.0
433.0
693.0
446.0
768.0
481.0
493.0
526.0
792.0
485.0
651.0
754.0
550.0
509.0
670.0
578.0
569.0
485.0
463.0
530.0
721.0
457.0
501.0
464.0
446.0
482.0
545.0
488.0
552.0
469.0
467.0
633.0
499.0
690.0
631.0
752.0
489.0
679.0
788.0
854.0
764.0
791.0
913.0
738.0
893.0
762.0
1017.0
1109.0
1020.0
801.0
885.0
1007.0
850.0
624.0
539.0
868.0
744.0
574.0
544.0
489.0
427.0
586.0
595.0
517.0
666.0
584.0
726.0
750.0
752.0
738.0
716.0
797.0
711.0
777.0
662.0
710.0
848.0
723.0
498.0
666.0
721.0
533.0
515.0
514.0
724.0
532.0
561.0
666.0
640.0
656.0
629.0
695.0
748.0
709.0
809.0
823.0
830.0
839.0
864.0
682.0
689.0
714.0
495.0
482.0
608.0
516.0
574.0
599.0
647.0
674.0
752.0
784.0
760.0
759.0
646.0
744.0
718.0
779.0
864.0
942.0
991.0
822.0
856.0
705.0
692.0
585.0
606.0
606.0
549.0
610.0
547.0
647.0
614.0
693.0
555.0
479.0
613.0
666.0
544.0
694.0
516.0
572.0
459.0
591.0
521.0
