1666.0
1477.0
1405.0
1388.0
1419.0
1272.0
1250.0
1231.0
1227.0
1312.0
1210.0
1126.0
1199.0
1243.0
1309.0
1398.0
1406.0
1362.0
1383.0
1454.0
1766.0
1635.0
1686.0
1642.0
1651.0
1480.0
1425.0
1404.0
1432.0
1284.0
1268.0
1257.0
1242.0
1318.0
1232.0
1146.0
1221.0
1258.0
1315.0
1411.0
1421.0
1384.0
1396.0
1468.0
1777.0
1639.0
1692.0
1653.0
1669.0
1484.0
1431.0
1417.0
1444.0
1286.0
1268.0
1268.0
1252.0
1322.0
1234.0
1152.0
1228.0
1269.0
1328.0
1419.0
1453.0
1397.0
1408.0
1479.0
1812.0
1662.0
1706.0
1667.0
1671.0
1494.0
1438.0
1434.0
1453.0
1293.0
1278.0
1273.0
1257.0
1325.0
1239.0
1162.0
1235.0
1277.0
1337.0
1432.0
1462.0
1406.0
1414.0
1484.0
1814.0
1666.0
1712.0
1672.0
1677.0
1501.0
1445.0
1433.0
1459.0
1304.0
1299.0
1280.0
1262.0
1332.0
1243.0
1201.0
1234.0
1280.0
1343.0
1433.0
1506.0
1407.0
1419.0
1489.0
1818.0
1668.0
1719.0
1681.0
1684.0
1519.0
1448.0
1437.0
1464.0
1342.0
1311.0
1281.0
1267.0
1333.0
1255.0
1245.0
1247.0
1288.0
1351.0
1452.0
1481.0
1423.0
1431.0
1569.0
1816.0
1680.0
1723.0
1690.0
1700.0
1518.0
1461.0
1450.0
1472.0
1312.0
1299.0
1302.0
1285.0
1349.0
1265.0
1239.0
1255.0
1302.0
1363.0
1462.0
1492.0
1441.0
1448.0
1516.0
1831.0
1692.0
1726.0
1699.0
1711.0
1531.0
1471.0
1486.0
1480.0
1319.0
1338.0
1304.0
1354.0
1379.0
1278.0
1146.0
1274.0
1313.0
1376.0
1480.0
1507.0
1459.0
1465.0
1528.0
1833.0
1740.0
1758.0
1713.0
1721.0
1459.0
1523.0
1442.0
1493.0
1335.0
1317.0
1325.0
1316.0
1391.0
1288.0
1125.0
1291.0
1327.0
1408.0
1500.0
1519.0
1475.0
1485.0
1543.0
1847.0
1751.0
1771.0
1723.0
1685.0
1566.0
1519.0
1540.0
1512.0
1338.0
1316.0
1305.0
1332.0
1467.0
1280.0
1214.0
1297.0
1329.0
1434.0
1507.0
1528.0
1484.0
1502.0
1552.0
1856.0
1748.0
1777.0
1734.0
1741.0
1555.0
1525.0
1547.0
1518.0
1343.0
1322.0
1349.0
1386.0
1405.0
1291.0
1228.0
1309.0
1337.0
1481.0
1521.0
1537.0
1486.0
1510.0
1563.0
1855.0
1746.0
1782.0
1741.0
1751.0
1562.0
1521.0
1553.0
1517.0
1345.0
1331.0
1341.0
1398.0
1400.0
1297.0
1241.0
1320.0
1339.0
1506.0
1525.0
1539.0
1497.0
1522.0
1573.0
1874.0
1772.0
1786.0
1747.0
1762.0
1574.0
1537.0
1552.0
1518.0
1365.0
1321.0
1477.0
1437.0
1413.0
1282.0
1221.0
1314.0
1372.0
1516.0
1528.0
1558.0
1486.0
1519.0
1588.0
1884.0
1792.0
1750.0
1730.0
1753.0
1656.0
1570.0
1590.0
1552.0
1351.0
1325.0
1489.0
1459.0
1405.0
1288.0
1228.0
1332.0
1349.0
1521.0
1548.0
1541.0
1502.0
1543.0
1600.0
1882.0
1837.0
1778.0
1741.0
1759.0
1666.0
1589.0
1600.0
1557.0
1395.0
