843.0
791.0
808.0
827.0
817.0
816.0
780.0
900.0
922.0
1018.0
1077.0
1141.0
1146.0
1185.0
1166.0
1193.0
1228.0
1184.0
1154.0
1112.0
1092.0
1087.0
1060.0
905.0
849.0
785.0
789.0
838.0
831.0
821.0
783.0
901.0
928.0
1023.0
1080.0
1148.0
1156.0
1181.0
1176.0
1195.0
1234.0
1187.0
1159.0
1119.0
1103.0
1098.0
1068.0
920.0
855.0
784.0
862.0
853.0
831.0
813.0
788.0
908.0
919.0
1016.0
1089.0
1153.0
1159.0
1189.0
1179.0
1199.0
1238.0
1189.0
1154.0
1125.0
1100.0
1098.0
1072.0
921.0
856.0
790.0
854.0
865.0
831.0
817.0
795.0
944.0
932.0
1036.0
1082.0
1156.0
1164.0
1191.0
1196.0
1204.0
1243.0
1194.0
1158.0
1122.0
1092.0
1103.0
1069.0
931.0
857.0
796.0
869.0
869.0
836.0
819.0
799.0
955.0
943.0
1035.0
1096.0
1155.0
1163.0
1189.0
1199.0
1205.0
1246.0
1200.0
1163.0
1129.0
1108.0
1103.0
1077.0
938.0
863.0
801.0
880.0
873.0
850.0
824.0
803.0
953.0
954.0
1045.0
1113.0
1160.0
1175.0
1197.0
1203.0
1209.0
1246.0
1203.0
1166.0
1132.0
1112.0
1108.0
1079.0
942.0
870.0
807.0
889.0
881.0
851.0
827.0
811.0
956.0
955.0
1053.0
1115.0
1165.0
1183.0
1208.0
1209.0
1216.0
1250.0
1211.0
1175.0
1141.0
1118.0
1114.0
1085.0
956.0
875.0
813.0
890.0
874.0
853.0
839.0
812.0
963.0
959.0
1057.0
1113.0
1173.0
1186.0
1219.0
1211.0
1220.0
1253.0
1216.0
1179.0
1147.0
1124.0
1123.0
1094.0
963.0
879.0
820.0
893.0
878.0
865.0
846.0
818.0
967.0
963.0
1056.0
1120.0
1165.0
1186.0
1216.0
1216.0
1223.0
1257.0
1221.0
1197.0
1151.0
1138.0
1128.0
1097.0
971.0
881.0
827.0
898.0
897.0
869.0
847.0
815.0
968.0
970.0
1052.0
1129.0
1179.0
1183.0
1225.0
1194.0
1222.0
1254.0
1228.0
1189.0
1157.0
1135.0
1130.0
1113.0
972.0
