414.0
408.0
449.0
429.0
422.0
445.0
433.0
441.0
505.0
532.0
557.0
580.0
722.0
790.0
777.0
722.0
968.0
748.0
723.0
790.0
587.0
505.0
452.0
467.0
460.0
499.0
545.0
500.0
502.0
475.0
471.0
496.0
464.0
469.0
487.0
477.0
461.0
476.0
460.0
470.0
464.0
445.0
456.0
473.0
492.0
514.0
491.0
549.0
1094.0
1082.0
578.0
424.0
358.0
427.0
459.0
427.0
403.0
435.0
436.0
451.0
461.0
455.0
458.0
455.0
481.0
476.0
447.0
446.0
463.0
480.0
438.0
457.0
453.0
434.0
601.0
476.0
448.0
470.0
466.0
456.0
436.0
474.0
466.0
506.0
500.0
493.0
506.0
453.0
692.0
500.0
462.0
596.0
548.0
495.0
546.0
512.0
519.0
572.0
523.0
491.0
509.0
783.0
452.0
550.0
889.0
698.0
983.0
894.0
793.0
859.0
751.0
776.0
703.0
750.0
688.0
710.0
437.0
499.0
492.0
402.0
423.0
454.0
529.0
442.0
481.0
524.0
465.0
771.0
411.0
738.0
768.0
524.0
1183.0
716.0
791.0
751.0
551.0
778.0
626.0
627.0
609.0
475.0
369.0
508.0
301.0
415.0
423.0
455.0
455.0
463.0
454.0
454.0
461.0
773.0
904.0
618.0
641.0
843.0
1068.0
1113.0
997.0
1117.0
931.0
820.0
550.0
417.0
647.0
391.0
418.0
460.0
440.0
526.0
470.0
528.0
494.0
835.0
753.0
889.0
747.0
607.0
592.0
712.0
815.0
934.0
1021.0
1044.0
873.0
686.0
814.0
734.0
655.0
674.0
611.0
575.0
473.0
501.0
484.0
482.0
486.0
489.0
505.0
459.0
476.0
468.0
474.0
457.0
501.0
501.0
515.0
498.0
495.0
488.0
516.0
524.0
514.0
518.0
648.0
540.0
553.0
496.0
486.0
489.0
488.0
501.0
515.0
523.0
582.0
525.0
612.0
636.0
529.0
569.0
510.0
509.0
501.0
635.0
515.0
645.0
511.0
549.0
529.0
521.0
468.0
499.0
659.0
774.0
559.0
659.0
853.0
923.0
1040.0
1058.0
958.0
1058.0
947.0
1025.0
1291.0
989.0
1027.0
725.0
632.0
532.0
491.0
483.0
488.0
491.0
479.0
477.0
461.0
529.0
987.0
966.0
1038.0
718.0
1083.0
924.0
1056.0
1038.0
964.0
979.0
1128.0
998.0
1029.0
1044.0
717.0
662.0
500.0
524.0
472.0
466.0
458.0
432.0
447.0
508.0
919.0
483.0
683.0
472.0
706.0
844.0
911.0
857.0
1069.0
848.0
1133.0
929.0
1011.0
1001.0
1066.0
656.0
679.0
435.0
398.0
425.0
405.0
421.0
432.0
483.0
524.0
461.0
536.0
679.0
453.0
599.0
471.0
773.0
757.0
876.0
867.0
903.0
739.0
683.0
574.0
498.0
474.0
469.0
491.0
473.0
482.0
533.0
459.0
530.0
437.0
579.0
656.0
804.0
940.0
785.0
789.0
771.0
1025.0
933.0
908.0
890.0
836.0
766.0
566.0
543.0
466.0
478.0
454.0
639.0
491.0
612.0
459.0
581.0
499.0
492.0
478.0
451.0
440.0
496.0
459.0
456.0
499.0
505.0
558.0
516.0
496.0
449.0
482.0
418.0
477.0
462.0
506.0
508.0
479.0
474.0
478.0
532.0
487.0
503.0
472.0
460.0
431.0
431.0
440.0
421.0
414.0
412.0
412.0
432.0
436.0
395.0
379.0
388.0
387.0
404.0
421.0
449.0
429.0
430.0
448.0
455.0
501.0
566.0
713.0
964.0
730.0
1046.0
984.0
1026.0
1081.0
1141.0
1158.0
1192.0
1124.0
818.0
741.0
533.0
498.0
574.0
549.0
529.0
591.0
469.0
487.0
524.0
484.0
924.0
1012.0
707.0
740.0
1008.0
990.0
1167.0
1143.0
1097.0
995.0
1077.0
747.0
692.0
832.0
527.0
555.0
532.0
552.0
519.0
476.0
466.0
499.0
486.0
445.0
442.0
884.0
1049.0
616.0
1142.0
651.0
1044.0
994.0
1052.0
1151.0
1009.0
626.0
820.0
564.0
464.0
461.0
475.0
465.0
457.0
460.0
472.0
448.0
520.0
961.0
608.0
1121.0
1187.0
1124.0
1098.0
1136.0
720.0
724.0
946.0
1004.0
1006.0
1126.0
1121.0
1050.0
636.0
606.0
553.0
513.0
474.0
482.0
467.0
475.0
526.0
475.0
847.0
1054.0
597.0
1135.0
976.0
1008.0
1073.0
1021.0
1079.0
1146.0
1249.0
1186.0
1118.0
674.0
629.0
434.0
673.0
521.0
665.0
559.0
483.0
453.0
461.0
442.0
456.0
402.0
401.0
401.0
394.0
435.0
423.0
487.0
471.0
424.0
446.0
445.0
463.0
431.0
465.0
486.0
594.0
522.0
520.0
523.0
533.0
516.0
532.0
482.0
508.0
509.0
559.0
457.0
510.0
447.0
436.0
448.0
428.0
456.0
473.0
457.0
432.0
443.0
428.0
498.0
423.0
456.0
456.0
448.0
445.0
440.0
473.0
661.0
559.0
829.0
640.0
941.0
1016.0
1067.0
1016.0
1118.0
1166.0
1090.0
1126.0
989.0
1155.0
773.0
738.0
542.0
513.0
533.0
558.0
545.0
538.0
493.0
570.0
512.0
958.0
1137.0
1055.0
768.0
1111.0
958.0
1135.0
1170.0
1072.0
1078.0
1119.0
1087.0
1178.0
1078.0
712.0
606.0
516.0
522.0
528.0
682.0
554.0
563.0
546.0
519.0
991.0
917.0
1072.0
861.0
1076.0
1017.0
1092.0
1142.0
1151.0
1178.0
1182.0
1098.0
1079.0
1105.0
734.0
582.0
483.0
630.0
632.0
682.0
691.0
675.0
933.0
706.0
875.0
676.0
1083.0
1075.0
1120.0
1067.0
1074.0
973.0
1157.0
1140.0
1167.0
1078.0
1088.0
959.0
696.0
550.0
493.0
478.0
518.0
512.0
532.0
475.0
506.0
575.0
926.0
1118.0
1079.0
911.0
1127.0
1172.0
1099.0
1058.0
814.0
1066.0
1060.0
1080.0
1101.0
1140.0
723.0
631.0
481.0
552.0
504.0
540.0
526.0
522.0
541.0
531.0
496.0
505.0
500.0
482.0
513.0
469.0
474.0
445.0
487.0
505.0
485.0
494.0
520.0
535.0
564.0
549.0
550.0
540.0
494.0
490.0
469.0
472.0
478.0
521.0
509.0
449.0
404.0
437.0
470.0
441.0
426.0
411.0
406.0
435.0
431.0
430.0
448.0
424.0
432.0
417.0
477.0
455.0
713.0
571.0
547.0
473.0
454.0
514.0
479.0
522.0
860.0
1038.0
1126.0
1143.0
1047.0
1088.0
1005.0
973.0
1109.0
1121.0
1132.0
1043.0
770.0
666.0
573.0
530.0
589.0
574.0
565.0
481.0
501.0
517.0
718.0
1108.0
1109.0
805.0
988.0
921.0
1192.0
1114.0
1128.0
829.0
1127.0
1093.0
1139.0
1135.0
1155.0
894.0
748.0
517.0
464.0
401.0
457.0
421.0
419.0
869.0
686.0
1117.0
828.0
1070.0
1100.0
1255.0
1191.0
1076.0
1193.0
879.0
1087.0
1241.0
1141.0
1006.0
1039.0
732.0
568.0
568.0
546.0
532.0
617.0
520.0
483.0
507.0
968.0
1128.0
775.0
784.0
1021.0
745.0
1088.0
954.0
1153.0
851.0
1186.0
1148.0
999.0
1169.0
1165.0
729.0
793.0
616.0
524.0
564.0
533.0
488.0
455.0
525.0
482.0
448.0
600.0
512.0
512.0
538.0
460.0
506.0
488.0
475.0
511.0
458.0
455.0
431.0
450.0
469.0
470.0
513.0
527.0
523.0
500.0
519.0
501.0
505.0
490.0
468.0
481.0
448.0
441.0
447.0
467.0
496.0
492.0
478.0
465.0
466.0
465.0
443.0
496.0
463.0
536.0
525.0
502.0
452.0
443.0
444.0
413.0
466.0
443.0
434.0
419.0
415.0
412.0
511.0
471.0
439.0
490.0
461.0
422.0
421.0
391.0
416.0
440.0
476.0
536.0
518.0
440.0
438.0
411.0
460.0
452.0
570.0
894.0
909.0
1120.0
1173.0
900.0
861.0
1112.0
1061.0
1201.0
795.0
828.0
1179.0
1189.0
1150.0
1132.0
673.0
592.0
508.0
530.0
617.0
507.0
479.0
501.0
592.0
579.0
829.0
1036.0
1124.0
1153.0
1243.0
825.0
696.0
620.0
1147.0
1209.0
1166.0
1169.0
1081.0
1124.0
872.0
622.0
526.0
518.0
491.0
529.0
527.0
531.0
611.0
535.0
564.0
1029.0
1288.0
1265.0
1095.0
1246.0
1097.0
1195.0
1218.0
1275.0
1165.0
1032.0
1193.0
882.0
847.0
787.0
676.0
588.0
651.0
623.0
661.0
531.0
503.0
549.0
518.0
930.0
1135.0
1194.0
1183.0
1180.0
1172.0
1242.0
1201.0
1144.0
1198.0
856.0
940.0
1167.0
1118.0
744.0
634.0
524.0
506.0
501.0
531.0
526.0
863.0
740.0
629.0
561.0
911.0
1103.0
1164.0
1071.0
1091.0
1101.0
1133.0
1084.0
1107.0
993.0
1006.0
883.0
616.0
507.0
500.0
483.0
517.0
541.0
515.0
534.0
572.0
530.0
534.0
518.0
543.0
586.0
544.0
539.0
534.0
573.0
753.0
810.0
651.0
548.0
570.0
578.0
549.0
542.0
540.0
472.0
456.0
459.0
425.0
438.0
429.0
426.0
399.0
474.0
519.0
572.0
587.0
541.0
443.0
615.0
490.0
441.0
436.0
423.0
432.0
553.0
559.0
470.0
428.0
388.0
411.0
408.0
393.0
455.0
512.0
896.0
1104.0
834.0
871.0
930.0
1012.0
1063.0
1111.0
1143.0
1124.0
1176.0
1123.0
1078.0
1074.0
1010.0
731.0
569.0
573.0
534.0
576.0
538.0
503.0
499.0
963.0
684.0
599.0
813.0
1050.0
1098.0
1124.0
1140.0
1178.0
1152.0
1141.0
1128.0
1116.0
1052.0
1022.0
1078.0
854.0
592.0
527.0
517.0
525.0
496.0
470.0
453.0
500.0
579.0
1183.0
1231.0
1352.0
956.0
744.0
1103.0
958.0
1066.0
1107.0
1181.0
1050.0
954.0
843.0
852.0
670.0
580.0
584.0
505.0
487.0
493.0
472.0
455.0
443.0
430.0
463.0
497.0
495.0
504.0
522.0
514.0
490.0
495.0
528.0
508.0
490.0
487.0
578.0
680.0
598.0
539.0
509.0
502.0
485.0
508.0
507.0
495.0
565.0
602.0
551.0
626.0
648.0
1000.0
1251.0
1235.0
1065.0
1184.0
1164.0
996.0
903.0
850.0
666.0
707.0
548.0
463.0
478.0
450.0
471.0
533.0
534.0
512.0
538.0
513.0
461.0
434.0
462.0
485.0
503.0
486.0
504.0
486.0
471.0
450.0
481.0
468.0
442.0
458.0
474.0
444.0
464.0
446.0
464.0
507.0
456.0
446.0
458.0
446.0
411.0
457.0
444.0
410.0
451.0
428.0
437.0
472.0
462.0
423.0
419.0
412.0
485.0
496.0
462.0
598.0
531.0
619.0
533.0
505.0
513.0
460.0
560.0
533.0
849.0
1264.0
1151.0
1285.0
1150.0
1288.0
1186.0
1228.0
1119.0
1004.0
956.0
912.0
888.0
740.0
689.0
574.0
534.0
527.0
576.0
530.0
490.0
520.0
557.0
1179.0
1228.0
807.0
1148.0
1120.0
1252.0
923.0
1254.0
1191.0
1119.0
1037.0
1056.0
726.0
829.0
985.0
733.0
604.0
524.0
452.0
448.0
444.0
430.0
434.0
466.0
648.0
731.0
1119.0
983.0
736.0
674.0
733.0
665.0
450.0
388.0
506.0
297.0
538.0
643.0
1027.0
611.0
593.0
504.0
489.0
510.0
472.0
523.0
570.0
695.0
751.0
1287.0
748.0
338.0
435.0
795.0
249.0
492.0
371.0
702.0
334.0
497.0
63.0
607.0
306.0
887.0
722.0
694.0
597.0
563.0
609.0
599.0
664.0
1062.0
971.0
765.0
1154.0
891.0
500.0
574.0
404.0
665.0
617.0
791.0
538.0
330.0
602.0
470.0
341.0
979.0
676.0
401.0
411.0
485.0
530.0
515.0
510.0
529.0
562.0
504.0
501.0
491.0
532.0
519.0
514.0
500.0
471.0
490.0
470.0
525.0
516.0
481.0
502.0
485.0
443.0
479.0
481.0
495.0
502.0
447.0
436.0
485.0
442.0
415.0
396.0
450.0
420.0
444.0
435.0
487.0
490.0
456.0
500.0
657.0
495.0
463.0
424.0
397.0
433.0
463.0
482.0
515.0
648.0
602.0
543.0
1947.0
2236.0
2516.0
2220.0
2464.0
1327.0
2121.0
2325.0
2608.0
2435.0
2450.0
2685.0
2506.0
2198.0
1576.0
1900.0
1122.0
774.0
638.0
535.0
561.0
615.0
564.0
533.0
889.0
1005.0
2598.0
1844.0
2283.0
2483.0
1890.0
2021.0
2480.0
2288.0
2341.0
2418.0
2820.0
1857.0
2458.0
2179.0
1056.0
742.0
606.0
384.0
408.0
478.0
480.0
494.0
705.0
607.0
1526.0
1616.0
2454.0
2302.0
2726.0
2314.0
2507.0
2297.0
2369.0
2586.0
2830.0
2366.0
1929.0
1380.0
971.0
538.0
463.0
448.0
519.0
531.0
501.0
511.0
558.0
607.0
2286.0
2214.0
1703.0
1613.0
1462.0
1299.0
1345.0
1370.0
1532.0
1631.0
1565.0
1544.0
1452.0
911.0
606.0
542.0
482.0
447.0
486.0
440.0
462.0
506.0
563.0
607.0
1243.0
1391.0
1277.0
1383.0
1505.0
1560.0
1606.0
1653.0
1744.0
1649.0
1618.0
1518.0
1482.0
1414.0
830.0
507.0
459.0
448.0
456.0
507.0
494.0
498.0
509.0
528.0
519.0
503.0
510.0
514.0
521.0
533.0
570.0
561.0
602.0
564.0
546.0
547.0
501.0
530.0
488.0
464.0
512.0
589.0
562.0
548.0
619.0
537.0
539.0
477.0
419.0
531.0
486.0
432.0
480.0
524.0
502.0
495.0
514.0
489.0
513.0
481.0
437.0
446.0
463.0
644.0
618.0
530.0
486.0
559.0
486.0
514.0
601.0
490.0
817.0
955.0
1239.0
1804.0
1444.0
1513.0
1955.0
1057.0
1017.0
1107.0
918.0
1047.0
979.0
974.0
654.0
509.0
579.0
551.0
558.0
565.0
564.0
617.0
658.0
621.0
599.0
846.0
1204.0
1196.0
1049.0
1120.0
1130.0
1108.0
1353.0
1234.0
1110.0
1234.0
966.0
872.0
639.0
670.0
666.0
641.0
661.0
631.0
591.0
562.0
596.0
581.0
608.0
845.0
1072.0
1026.0
994.0
952.0
1087.0
1003.0
1281.0
1181.0
1207.0
1026.0
941.0
1133.0
598.0
534.0
561.0
551.0
561.0
759.0
683.0
656.0
632.0
608.0
832.0
936.0
1062.0
1335.0
1319.0
1248.0
1124.0
1042.0
1219.0
1138.0
1074.0
1063.0
1050.0
1177.0
657.0
516.0
594.0
544.0
549.0
622.0
514.0
592.0
632.0
609.0
703.0
1072.0
912.0
1075.0
1157.0
1090.0
1028.0
1125.0
1140.0
1238.0
1567.0
1582.0
1634.0
1448.0
1162.0
991.0
620.0
499.0
523.0
523.0
590.0
630.0
617.0
627.0
628.0
581.0
957.0
765.0
646.0
616.0
683.0
557.0
563.0
557.0
549.0
570.0
569.0
638.0
632.0
606.0
614.0
678.0
695.0
625.0
573.0
570.0
726.0
571.0
582.0
643.0
633.0
609.0
610.0
651.0
581.0
585.0
520.0
568.0
593.0
595.0
612.0
653.0
568.0
592.0
624.0
694.0
672.0
685.0
595.0
704.0
709.0
696.0
759.0
792.0
997.0
1237.0
1141.0
1155.0
1323.0
1347.0
1625.0
1302.0
1362.0
1082.0
1151.0
1254.0
768.0
511.0
534.0
615.0
602.0
708.0
624.0
592.0
709.0
585.0
1106.0
851.0
1077.0
1074.0
930.0
765.0
809.0
1029.0
1137.0
1164.0
1048.0
898.0
1160.0
1082.0
792.0
774.0
697.0
866.0
766.0
661.0
625.0
661.0
849.0
686.0
672.0
734.0
908.0
990.0
954.0
859.0
1023.0
1008.0
1089.0
1038.0
905.0
857.0
729.0
770.0
645.0
579.0
612.0
604.0
572.0
640.0
637.0
666.0
699.0
837.0
760.0
881.0
735.0
951.0
909.0
943.0
959.0
979.0
1307.0
1407.0
1310.0
994.0
1045.0
757.0
604.0
529.0
605.0
665.0
581.0
536.0
1162.0
757.0
755.0
840.0
707.0
1054.0
1091.0
974.0
1153.0
980.0
1127.0
1128.0
979.0
1203.0
934.0
688.0
839.0
877.0
762.0
548.0
824.0
715.0
719.0
860.0
750.0
746.0
796.0
722.0
719.0
807.0
646.0
534.0
734.0
678.0
667.0
707.0
602.0
581.0
587.0
753.0
607.0
607.0
577.0
532.0
590.0
623.0
602.0
617.0
559.0
520.0
651.0
651.0
518.0
587.0
552.0
561.0
596.0
606.0
599.0
468.0
556.0
592.0
499.0
699.0
521.0
686.0
624.0
553.0
579.0
809.0
586.0
683.0
860.0
670.0
612.0
691.0
706.0
660.0
466.0
446.0
627.0
806.0
562.0
496.0
469.0
507.0
520.0
578.0
569.0
552.0
546.0
518.0
646.0
606.0
668.0
703.0
761.0
709.0
623.0
703.0
960.0
834.0
886.0
997.0
838.0
913.0
882.0
1031.0
1118.0
1141.0
925.0
920.0
981.0
972.0
756.0
607.0
760.0
835.0
683.0
598.0
545.0
506.0
523.0
716.0
655.0
676.0
666.0
781.0
773.0
796.0
832.0
819.0
801.0
810.0
779.0
741.0
720.0
861.0
846.0
579.0
518.0
703.0
672.0
642.0
525.0
752.0
628.0
551.0
614.0
712.0
666.0
622.0
704.0
798.0
832.0
841.0
909.0
917.0
912.0
903.0
750.0
742.0
743.0
591.0
543.0
639.0
592.0
639.0
624.0
691.0
728.0
770.0
822.0
817.0
830.0
674.0
754.0
816.0
827.0
948.0
1024.0
1070.0
890.0
866.0
704.0
748.0
637.0
668.0
694.0
620.0
658.0
641.0
709.0
671.0
711.0
640.0
534.0
619.0
689.0
608.0
664.0
591.0
579.0
540.0
598.0
