1075.0
1086.0
1066.0
1062.0
1001.0
834.0
806.0
759.0
747.0
781.0
754.0
750.0
689.0
808.0
806.0
932.0
1053.0
1160.0
1067.0
1151.0
1179.0
1211.0
1325.0
1227.0
1080.0
1090.0
1066.0
1069.0
1007.0
837.0
811.0
763.0
752.0
792.0
761.0
753.0
700.0
825.0
812.0
940.0
1061.0
1169.0
1085.0
1164.0
1188.0
1236.0
1343.0
1251.0
1096.0
1099.0
1080.0
1082.0
1013.0
858.0
820.0
766.0
757.0
800.0
762.0
752.0
715.0
836.0
817.0
946.0
1076.0
1167.0
1094.0
1178.0
1200.0
1233.0
1368.0
1265.0
1104.0
1115.0
1088.0
1091.0
1024.0
862.0
824.0
770.0
762.0
805.0
771.0
761.0
723.0
837.0
827.0
953.0
1087.0
1187.0
1115.0
1203.0
1205.0
1252.0
1373.0
1273.0
1116.0
1122.0
1101.0
1105.0
1032.0
865.0
826.0
771.0
771.0
812.0
766.0
766.0
731.0
845.0
850.0
965.0
1093.0
1193.0
1122.0
1224.0
1220.0
1257.0
1382.0
1273.0
1119.0
1129.0
1107.0
1113.0
1040.0
867.0
827.0
767.0
771.0
816.0
779.0
770.0
731.0
852.0
853.0
972.0
1102.0
1200.0
1126.0
1235.0
1229.0
1263.0
1399.0
1276.0
1124.0
1143.0
1116.0
1118.0
1055.0
870.0
833.0
775.0
832.0
829.0
782.0
771.0
735.0
856.0
858.0
975.0
1109.0
1205.0
1133.0
1246.0
1236.0
1268.0
1408.0
1278.0
1150.0
1144.0
1113.0
1120.0
1058.0
871.0
833.0
774.0
849.0
820.0
782.0
778.0
740.0
911.0
865.0
976.0
1107.0
1186.0
1146.0
1255.0
1219.0
1273.0
1410.0
1279.0
1156.0
1159.0
1116.0
1130.0
1059.0
883.0
859.0
782.0
856.0
830.0
784.0
783.0
742.0
923.0
856.0
985.0
1095.0
1190.0
1136.0
1273.0
1225.0
1279.0
1413.0
1283.0
1162.0
1164.0
1118.0
1135.0
1058.0
891.0
861.0
787.0
864.0
831.0
795.0
784.0
746.0
928.0
864.0
1007.0
1098.0
1198.0
1154.0
1280.0
1229.0
1293.0
1411.0
1262.0
1167.0
1167.0
1128.0
1137.0
1058.0
896.0
867.0
792.0
876.0
838.0
798.0
792.0
749.0
933.0
871.0
1011.0
1105.0
1206.0
1168.0
1302.0
1234.0
1303.0
1416.0
1277.0
1187.0
1175.0
1133.0
1147.0
1066.0
906.0
870.0
798.0
880.0
840.0
803.0
796.0
753.0
938.0
873.0
1015.0
1131.0
1233.0
1184.0
1307.0
1238.0
1305.0
1424.0
1288.0
1191.0
1184.0
1140.0
1159.0
1074.0
909.0
871.0
801.0
887.0
848.0
815.0
799.0
756.0
932.0
879.0
1022.0
1142.0
1238.0
1193.0
1322.0
1246.0
1312.0
1437.0
1298.0
1205.0
1189.0
1143.0
1162.0
1079.0
921.0
875.0
805.0
893.0
853.0
817.0
803.0
759.0
933.0
883.0
1026.0
1146.0
1240.0
1201.0
1350.0
1249.0
1318.0
1441.0
1306.0
1207.0
1191.0
1147.0
1163.0
1089.0
924.0
