1080.0
1092.0
1071.0
1068.0
1006.0
835.0
806.0
758.0
745.0
781.0
753.0
748.0
687.0
808.0
807.0
935.0
1058.0
1168.0
1073.0
1158.0
1187.0
1220.0
1336.0
1236.0
1086.0
1096.0
1072.0
1074.0
1011.0
837.0
810.0
763.0
751.0
791.0
760.0
751.0
698.0
825.0
812.0
943.0
1066.0
1177.0
1091.0
1172.0
1196.0
1246.0
1354.0
1261.0
1101.0
1104.0
1086.0
1088.0
1017.0
859.0
820.0
765.0
756.0
800.0
761.0
751.0
713.0
837.0
818.0
949.0
1082.0
1175.0
1101.0
1185.0
1209.0
1242.0
1380.0
1276.0
1110.0
1121.0
1095.0
1097.0
1028.0
863.0
823.0
769.0
761.0
805.0
770.0
760.0
721.0
838.0
828.0
956.0
1093.0
1195.0
1121.0
1212.0
1214.0
1261.0
1385.0
1283.0
1122.0
1129.0
1107.0
1112.0
1037.0
866.0
826.0
771.0
770.0
813.0
765.0
765.0
729.0
846.0
851.0
969.0
1099.0
1202.0
1129.0
1233.0
1229.0
1267.0
1394.0
1284.0
1125.0
1135.0
1114.0
1120.0
1045.0
868.0
827.0
766.0
770.0
816.0
779.0
769.0
730.0
853.0
855.0
976.0
1108.0
1209.0
1133.0
1244.0
1238.0
1272.0
1411.0
1287.0
1130.0
1150.0
1122.0
1124.0
1060.0
871.0
833.0
774.0
832.0
830.0
781.0
770.0
734.0
856.0
859.0
978.0
1116.0
1214.0
1141.0
1255.0
1245.0
1277.0
1421.0
1288.0
1157.0
1151.0
1120.0
1127.0
1063.0
872.0
833.0
773.0
851.0
820.0
782.0
777.0
738.0
913.0
867.0
979.0
1113.0
1194.0
1154.0
1264.0
1227.0
1282.0
1423.0
1289.0
1164.0
1167.0
1122.0
1137.0
1064.0
884.0
860.0
781.0
857.0
830.0
783.0
783.0
741.0
926.0
857.0
988.0
1101.0
1198.0
1142.0
1283.0
1233.0
1289.0
1426.0
1293.0
1169.0
1172.0
1125.0
1142.0
1064.0
893.0
863.0
786.0
865.0
832.0
795.0
783.0
745.0
931.0
865.0
1011.0
1104.0
1206.0
1161.0
1290.0
1237.0
1303.0
1424.0
1271.0
1175.0
1175.0
1135.0
1144.0
1064.0
898.0
868.0
792.0
878.0
838.0
798.0
791.0
748.0
936.0
873.0
1016.0
1112.0
1214.0
1175.0
1313.0
1243.0
1314.0
1429.0
1286.0
1195.0
1183.0
1140.0
1154.0
1071.0
908.0
871.0
798.0
882.0
840.0
802.0
796.0
752.0
940.0
874.0
1020.0
1138.0
1242.0
1192.0
1318.0
1247.0
1316.0
1437.0
1298.0
1199.0
1192.0
1147.0
1167.0
1080.0
911.0
873.0
801.0
889.0
849.0
816.0
799.0
755.0
934.0
880.0
1027.0
1149.0
1247.0
1201.0
1333.0
1255.0
1322.0
1450.0
1308.0
1214.0
1198.0
1150.0
1170.0
1085.0
923.0
876.0
805.0
894.0
854.0
817.0
803.0
757.0
936.0
884.0
1030.0
1153.0
1249.0
1209.0
1362.0
1258.0
1328.0
1455.0
1316.0
1215.0
1199.0
1154.0
1171.0
1094.0
927.0
