1052.0
1057.0
1033.0
1035.0
985.0
849.0
820.0
768.0
763.0
795.0
774.0
772.0
712.0
825.0
823.0
940.0
1026.0
1102.0
1035.0
1106.0
1116.0
1146.0
1230.0
1138.0
1056.0
1061.0
1036.0
1041.0
991.0
852.0
825.0
775.0
767.0
805.0
781.0
776.0
720.0
839.0
829.0
945.0
1032.0
1108.0
1049.0
1116.0
1122.0
1161.0
1242.0
1158.0
1066.0
1067.0
1047.0
1049.0
996.0
870.0
835.0
776.0
773.0
813.0
781.0
772.0
736.0
850.0
832.0
952.0
1045.0
1111.0
1055.0
1129.0
1131.0
1163.0
1261.0
1166.0
1075.0
1081.0
1053.0
1058.0
1005.0
874.0
837.0
782.0
777.0
818.0
792.0
784.0
742.0
854.0
842.0
957.0
1053.0
1121.0
1073.0
1148.0
1136.0
1176.0
1264.0
1174.0
1083.0
1087.0
1064.0
1068.0
1012.0
878.0
841.0
785.0
785.0
828.0
788.0
789.0
753.0
862.0
863.0
968.0
1058.0
1128.0
1077.0
1161.0
1145.0
1183.0
1271.0
1175.0
1087.0
1092.0
1068.0
1077.0
1019.0
882.0
843.0
779.0
785.0
829.0
803.0
794.0
755.0
868.0
866.0
973.0
1065.0
1132.0
1079.0
1172.0
1151.0
1189.0
1280.0
1179.0
1092.0
1103.0
1075.0
1081.0
1030.0
884.0
848.0
784.0
844.0
842.0
803.0
793.0
757.0
872.0
871.0
975.0
1069.0
1136.0
1087.0
1181.0
1157.0
1193.0
1286.0
1179.0
1103.0
1105.0
1074.0
1082.0
1034.0
886.0
849.0
786.0
859.0
837.0
807.0
799.0
762.0
915.0
876.0
979.0
1069.0
1133.0
1096.0
1186.0
1154.0
1199.0
1289.0
1180.0
1108.0
1109.0
1077.0
1089.0
1035.0
897.0
868.0
794.0
865.0
846.0
806.0
805.0
765.0
927.0
877.0
985.0
1068.0
1136.0
1096.0
1196.0
1159.0
1202.0
1291.0
1187.0
1112.0
1113.0
1078.0
1092.0
1035.0
902.0
871.0
800.0
873.0
850.0
819.0
806.0
771.0
931.0
884.0
999.0
1070.0
1143.0
1109.0
1201.0
1161.0
1211.0
1292.0
1183.0
1118.0
1117.0
1086.0
1094.0
1035.0
906.0
874.0
805.0
883.0
855.0
823.0
814.0
771.0
937.0
891.0
1002.0
1075.0
1149.0
1119.0
1218.0
1166.0
1217.0
1295.0
1195.0
1132.0
1123.0
1091.0
1103.0
1042.0
915.0
880.0
812.0
887.0
858.0
828.0
819.0
778.0
939.0
891.0
1007.0
1094.0
1159.0
1131.0
1220.0
1169.0
1220.0
1303.0
1203.0
1136.0
1130.0
1097.0
1112.0
1049.0
919.0
881.0
814.0
890.0
865.0
837.0
821.0
778.0
939.0
897.0
1014.0
1103.0
1162.0
1138.0
1231.0
1176.0
1224.0
1309.0
1211.0
1146.0
1134.0
1099.0
1114.0
1052.0
928.0
885.0
821.0
900.0
870.0
841.0
824.0
782.0
941.0
899.0
1015.0
1105.0
1165.0
1145.0
1252.0
1177.0
1228.0
1313.0
1216.0
1147.0
1137.0
1103.0
1116.0
1061.0
933.0
