1062.0
1062.0
1044.0
1041.0
988.0
836.0
808.0
758.0
751.0
783.0
759.0
758.0
699.0
810.0
809.0
929.0
1039.0
1138.0
1059.0
1129.0
1152.0
1184.0
1287.0
1197.0
1068.0
1067.0
1044.0
1048.0
993.0
839.0
812.0
763.0
757.0
793.0
766.0
761.0
708.0
824.0
816.0
936.0
1046.0
1146.0
1075.0
1141.0
1161.0
1205.0
1304.0
1219.0
1081.0
1074.0
1057.0
1060.0
999.0
858.0
821.0
766.0
762.0
800.0
767.0
760.0
723.0
836.0
822.0
941.0
1061.0
1147.0
1083.0
1154.0
1173.0
1204.0
1326.0
1232.0
1089.0
1088.0
1065.0
1069.0
1009.0
862.0
824.0
770.0
766.0
805.0
777.0
769.0
730.0
838.0
830.0
948.0
1071.0
1163.0
1102.0
1178.0
1179.0
1220.0
1331.0
1239.0
1100.0
1096.0
1077.0
1082.0
1018.0
864.0
827.0
772.0
775.0
812.0
772.0
772.0
738.0
846.0
851.0
960.0
1076.0
1170.0
1108.0
1197.0
1192.0
1227.0
1339.0
1241.0
1102.0
1102.0
1082.0
1090.0
1025.0
866.0
828.0
768.0
774.0
815.0
786.0
777.0
739.0
852.0
855.0
967.0
1084.0
1176.0
1112.0
1207.0
1200.0
1233.0
1353.0
1244.0
1107.0
1115.0
1091.0
1095.0
1038.0
870.0
832.0
775.0
831.0
829.0
789.0
776.0
742.0
855.0
858.0
968.0
1091.0
1181.0
1119.0
1217.0
1207.0
1238.0
1362.0
1245.0
1127.0
1117.0
1089.0
1097.0
1041.0
872.0
833.0
776.0
845.0
823.0
788.0
782.0
747.0
904.0
868.0
970.0
1089.0
1167.0
1130.0
1226.0
1195.0
1241.0
1364.0
1246.0
1133.0
1128.0
1091.0
1104.0
1043.0
882.0
852.0
783.0
851.0
833.0
789.0
788.0
750.0
915.0
863.0
978.0
1081.0
1170.0
1123.0
1240.0
1201.0
1248.0
1367.0
1251.0
1138.0
1133.0
1094.0
1109.0
1043.0
889.0
855.0
788.0
858.0
834.0
800.0
788.0
754.0
920.0
870.0
997.0
1084.0
1177.0
1139.0
1248.0
1204.0
1259.0
1367.0
1236.0
1143.0
1137.0
1103.0
1112.0
1043.0
893.0
860.0
793.0
870.0
840.0
803.0
796.0
757.0
925.0
877.0
1001.0
1091.0
1184.0
1152.0
1268.0
1211.0
1268.0
1371.0
1250.0
1161.0
1145.0
1107.0
1120.0
1050.0
902.0
863.0
799.0
873.0
843.0
808.0
801.0
760.0
928.0
878.0
1005.0
1114.0
1206.0
1167.0
1273.0
1214.0
1270.0
1378.0
1261.0
1165.0
1152.0
1114.0
1131.0
1058.0
905.0
865.0
802.0
880.0
850.0
820.0
804.0
763.0
927.0
882.0
1011.0
1123.0
1209.0
1174.0
1286.0
1222.0
1275.0
1389.0
1270.0
1179.0
1159.0
1118.0
1135.0
1061.0
916.0
869.0
806.0
886.0
854.0
821.0
807.0
765.0
928.0
887.0
1014.0
1127.0
1211.0
1181.0
1312.0
1225.0
1281.0
1393.0
1277.0
1181.0
1161.0
1122.0
1136.0
1070.0
920.0
