1061.0
1061.0
1038.0
1036.0
984.0
837.0
806.0
758.0
747.0
780.0
758.0
757.0
699.0
811.0
810.0
928.0
1032.0
1125.0
1053.0
1127.0
1139.0
1172.0
1268.0
1174.0
1066.0
1065.0
1038.0
1043.0
988.0
839.0
809.0
763.0
753.0
790.0
765.0
760.0
710.0
827.0
816.0
935.0
1039.0
1133.0
1068.0
1138.0
1147.0
1191.0
1283.0
1195.0
1079.0
1072.0
1051.0
1053.0
995.0
858.0
817.0
765.0
757.0
798.0
766.0
760.0
725.0
838.0
821.0
941.0
1053.0
1134.0
1075.0
1150.0
1158.0
1192.0
1305.0
1207.0
1087.0
1086.0
1058.0
1063.0
1005.0
862.0
821.0
768.0
761.0
804.0
775.0
768.0
732.0
839.0
830.0
947.0
1062.0
1148.0
1094.0
1172.0
1163.0
1206.0
1308.0
1214.0
1097.0
1093.0
1070.0
1075.0
1014.0
866.0
823.0
770.0
770.0
810.0
771.0
772.0
739.0
846.0
852.0
959.0
1068.0
1154.0
1099.0
1189.0
1174.0
1214.0
1316.0
1216.0
1099.0
1099.0
1075.0
1083.0
1019.0
867.0
823.0
765.0
770.0
813.0
784.0
777.0
741.0
852.0
855.0
966.0
1076.0
1160.0
1103.0
1199.0
1182.0
1219.0
1327.0
1219.0
1105.0
1112.0
1083.0
1088.0
1033.0
870.0
828.0
772.0
826.0
826.0
787.0
777.0
744.0
854.0
859.0
967.0
1082.0
1165.0
1110.0
1209.0
1188.0
1224.0
1334.0
1220.0
1122.0
1114.0
1082.0
1090.0
1035.0
872.0
829.0
772.0
842.0
819.0
788.0
785.0
749.0
904.0
866.0
971.0
1081.0
1156.0
1120.0
1216.0
1181.0
1228.0
1336.0
1221.0
1128.0
1123.0
1084.0
1097.0
1037.0
882.0
854.0
780.0
848.0
829.0
789.0
790.0
751.0
915.0
861.0
978.0
1075.0
1158.0
1114.0
1227.0
1187.0
1234.0
1340.0
1227.0
1133.0
1128.0
1087.0
1102.0
1038.0
891.0
857.0
785.0
856.0
831.0
800.0
791.0
754.0
920.0
868.0
997.0
1078.0
1165.0
1130.0
1233.0
1191.0
1244.0
1340.0
1218.0
1137.0
1131.0
1096.0
1104.0
1038.0
894.0
861.0
791.0
866.0
837.0
804.0
798.0
758.0
924.0
875.0
1001.0
1083.0
1172.0
1142.0
1253.0
1196.0
1252.0
1345.0
1231.0
1154.0
1138.0
1100.0
1113.0
1044.0
904.0
865.0
796.0
871.0
839.0
808.0
802.0
762.0
929.0
876.0
1004.0
1106.0
1189.0
1157.0
1257.0
1200.0
1253.0
1351.0
1240.0
1157.0
1146.0
1106.0
1124.0
1052.0
906.0
866.0
798.0
877.0
847.0
819.0
805.0
764.0
924.0
881.0
1010.0
1115.0
1192.0
1163.0
1269.0
1206.0
1259.0
1360.0
1249.0
1170.0
1152.0
1111.0
1126.0
1057.0
917.0
870.0
804.0
883.0
852.0
820.0
808.0
767.0
925.0
885.0
1012.0
1118.0
1194.0
1170.0
1293.0
1209.0
1264.0
1364.0
1256.0
1171.0
1153.0
1114.0
1128.0
1064.0
921.0
