1026.0
1034.0
1013.0
1012.0
933.0
801.0
839.0
723.0
776.0
764.0
728.0
769.0
652.0
903.0
810.0
970.0
983.0
1077.0
1000.0
1080.0
1064.0
1119.0
1112.0
1060.0
1052.0
1029.0
1028.0
1020.0
939.0
815.0
845.0
719.0
805.0
770.0
750.0
749.0
694.0
897.0
819.0
979.0
977.0
1092.0
1020.0
1075.0
1078.0
1108.0
1107.0
1063.0
1037.0
1055.0
1026.0
1038.0
935.0
829.0
854.0
755.0
780.0
799.0
743.0
759.0
696.0
908.0
829.0
962.0
995.0
1093.0
1020.0
1085.0
1075.0
1099.0
1129.0
1085.0
1041.0
1039.0
1032.0
1045.0
966.0
832.0
846.0
766.0
794.0
803.0
763.0
770.0
703.0
915.0
828.0
938.0
1041.0
1082.0
1040.0
1082.0
1089.0
1100.0
1119.0
1071.0
1044.0
1059.0
1029.0
1058.0
952.0
846.0
847.0
761.0
826.0
797.0
768.0
753.0
732.0
914.0
855.0
976.0
1021.0
1086.0
1042.0
1103.0
1072.0
1120.0
1145.0
1067.0
1053.0
1040.0
1049.0
1038.0
982.0
860.0
829.0
758.0
800.0
810.0
761.0
781.0
729.0
931.0
859.0
989.0
1000.0
1114.0
1031.0
1109.0
1091.0
1117.0
1111.0
1087.0
1044.0
1062.0
1019.0
1046.0
975.0
883.0
856.0
732.0
900.0
785.0
761.0
783.0
738.0
955.0
839.0
981.0
1036.0
1103.0
1032.0
1117.0
1085.0
1108.0
1129.0
1073.0
1062.0
1068.0
1020.0
1055.0
996.0
846.0
856.0
757.0
906.0
777.0
786.0
774.0
748.0
971.0
845.0
988.0
1015.0
1107.0
1040.0
1110.0
1073.0
1111.0
1149.0
1083.0
1052.0
1073.0
1022.0
1036.0
980.0
865.0
848.0
759.0
891.0
805.0
753.0
768.0
771.0
981.0
833.0
1036.0
1006.0
1115.0
1028.0
1128.0
1076.0
1124.0
1132.0
1095.0
1066.0
1052.0
1043.0
1047.0
978.0
863.0
854.0
780.0
898.0
805.0
767.0
787.0
751.0
1001.0
836.0
1007.0
1015.0
1136.0
1043.0
1122.0
1062.0
1143.0
1127.0
1083.0
1061.0
1052.0
1041.0
1047.0
989.0
877.0
868.0
779.0
909.0
807.0
796.0
785.0
767.0
990.0
856.0
997.0
1014.0
1119.0
1051.0
1136.0
1069.0
1132.0
1129.0
1086.0
1081.0
1062.0
1041.0
1051.0
1013.0
881.0
859.0
768.0
917.0
821.0
793.0
793.0
738.0
1018.0
879.0
1010.0
1047.0
1105.0
1052.0
1126.0
1085.0
1137.0
1131.0
1091.0
1062.0
1071.0
1058.0
1049.0
998.0
895.0
856.0
781.0
920.0
833.0
801.0
799.0
785.0
987.0
884.0
1016.0
1054.0
1113.0
1071.0
1111.0
1100.0
1107.0
1146.0
1096.0
1071.0
1076.0
1061.0
1071.0
1011.0
901.0
858.0
793.0
926.0
831.0
807.0
779.0
782.0
1004.0
867.0
1008.0
1048.0
1110.0
1058.0
1125.0
1088.0
1119.0
1144.0
1094.0
1090.0
1068.0
1046.0
1065.0
1020.0
894.0
