1052.0
1062.0
1049.0
1034.0
980.0
831.0
799.0
750.0
770.0
778.0
758.0
756.0
717.0
859.0
857.0
965.0
1035.0
1146.0
1052.0
1116.0
1108.0
1148.0
1175.0
1132.0
1047.0
1059.0
1049.0
1042.0
982.0
827.0
807.0
762.0
776.0
786.0
764.0
759.0
722.0
873.0
869.0
963.0
1041.0
1154.0
1066.0
1120.0
1119.0
1159.0
1181.0
1148.0
1053.0
1064.0
1063.0
1047.0
986.0
844.0
820.0
773.0
778.0
797.0
776.0
766.0
732.0
885.0
875.0
963.0
1053.0
1149.0
1067.0
1126.0
1136.0
1149.0
1198.0
1147.0
1061.0
1071.0
1062.0
1060.0
983.0
857.0
821.0
776.0
790.0
802.0
778.0
774.0
744.0
890.0
872.0
979.0
1060.0
1157.0
1077.0
1141.0
1125.0
1166.0
1198.0
1153.0
1067.0
1076.0
1077.0
1064.0
1000.0
851.0
828.0
783.0
797.0
811.0
783.0
774.0
760.0
904.0
898.0
984.0
1071.0
1161.0
1087.0
1141.0
1141.0
1168.0
1199.0
1155.0
1069.0
1077.0
1070.0
1073.0
1004.0
864.0
829.0
776.0
791.0
815.0
804.0
783.0
754.0
902.0
905.0
990.0
1069.0
1167.0
1086.0
1156.0
1138.0
1172.0
1201.0
1161.0
1070.0
1093.0
1074.0
1076.0
1016.0
878.0
822.0
779.0
868.0
839.0
799.0
761.0
773.0
911.0
898.0
975.0
1083.0
1171.0
1091.0
1157.0
1141.0
1174.0
1204.0
1159.0
1084.0
1085.0
1077.0
1077.0
1018.0
870.0
826.0
774.0
871.0
843.0
801.0
757.0
784.0
956.0
909.0
971.0
1079.0
1178.0
1099.0
1155.0
1135.0
1182.0
1204.0
1158.0
1085.0
1091.0
1083.0
1076.0
1022.0
875.0
829.0
782.0
876.0
852.0
800.0
767.0
784.0
969.0
918.0
981.0
1081.0
1179.0
1102.0
1166.0
1135.0
1186.0
1211.0
1164.0
1089.0
1091.0
1077.0
1084.0
1024.0
883.0
829.0
790.0
890.0
856.0
805.0
767.0
791.0
968.0
927.0
997.0
1071.0
1185.0
1108.0
1172.0
1139.0
1185.0
1212.0
1163.0
1089.0
1097.0
1083.0
1087.0
1026.0
884.0
837.0
797.0
900.0
866.0
811.0
783.0
796.0
971.0
931.0
1001.0
1079.0
1188.0
1115.0
1182.0
1136.0
1189.0
1216.0
1173.0
1101.0
1098.0
1087.0
1090.0
1032.0
897.0
845.0
800.0
895.0
866.0
816.0
781.0
802.0
970.0
936.0
1004.0
1103.0
1187.0
1122.0
1177.0
1150.0
1182.0
1217.0
1177.0
1108.0
1101.0
1088.0
1101.0
1039.0
898.0
848.0
804.0
906.0
868.0
828.0
793.0
796.0
975.0
942.0
1016.0
1098.0
1185.0
1129.0
1191.0
1150.0
1188.0
1220.0
1180.0
1103.0
1111.0
1091.0
1102.0
1042.0
901.0
850.0
801.0
916.0
875.0
837.0
787.0
798.0
983.0
940.0
1014.0
1104.0
1186.0
1138.0
1198.0
1158.0
1184.0
1227.0
1186.0
1112.0
1106.0
1099.0
1097.0
1035.0
919.0
