1024.0
1001.0
1005.0
1000.0
959.0
836.0
782.0
752.0
778.0
784.0
773.0
764.0
705.0
833.0
878.0
909.0
1008.0
1073.0
1024.0
1042.0
1078.0
1088.0
1114.0
1110.0
1020.0
996.0
1013.0
1004.0
952.0
828.0
785.0
759.0
766.0
818.0
774.0
783.0
707.0
847.0
888.0
926.0
1009.0
1083.0
1041.0
1038.0
1076.0
1091.0
1109.0
1124.0
1031.0
991.0
1025.0
1020.0
956.0
835.0
808.0
781.0
770.0
829.0
805.0
758.0
731.0
874.0
901.0
923.0
1023.0
1077.0
1052.0
1056.0
1098.0
1081.0
1129.0
1128.0
1035.0
1005.0
1007.0
1007.0
975.0
841.0
811.0
792.0
777.0
804.0
788.0
771.0
746.0
860.0
866.0
910.0
1028.0
1093.0
1052.0
1063.0
1095.0
1102.0
1140.0
1132.0
1036.0
1019.0
1025.0
1021.0
960.0
834.0
789.0
782.0
806.0
825.0
795.0
782.0
757.0
882.0
904.0
950.0
1026.0
1100.0
1058.0
1054.0
1092.0
1100.0
1134.0
1141.0
1051.0
1017.0
1007.0
1029.0
994.0
829.0
792.0
803.0
786.0
831.0
800.0
787.0
740.0
866.0
913.0
936.0
1022.0
1103.0
1072.0
1064.0
1100.0
1096.0
1141.0
1143.0
1042.0
1015.0
1018.0
1023.0
987.0
870.0
799.0
780.0
863.0
845.0
786.0
781.0
757.0
893.0
879.0
941.0
1032.0
1101.0
1059.0
1083.0
1104.0
1109.0
1149.0
1144.0
1056.0
1016.0
1022.0
1023.0
1000.0
857.0
808.0
784.0
855.0
843.0
786.0
765.0
764.0
910.0
925.0
929.0
1032.0
1097.0
1064.0
1090.0
1099.0
1100.0
1144.0
1144.0
1061.0
1036.0
1031.0
1022.0
998.0
859.0
814.0
782.0
851.0
866.0
804.0
774.0
778.0
904.0
908.0
950.0
1028.0
1090.0
1091.0
1089.0
1091.0
1110.0
1142.0
1147.0
1058.0
1035.0
1016.0
1037.0
991.0
872.0
818.0
809.0
849.0
869.0
830.0
779.0
766.0
892.0
935.0
953.0
1022.0
1097.0
1084.0
1103.0
1103.0
1114.0
1152.0
1154.0
1058.0
1031.0
1038.0
1019.0
997.0
869.0
808.0
798.0
871.0
859.0
805.0
794.0
770.0
912.0
945.0
945.0
1022.0
1102.0
1084.0
1117.0
1105.0
1108.0
1148.0
1145.0
1069.0
1052.0
1031.0
1034.0
1008.0
884.0
814.0
805.0
865.0
876.0
807.0
793.0
777.0
907.0
930.0
967.0
1046.0
1118.0
1094.0
1108.0
1110.0
1108.0
1156.0
1153.0
1080.0
1062.0
1031.0
1038.0
1003.0
878.0
829.0
790.0
858.0
867.0
824.0
807.0
782.0
936.0
932.0
974.0
1056.0
1117.0
1093.0
1113.0
1106.0
1116.0
1159.0
1155.0
1070.0
1061.0
1032.0
1049.0
1014.0
891.0
823.0
799.0
881.0
874.0
804.0
807.0
800.0
924.0
927.0
971.0
1064.0
1101.0
1097.0
1126.0
1144.0
1120.0
1150.0
1148.0
1093.0
1050.0
1045.0
1047.0
999.0
888.0
