702.0
652.0
704.0
578.0
578.0
558.0
568.0
580.0
575.0
649.0
654.0
623.0
618.0
701.0
707.0
642.0
574.0
570.0
730.0
556.0
575.0
650.0
622.0
613.0
602.0
630.0
575.0
571.0
540.0
575.0
563.0
612.0
599.0
656.0
586.0
561.0
634.0
717.0
699.0
688.0
605.0
715.0
712.0
720.0
739.0
837.0
972.0
1080.0
1025.0
1055.0
1140.0
1156.0
1278.0
1129.0
1180.0
1045.0
1112.0
1155.0
801.0
622.0
596.0
646.0
594.0
668.0
620.0
589.0
730.0
615.0
1041.0
796.0
1055.0
1015.0
911.0
769.0
831.0
1003.0
1078.0
1070.0
1013.0
942.0
1099.0
1012.0
797.0
817.0
746.0
890.0
798.0
710.0
623.0
687.0
859.0
722.0
692.0
738.0
932.0
980.0
954.0
886.0
1025.0
989.0
1053.0
1022.0
926.0
904.0
810.0
824.0
655.0
599.0
593.0
563.0
575.0
610.0
656.0
661.0
713.0
857.0
815.0
924.0
761.0
966.0
905.0
969.0
955.0
1010.0
1155.0
1194.0
1153.0
964.0
1041.0
795.0
652.0
578.0
601.0
642.0
564.0
524.0
1086.0
750.0
773.0
856.0
762.0
1061.0
1031.0
989.0
1099.0
977.0
1082.0
1073.0
986.0
1121.0
967.0
743.0
886.0
915.0
832.0
582.0
819.0
726.0
773.0
853.0
801.0
794.0
840.0
737.0
765.0
828.0
682.0
549.0
764.0
672.0
671.0
706.0
623.0
611.0
587.0
763.0
595.0
628.0
560.0
533.0
560.0
630.0
613.0
624.0
570.0
509.0
656.0
642.0
524.0
592.0
559.0
528.0
605.0
606.0
562.0
480.0
576.0
598.0
494.0
730.0
521.0
729.0
562.0
562.0
593.0
854.0
582.0
721.0
876.0
735.0
601.0
718.0
740.0
669.0
478.0
487.0
608.0
809.0
593.0
505.0
487.0
514.0
537.0
588.0
570.0
578.0
503.0
546.0
698.0
585.0
695.0
718.0
902.0
597.0
676.0
825.0
976.0
840.0
922.0
1010.0
868.0
985.0
896.0
1051.0
1074.0
1074.0
909.0
993.0
1015.0
929.0
732.0
602.0
905.0
805.0
615.0
580.0
506.0
485.0
544.0
716.0
613.0
690.0
681.0
832.0
804.0
866.0
874.0
835.0
888.0
813.0
863.0
746.0
782.0
913.0
861.0
557.0
652.0
766.0
595.0
591.0
515.0
792.0
583.0
548.0
597.0
763.0
686.0
642.0
724.0
877.0
852.0
891.0
944.0
957.0
940.0
934.0
773.0
753.0
772.0
558.0
531.0
642.0
568.0
607.0
615.0
728.0
756.0
842.0
869.0
863.0
875.0
692.0
801.0
830.0
865.0
953.0
1036.0
1043.0
923.0
912.0
736.0
794.0
618.0
653.0
681.0
620.0
654.0
635.0
725.0
650.0
768.0
612.0
536.0
589.0
710.0
597.0
693.0
570.0
615.0
495.0
576.0
563.0
