647.0
606.0
568.0
542.0
522.0
505.0
498.0
511.0
516.0
564.0
594.0
569.0
553.0
607.0
632.0
590.0
532.0
500.0
601.0
522.0
487.0
561.0
546.0
539.0
550.0
554.0
526.0
504.0
486.0
496.0
506.0
531.0
542.0
566.0
539.0
501.0
541.0
621.0
636.0
619.0
557.0
566.0
628.0
642.0
658.0
718.0
883.0
1016.0
991.0
1011.0
1103.0
1125.0
1301.0
1112.0
1154.0
1022.0
1060.0
1114.0
819.0
599.0
518.0
511.0
506.0
566.0
584.0
528.0
607.0
567.0
1014.0
883.0
1015.0
1021.0
858.0
695.0
684.0
921.0
1022.0
1030.0
978.0
881.0
1043.0
988.0
748.0
681.0
630.0
757.0
714.0
603.0
558.0
554.0
759.0
685.0
623.0
638.0
816.0
897.0
871.0
792.0
952.0
947.0
997.0
980.0
866.0
806.0
697.0
675.0
593.0
536.0
521.0
498.0
509.0
541.0
583.0
611.0
638.0
756.0
748.0
833.0
723.0
883.0
863.0
882.0
903.0
940.0
1110.0
1166.0
1113.0
958.0
982.0
729.0
609.0
539.0
487.0
551.0
565.0
485.0
1044.0
964.0
754.0
801.0
739.0
1018.0
1016.0
955.0
1042.0
951.0
1024.0
1030.0
952.0
1074.0
965.0
724.0
763.0
850.0
771.0
560.0
690.0
726.0
692.0
786.0
772.0
746.0
725.0
682.0
715.0
721.0
665.0
584.0
645.0
626.0
662.0
670.0
555.0
568.0
564.0
636.0
598.0
585.0
526.0
491.0
532.0
568.0
581.0
611.0
551.0
479.0
578.0
616.0
515.0
516.0
535.0
499.0
554.0
576.0
549.0
474.0
501.0
574.0
485.0
605.0
502.0
582.0
521.0
497.0
552.0
787.0
596.0
577.0
802.0
709.0
604.0
611.0
649.0
652.0
518.0
450.0
508.0
739.0
628.0
511.0
446.0
485.0
529.0
574.0
561.0
570.0
492.0
529.0
683.0
505.0
619.0
670.0
841.0
584.0
600.0
774.0
819.0
794.0
849.0
937.0
864.0
914.0
843.0
954.0
1025.0
1027.0
929.0
929.0
965.0
884.0
750.0
643.0
831.0
822.0
632.0
605.0
552.0
484.0
555.0
634.0
624.0
638.0
609.0
754.0
756.0
762.0
786.0
803.0
809.0
774.0
785.0
744.0
708.0
818.0
848.0
640.0
571.0
587.0
653.0
630.0
528.0
703.0
600.0
558.0
580.0
736.0
700.0
673.0
735.0
819.0
832.0
863.0
909.0
919.0
906.0
898.0
752.0
696.0
701.0
545.0
544.0
613.0
549.0
610.0
633.0
722.0
755.0
816.0
840.0
827.0
826.0
697.0
762.0
802.0
815.0
918.0
1008.0
1015.0
908.0
870.0
699.0
711.0
601.0
587.0
661.0
597.0
644.0
643.0
701.0
673.0
740.0
648.0
543.0
602.0
697.0
616.0
706.0
585.0
600.0
526.0
573.0
593.0
