651.0
574.0
538.0
538.0
467.0
493.0
495.0
496.0
510.0
539.0
576.0
556.0
530.0
564.0
601.0
560.0
513.0
490.0
564.0
554.0
450.0
524.0
566.0
508.0
528.0
539.0
524.0
494.0
493.0
488.0
509.0
521.0
540.0
548.0
547.0
493.0
511.0
597.0
601.0
564.0
546.0
519.0
597.0
575.0
571.0
646.0
853.0
1027.0
1009.0
1065.0
1147.0
1166.0
1384.0
1097.0
1212.0
1013.0
1119.0
1154.0
772.0
636.0
503.0
473.0
494.0
495.0
556.0
497.0
545.0
584.0
1026.0
838.0
1076.0
1049.0
856.0
668.0
644.0
936.0
1035.0
1065.0
1010.0
879.0
1103.0
1002.0
748.0
655.0
580.0
691.0
626.0
566.0
518.0
498.0
695.0
635.0
576.0
558.0
773.0
875.0
864.0
766.0
993.0
953.0
1031.0
1009.0
868.0
791.0
644.0
627.0
555.0
501.0
475.0
494.0
480.0
512.0
561.0
588.0
587.0
689.0
702.0
785.0
668.0
877.0
832.0
884.0
889.0
957.0
1151.0
1203.0
1137.0
946.0
1028.0
656.0
647.0
528.0
467.0
535.0
555.0
463.0
1077.0
929.0
778.0
764.0
707.0
1008.0
1035.0
986.0
1076.0
947.0
1080.0
1061.0
972.0
1126.0
966.0
726.0
737.0
841.0
747.0
540.0
651.0
737.0
607.0
713.0
741.0
696.0
642.0
655.0
660.0
642.0
649.0
548.0
577.0
629.0
607.0
589.0
572.0
551.0
540.0
596.0
626.0
540.0
523.0
509.0
522.0
545.0
595.0
600.0
547.0
497.0
557.0
626.0
519.0
497.0
549.0
505.0
540.0
582.0
554.0
473.0
485.0
582.0
498.0
580.0
545.0
560.0
570.0
486.0
530.0
755.0
610.0
523.0
814.0
690.0
581.0
557.0
660.0
630.0
505.0
444.0
488.0
735.0
629.0
488.0
454.0
500.0
532.0
567.0
579.0
584.0
499.0
531.0
656.0
553.0
636.0
640.0
774.0
674.0
590.0
676.0
827.0
864.0
825.0
912.0
899.0
916.0
828.0
948.0
1055.0
1080.0
991.0
928.0
963.0
917.0
792.0
642.0
689.0
842.0
716.0
549.0
556.0
475.0
527.0
580.0
682.0
606.0
581.0
724.0
722.0
732.0
752.0
833.0
764.0
776.0
755.0
750.0
662.0
739.0
904.0
749.0
434.0
493.0
844.0
599.0
496.0
715.0
637.0
529.0
552.0
751.0
716.0
667.0
714.0
807.0
825.0
840.0
900.0
927.0
908.0
894.0
721.0
671.0
668.0
550.0
516.0
585.0
577.0
620.0
625.0
729.0
748.0
789.0
829.0
816.0
802.0
668.0
721.0
784.0
796.0
915.0
1031.0
1041.0
902.0
863.0
628.0
686.0
581.0
556.0
651.0
601.0
635.0
653.0
708.0
682.0
725.0
654.0
514.0
604.0
703.0
620.0
690.0
594.0
613.0
510.0
574.0
591.0
