Observation,Prediction
1257.0,1294.0
1189.0,1278.0
1350.0,1247.0
1085.0,1307.0
1012.0,1227.0
1278.0,1166.0
1268.0,1307.0
1353.0,1341.0
1564.0,1433.0
1584.0,1566.0
1451.0,1613.0
1551.0,1517.0
1741.0,1548.0
2860.0,1686.0
1873.0,2447.0
2262.0,2058.0
2154.0,1983.0
2252.0,2080.0
1659.0,2070.0
1632.0,1755.0
1620.0,1495.0
1622.0,1550.0
1165.0,1540.0
1253.0,1296.0
1260.0,1246.0
1195.0,1302.0
1359.0,1250.0
1104.0,1400.0
1025.0,1228.0
1294.0,1169.0
1287.0,1285.0
1369.0,1308.0
1591.0,1472.0
1600.0,1594.0
1463.0,1632.0
1568.0,1523.0
1761.0,1567.0
2875.0,1707.0
1892.0,2553.0
2287.0,2135.0
2175.0,2130.0
2297.0,2159.0
1682.0,2097.0
1654.0,1760.0
1641.0,1558.0
1641.0,1619.0
1177.0,1613.0
1259.0,1308.0
1281.0,1240.0
1220.0,1295.0
1373.0,1275.0
1120.0,1350.0
1030.0,1255.0
1299.0,1215.0
1293.0,1297.0
1396.0,1356.0
1609.0,1466.0
1619.0,1613.0
1491.0,1655.0
1594.0,1574.0
1785.0,1609.0
2921.0,1747.0
1914.0,2451.0
2304.0,2158.0
2191.0,2074.0
2324.0,2144.0
1705.0,2132.0
1674.0,1770.0
1674.0,1573.0
1662.0,1585.0
1191.0,1559.0
1272.0,1327.0
1289.0,1259.0
1415.0,1317.0
1383.0,1396.0
1127.0,1412.0
1041.0,1289.0
1302.0,1185.0
1317.0,1313.0
1418.0,1414.0
1636.0,1488.0
1645.0,1624.0
1513.0,1724.0
1625.0,1657.0
1808.0,1625.0
2935.0,1758.0
2165.0,2497.0
2333.0,2356.0
2207.0,2174.0
2351.0,2100.0
1725.0,2104.0
1739.0,1818.0
1687.0,1635.0
1671.0,1665.0
1207.0,1634.0
1286.0,1330.0
1315.0,1268.0
1424.0,1298.0
1392.0,1393.0
1135.0,1436.0
1060.0,1290.0
1314.0,1172.0
1330.0,1302.0
1494.0,1412.0
1662.0,1540.0
1664.0,1687.0
1551.0,1766.0
1655.0,1648.0
1825.0,1658.0
2978.0,1783.0
2197.0,2524.0
2379.0,2346.0
2224.0,2136.0
2366.0,2155.0
1748.0,2108.0
1776.0,1786.0
1852.0,1640.0
1693.0,1700.0
1228.0,1647.0
1289.0,1352.0
1328.0,1300.0
1435.0,1334.0
1405.0,1435.0
1142.0,1456.0
1074.0,1316.0
1333.0,1182.0
1340.0,1322.0
1556.0,1428.0
1672.0,1559.0
1689.0,1648.0
1566.0,1747.0
1682.0,1649.0
1845.0,1686.0
3000.0,1817.0
2220.0,2556.0
2402.0,2329.0
2231.0,2195.0
2380.0,2181.0
1761.0,2208.0
1800.0,1891.0
1863.0,1715.0
1711.0,1815.0
1250.0,1684.0
1297.0,1362.0
1334.0,1314.0
1453.0,1377.0
1416.0,1434.0
1149.0,1478.0
1084.0,1345.0
1336.0,1263.0
1346.0,1350.0
1683.0,1428.0
1679.0,1640.0
1692.0,1710.0
1573.0,1732.0
1699.0,1680.0
1860.0,1648.0
3008.0,1801.0
2227.0,2544.0
2409.0,2348.0
2237.0,2231.0
2389.0,2188.0
1765.0,2148.0
1805.0,1902.0
1875.0,1722.0
1717.0,1810.0
1258.0,1719.0
1307.0,1424.0
1336.0,1340.0
1461.0,1371.0
1421.0,1456.0
1151.0,1499.0
1094.0,1313.0
1345.0,1200.0
1348.0,1375.0
1702.0,1434.0
1684.0,1625.0
1702.0,1702.0
1580.0,1671.0
1704.0,1644.0
1867.0,1699.0
3015.0,1828.0
2245.0,2579.0
2424.0,2318.0
2239.0,2193.0
2396.0,2225.0
1766.0,2203.0
1813.0,1933.0
1879.0,1726.0
1736.0,1846.0
1267.0,1710.0
1317.0,1425.0
1679.0,1346.0
1488.0,1618.0
1425.0,1561.0
1169.0,1481.0
1102.0,1328.0
1354.0,1225.0
1356.0,1388.0
1746.0,1439.0
1696.0,1669.0
1736.0,1736.0
1620.0,1742.0
1736.0,1676.0
1888.0,1706.0
3080.0,1840.0
2263.0,2639.0
2444.0,2404.0
2255.0,2240.0
2401.0,2282.0
1977.0,2127.0
1839.0,2043.0
1906.0,1789.0
1750.0,1892.0
1273.0,1758.0
1328.0,1462.0
1687.0,1366.0
1496.0,1619.0
1448.0,1554.0
1182.0,1506.0
1113.0,1354.0
1358.0,1186.0
1364.0,1388.0
1757.0,1420.0
1718.0,1670.0
1743.0,1761.0
1640.0,1718.0
1779.0,1680.0
1905.0,1733.0
3099.0,1865.0
2464.0,2604.0
2477.0,2471.0
2287.0,2330.0
2407.0,2267.0
2004.0,2241.0
1881.0,2066.0
1918.0,1896.0
1758.0,1904.0
1380.0,1774.0
1342.0,1499.0
