Observation,Prediction
1257.0,1390.0
1189.0,1296.0
1350.0,1230.0
1085.0,1359.0
1012.0,1152.0
1278.0,1056.0
1268.0,1274.0
1353.0,1294.0
1564.0,1371.0
1584.0,1564.0
1451.0,1608.0
1551.0,1501.0
1741.0,1568.0
2860.0,1744.0
1873.0,2736.0
2262.0,2025.0
2154.0,2255.0
2252.0,2199.0
1659.0,2274.0
1632.0,1781.0
1620.0,1684.0
1622.0,1658.0
1165.0,1656.0
1253.0,1266.0
1260.0,1281.0
1195.0,1292.0
1359.0,1233.0
1104.0,1369.0
1025.0,1170.0
1294.0,1071.0
1287.0,1288.0
1369.0,1314.0
1591.0,1381.0
1600.0,1588.0
1463.0,1621.0
1568.0,1512.0
1761.0,1586.0
2875.0,1760.0
1892.0,2745.0
2287.0,2044.0
2175.0,2275.0
2297.0,2218.0
1682.0,2308.0
1654.0,1807.0
1641.0,1705.0
1641.0,1677.0
1177.0,1675.0
1259.0,1276.0
1281.0,1288.0
1220.0,1304.0
1373.0,1258.0
1120.0,1378.0
1030.0,1184.0
1299.0,1075.0
1293.0,1287.0
1396.0,1318.0
1609.0,1411.0
1619.0,1605.0
1491.0,1641.0
1594.0,1533.0
1785.0,1610.0
2921.0,1787.0
1914.0,2784.0
2304.0,2066.0
2191.0,2298.0
2324.0,2236.0
1705.0,2339.0
1674.0,1827.0
1674.0,1725.0
1662.0,1708.0
1191.0,1694.0
1272.0,1296.0
1289.0,1304.0
1415.0,1313.0
1383.0,1426.0
1127.0,1415.0
1041.0,1192.0
1302.0,1082.0
1317.0,1293.0
1418.0,1335.0
1636.0,1430.0
1645.0,1630.0
1513.0,1667.0
1625.0,1557.0
1808.0,1644.0
2935.0,1807.0
2165.0,2798.0
2333.0,2287.0
2207.0,2354.0
2351.0,2256.0
1725.0,2360.0
1739.0,1848.0
1687.0,1777.0
1671.0,1727.0
1207.0,1707.0
1286.0,1305.0
1315.0,1316.0
1424.0,1342.0
1392.0,1440.0
1135.0,1423.0
1060.0,1201.0
1314.0,1105.0
1330.0,1307.0
1494.0,1352.0
1662.0,1494.0
1664.0,1659.0
1551.0,1686.0
1655.0,1591.0
1825.0,1673.0
2978.0,1831.0
2197.0,2838.0
2379.0,2320.0
2224.0,2396.0
2366.0,2277.0
1748.0,2380.0
1776.0,1870.0
1852.0,1819.0
1693.0,1870.0
1228.0,1744.0
1289.0,1331.0
1328.0,1321.0
1435.0,1355.0
1405.0,1449.0
1142.0,1437.0
1074.0,1208.0
1333.0,1113.0
1340.0,1330.0
1556.0,1360.0
1672.0,1547.0
1689.0,1683.0
1566.0,1711.0
1682.0,1608.0
1845.0,1698.0
3000.0,1847.0
2220.0,2860.0
2402.0,2335.0
2231.0,2417.0
2380.0,2284.0
1761.0,2396.0
1800.0,1875.0
1863.0,1837.0
1711.0,1889.0
1250.0,1761.0
1297.0,1344.0
1334.0,1331.0
1453.0,1355.0
1416.0,1465.0
1149.0,1447.0
1084.0,1216.0
1336.0,1125.0
1346.0,1332.0
1683.0,1367.0
1679.0,1671.0
1692.0,1703.0
1573.0,1714.0
1699.0,1618.0
1860.0,1711.0
3008.0,1868.0
2227.0,2894.0
2409.0,2340.0
2237.0,2427.0
2389.0,2289.0
1765.0,2400.0
1805.0,1877.0
1875.0,1838.0
1717.0,1897.0
1258.0,1770.0
1307.0,1341.0
1336.0,1337.0
1461.0,1358.0
1421.0,1477.0
1151.0,1450.0
1094.0,1207.0
1345.0,1132.0
1348.0,1349.0
1702.0,1375.0
1684.0,1681.0
1702.0,1706.0
1580.0,1726.0
1704.0,1625.0
1867.0,1725.0
3015.0,1874.0
2245.0,2909.0
2424.0,2351.0
2239.0,2441.0
2396.0,2289.0
1766.0,2410.0
1813.0,1870.0
1879.0,1839.0
1736.0,1896.0
1267.0,1777.0
1317.0,1351.0
1679.0,1348.0
1488.0,1671.0
1425.0,1535.0
1169.0,1459.0
1102.0,1226.0
1354.0,1139.0
1356.0,1359.0
1746.0,1383.0
1696.0,1730.0
1736.0,1729.0
1620.0,1760.0
1736.0,1661.0
1888.0,1751.0
3080.0,1896.0
2263.0,2977.0
2444.0,2370.0
2255.0,2467.0
2401.0,2307.0
1977.0,2418.0
1839.0,2053.0
1906.0,1888.0
1750.0,1930.0
1273.0,1792.0
1328.0,1352.0
1687.0,1356.0
1496.0,1667.0
1448.0,1543.0
1182.0,1480.0
1113.0,1242.0
1358.0,1154.0
1364.0,1362.0
1757.0,1384.0
1718.0,1740.0
1743.0,1744.0
1640.0,1763.0
1779.0,1677.0
1905.0,1792.0
3099.0,1920.0
2464.0,3024.0
2477.0,2547.0
2287.0,2512.0
2407.0,2336.0
2004.0,2426.0
1881.0,2072.0
1918.0,1928.0
1758.0,1947.0
1380.0,1799.0
1342.0,1449.0
