Observation,Prediction
1257.0,1323.0
1189.0,1261.0
1350.0,1275.0
1085.0,1356.0
1012.0,1229.0
1278.0,1113.0
1268.0,1258.0
1353.0,1383.0
1564.0,1486.0
1584.0,1548.0
1451.0,1646.0
1551.0,1516.0
1741.0,1542.0
2860.0,1672.0
1873.0,2483.0
2262.0,2052.0
2154.0,2034.0
2252.0,1967.0
1659.0,2068.0
1632.0,1775.0
1620.0,1598.0
1622.0,1568.0
1165.0,1568.0
1253.0,1302.0
1260.0,1260.0
1195.0,1323.0
1359.0,1263.0
1104.0,1363.0
1025.0,1243.0
1294.0,1137.0
1287.0,1298.0
1369.0,1386.0
1591.0,1436.0
1600.0,1534.0
1463.0,1613.0
1568.0,1524.0
1761.0,1552.0
2875.0,1709.0
1892.0,2468.0
2287.0,2032.0
2175.0,2087.0
2297.0,2068.0
1682.0,2085.0
1654.0,1751.0
1641.0,1611.0
1641.0,1551.0
1177.0,1582.0
1259.0,1296.0
1281.0,1238.0
1220.0,1297.0
1373.0,1280.0
1120.0,1394.0
1030.0,1224.0
1299.0,1054.0
1293.0,1269.0
1396.0,1317.0
1609.0,1400.0
1619.0,1602.0
1491.0,1656.0
1594.0,1606.0
1785.0,1581.0
2921.0,1728.0
1914.0,2549.0
2304.0,2135.0
2191.0,2119.0
2324.0,2151.0
1705.0,2140.0
1674.0,1898.0
1674.0,1656.0
1662.0,1587.0
1191.0,1608.0
1272.0,1317.0
1289.0,1229.0
1415.0,1282.0
1383.0,1377.0
1127.0,1427.0
1041.0,1224.0
1302.0,1129.0
1317.0,1277.0
1418.0,1385.0
1636.0,1441.0
1645.0,1594.0
1513.0,1706.0
1625.0,1586.0
1808.0,1633.0
2935.0,1751.0
2165.0,2515.0
2333.0,2350.0
2207.0,2196.0
2351.0,2168.0
1725.0,2168.0
1739.0,1845.0
1687.0,1696.0
1671.0,1611.0
1207.0,1629.0
1286.0,1321.0
1315.0,1292.0
1424.0,1302.0
1392.0,1413.0
1135.0,1424.0
1060.0,1262.0
1314.0,1175.0
1330.0,1271.0
1494.0,1361.0
1662.0,1562.0
1664.0,1674.0
1551.0,1702.0
1655.0,1612.0
1825.0,1655.0
2978.0,1778.0
2197.0,2544.0
2379.0,2316.0
2224.0,2264.0
2366.0,2230.0
1748.0,2217.0
1776.0,1894.0
1852.0,1702.0
1693.0,1759.0
1228.0,1677.0
1289.0,1358.0
1328.0,1282.0
1435.0,1342.0
1405.0,1407.0
1142.0,1443.0
1074.0,1256.0
1333.0,1207.0
1340.0,1361.0
1556.0,1419.0
1672.0,1535.0
1689.0,1660.0
1566.0,1691.0
1682.0,1662.0
1845.0,1727.0
3000.0,1818.0
2220.0,2610.0
2402.0,2426.0
2231.0,2282.0
2380.0,2182.0
1761.0,2184.0
1800.0,1867.0
1863.0,1726.0
1711.0,1750.0
1250.0,1730.0
1297.0,1380.0
1334.0,1338.0
1453.0,1330.0
1416.0,1414.0
1149.0,1459.0
1084.0,1299.0
1336.0,1181.0
1346.0,1325.0
1683.0,1383.0
1679.0,1626.0
1692.0,1727.0
1573.0,1702.0
1699.0,1632.0
1860.0,1721.0
3008.0,1820.0
2227.0,2605.0
2409.0,2423.0
2237.0,2309.0
2389.0,2262.0
1765.0,2260.0
1805.0,1906.0
1875.0,1786.0
1717.0,1793.0
1258.0,1715.0
1307.0,1408.0
1336.0,1323.0
1461.0,1363.0
1421.0,1421.0
1151.0,1449.0
1094.0,1288.0
1345.0,1155.0
1348.0,1345.0
1702.0,1396.0
1684.0,1618.0
1702.0,1733.0
1580.0,1672.0
1704.0,1610.0
1867.0,1663.0
3015.0,1816.0
2245.0,2649.0
2424.0,2419.0
2239.0,2346.0
2396.0,2260.0
1766.0,2214.0
1813.0,1925.0
1879.0,1734.0
1736.0,1855.0
1267.0,1750.0
1317.0,1432.0
1679.0,1309.0
1488.0,1550.0
1425.0,1549.0
1169.0,1460.0
1102.0,1289.0
1354.0,1157.0
1356.0,1289.0
1746.0,1406.0
1696.0,1656.0
1736.0,1720.0
1620.0,1720.0
1736.0,1674.0
1888.0,1711.0
3080.0,1838.0
2263.0,2591.0
2444.0,2484.0
2255.0,2324.0
2401.0,2272.0
1977.0,2272.0
1839.0,2069.0
1906.0,1776.0
1750.0,1845.0
1273.0,1767.0
1328.0,1428.0
1687.0,1320.0
1496.0,1586.0
1448.0,1562.0
1182.0,1473.0
1113.0,1273.0
1358.0,1206.0
1364.0,1404.0
1757.0,1361.0
1718.0,1673.0
1743.0,1741.0
1640.0,1711.0
1779.0,1665.0
1905.0,1734.0
3099.0,1858.0
2464.0,2638.0
2477.0,2559.0
2287.0,2404.0
2407.0,2275.0
2004.0,2306.0
1881.0,2100.0
1918.0,1874.0
1758.0,1904.0
1380.0,1788.0
1342.0,1505.0
