Observation,Prediction
1257.0,1402.0
1189.0,1302.0
1350.0,1228.0
1085.0,1361.0
1012.0,1149.0
1278.0,1059.0
1268.0,1273.0
1353.0,1294.0
1564.0,1369.0
1584.0,1565.0
1451.0,1606.0
1551.0,1501.0
1741.0,1571.0
2860.0,1740.0
1873.0,2739.0
2262.0,2021.0
2154.0,2260.0
2252.0,2198.0
1659.0,2270.0
1632.0,1772.0
1620.0,1678.0
1622.0,1659.0
1165.0,1652.0
1253.0,1262.0
1260.0,1282.0
1195.0,1288.0
1359.0,1228.0
1104.0,1364.0
1025.0,1166.0
1294.0,1065.0
1287.0,1292.0
1369.0,1312.0
1591.0,1390.0
1600.0,1590.0
1463.0,1625.0
1568.0,1513.0
1761.0,1590.0
2875.0,1765.0
1892.0,2750.0
2287.0,2036.0
2175.0,2282.0
2297.0,2217.0
1682.0,2314.0
1654.0,1801.0
1641.0,1696.0
1641.0,1679.0
1177.0,1671.0
1259.0,1274.0
1281.0,1288.0
1220.0,1306.0
1373.0,1257.0
1120.0,1382.0
1030.0,1184.0
1299.0,1078.0
1293.0,1286.0
1396.0,1321.0
1609.0,1412.0
1619.0,1609.0
1491.0,1640.0
1594.0,1540.0
1785.0,1612.0
2921.0,1785.0
1914.0,2797.0
2304.0,2066.0
2191.0,2298.0
2324.0,2234.0
1705.0,2336.0
1674.0,1824.0
1674.0,1722.0
1662.0,1710.0
1191.0,1696.0
1272.0,1289.0
1289.0,1298.0
1415.0,1316.0
1383.0,1425.0
1127.0,1406.0
1041.0,1187.0
1302.0,1088.0
1317.0,1300.0
1418.0,1337.0
1636.0,1435.0
1645.0,1638.0
1513.0,1669.0
1625.0,1560.0
1808.0,1644.0
2935.0,1815.0
2165.0,2820.0
2333.0,2278.0
2207.0,2352.0
2351.0,2248.0
1725.0,2367.0
1739.0,1840.0
1687.0,1779.0
1671.0,1724.0
1207.0,1701.0
1286.0,1295.0
1315.0,1315.0
1424.0,1342.0
1392.0,1438.0
1135.0,1425.0
1060.0,1202.0
1314.0,1106.0
1330.0,1310.0
1494.0,1356.0
1662.0,1504.0
1664.0,1664.0
1551.0,1686.0
1655.0,1596.0
1825.0,1676.0
2978.0,1824.0
2197.0,2854.0
2379.0,2301.0
2224.0,2395.0
2366.0,2278.0
1748.0,2383.0
1776.0,1853.0
1852.0,1814.0
1693.0,1872.0
1228.0,1745.0
1289.0,1315.0
1328.0,1314.0
1435.0,1352.0
1405.0,1447.0
1142.0,1437.0
1074.0,1197.0
1333.0,1115.0
1340.0,1321.0
1556.0,1362.0
1672.0,1561.0
1689.0,1683.0
1566.0,1709.0
1682.0,1614.0
1845.0,1700.0
3000.0,1849.0
2220.0,2882.0
2402.0,2326.0
2231.0,2420.0
2380.0,2277.0
1761.0,2398.0
1800.0,1870.0
1863.0,1838.0
1711.0,1886.0
1250.0,1762.0
1297.0,1338.0
1334.0,1329.0
1453.0,1357.0
1416.0,1470.0
1149.0,1451.0
1084.0,1213.0
1336.0,1125.0
1346.0,1340.0
1683.0,1368.0
1679.0,1672.0
1692.0,1704.0
1573.0,1718.0
1699.0,1619.0
1860.0,1714.0
3008.0,1863.0
2227.0,2909.0
2409.0,2334.0
2237.0,2424.0
2389.0,2289.0
1765.0,2404.0
1805.0,1865.0
1875.0,1839.0
1717.0,1899.0
1258.0,1766.0
1307.0,1346.0
1336.0,1336.0
1461.0,1363.0
1421.0,1479.0
1151.0,1456.0
1094.0,1209.0
1345.0,1131.0
1348.0,1349.0
1702.0,1374.0
1684.0,1693.0
1702.0,1713.0
1580.0,1727.0
1704.0,1624.0
1867.0,1721.0
3015.0,1873.0
2245.0,2919.0
2424.0,2346.0
2239.0,2440.0
2396.0,2289.0
1766.0,2411.0
1813.0,1866.0
1879.0,1846.0
1736.0,1903.0
1267.0,1784.0
1317.0,1348.0
1679.0,1344.0
1488.0,1672.0
1425.0,1534.0
1169.0,1465.0
1102.0,1226.0
1354.0,1138.0
1356.0,1359.0
1746.0,1381.0
1696.0,1732.0
1736.0,1724.0
1620.0,1764.0
1736.0,1663.0
1888.0,1751.0
3080.0,1906.0
2263.0,2987.0
2444.0,2371.0
2255.0,2469.0
2401.0,2302.0
1977.0,2419.0
1839.0,2051.0
1906.0,1887.0
1750.0,1926.0
1273.0,1798.0
1328.0,1352.0
1687.0,1354.0
1496.0,1682.0
1448.0,1540.0
1182.0,1486.0
1113.0,1236.0
1358.0,1150.0
1364.0,1364.0
1757.0,1392.0
1718.0,1750.0
1743.0,1747.0
1640.0,1766.0
1779.0,1680.0
1905.0,1800.0
3099.0,1919.0
2464.0,3010.0
2477.0,2545.0
2287.0,2512.0
2407.0,2336.0
2004.0,2431.0
1881.0,2074.0
1918.0,1926.0
1758.0,1945.0
1380.0,1806.0
1342.0,1449.0
