Observation,Prediction
1257.0,1261.0
1189.0,1255.0
1350.0,1208.0
1085.0,1321.0
1012.0,1134.0
1278.0,1083.0
1268.0,1271.0
1353.0,1264.0
1564.0,1324.0
1584.0,1473.0
1451.0,1488.0
1551.0,1394.0
1741.0,1465.0
2860.0,1599.0
1873.0,2402.0
2262.0,1691.0
2154.0,1968.0
2252.0,1895.0
1659.0,1969.0
1632.0,1547.0
1620.0,1528.0
1622.0,1520.0
1165.0,1522.0
1253.0,1200.0
1260.0,1262.0
1195.0,1267.0
1359.0,1222.0
1104.0,1337.0
1025.0,1158.0
1294.0,1103.0
1287.0,1292.0
1369.0,1287.0
1591.0,1345.0
1600.0,1500.0
1463.0,1507.0
1568.0,1412.0
1761.0,1486.0
2875.0,1621.0
1892.0,2417.0
2287.0,1713.0
2175.0,1994.0
2297.0,1917.0
1682.0,2008.0
1654.0,1571.0
1641.0,1552.0
1641.0,1544.0
1177.0,1544.0
1259.0,1218.0
1281.0,1276.0
1220.0,1291.0
1373.0,1248.0
1120.0,1356.0
1030.0,1179.0
1299.0,1116.0
1293.0,1304.0
1396.0,1300.0
1609.0,1372.0
1619.0,1521.0
1491.0,1529.0
1594.0,1440.0
1785.0,1512.0
2921.0,1646.0
1914.0,2454.0
2304.0,1736.0
2191.0,2012.0
2324.0,1935.0
1705.0,2033.0
1674.0,1595.0
1674.0,1574.0
1662.0,1574.0
1191.0,1566.0
1272.0,1237.0
1289.0,1294.0
1415.0,1306.0
1383.0,1394.0
1127.0,1372.0
1041.0,1194.0
1302.0,1133.0
1317.0,1316.0
1418.0,1326.0
1636.0,1396.0
1645.0,1549.0
1513.0,1555.0
1625.0,1464.0
1808.0,1542.0
2935.0,1670.0
2165.0,2468.0
2333.0,1921.0
2207.0,2043.0
2351.0,1957.0
1725.0,2063.0
1739.0,1619.0
1687.0,1630.0
1671.0,1593.0
1207.0,1583.0
1286.0,1256.0
1315.0,1312.0
1424.0,1332.0
1392.0,1409.0
1135.0,1387.0
1060.0,1207.0
1314.0,1154.0
1330.0,1333.0
1494.0,1344.0
1662.0,1459.0
1664.0,1576.0
1551.0,1579.0
1655.0,1500.0
1825.0,1572.0
2978.0,1692.0
2197.0,2509.0
2379.0,1954.0
2224.0,2086.0
2366.0,1979.0
1748.0,2084.0
1776.0,1645.0
1852.0,1665.0
1693.0,1719.0
1228.0,1607.0
1289.0,1280.0
1328.0,1323.0
1435.0,1351.0
1405.0,1426.0
1142.0,1405.0
1074.0,1220.0
1333.0,1172.0
1340.0,1355.0
1556.0,1360.0
1672.0,1512.0
1689.0,1593.0
1566.0,1606.0
1682.0,1519.0
1845.0,1601.0
3000.0,1716.0
2220.0,2536.0
2402.0,1980.0
2231.0,2112.0
2380.0,1993.0
1761.0,2103.0
1800.0,1663.0
1863.0,1691.0
1711.0,1736.0
1250.0,1629.0
1297.0,1304.0
1334.0,1337.0
1453.0,1364.0
1416.0,1447.0
1149.0,1422.0
1084.0,1234.0
1336.0,1189.0
1346.0,1366.0
1683.0,1373.0
1679.0,1610.0
1692.0,1607.0
1573.0,1617.0
1699.0,1534.0
1860.0,1622.0
3008.0,1735.0
2227.0,2551.0
2409.0,1994.0
2237.0,2126.0
2389.0,2006.0
1765.0,2117.0
1805.0,1674.0
1875.0,1703.0
1717.0,1753.0
1258.0,1642.0
1307.0,1318.0
1336.0,1353.0
1461.0,1373.0
1421.0,1462.0
1151.0,1433.0
1094.0,1243.0
1345.0,1203.0
1348.0,1380.0
1702.0,1382.0
1684.0,1631.0
1702.0,1619.0
1580.0,1632.0
1704.0,1547.0
1867.0,1634.0
3015.0,1749.0
2245.0,2565.0
2424.0,2016.0
2239.0,2146.0
2396.0,2017.0
1766.0,2131.0
1813.0,1683.0
1879.0,1717.0
1736.0,1764.0
1267.0,1663.0
1317.0,1333.0
1679.0,1368.0
1488.0,1623.0
1425.0,1489.0
1169.0,1445.0
1102.0,1265.0
1354.0,1218.0
1356.0,1395.0
1746.0,1397.0
1696.0,1670.0
1736.0,1635.0
1620.0,1664.0
1736.0,1583.0
1888.0,1664.0
3080.0,1771.0
2263.0,2615.0
2444.0,2034.0
2255.0,2165.0
2401.0,2033.0
1977.0,2139.0
1839.0,1840.0
1906.0,1743.0
1750.0,1790.0
1273.0,1681.0
1328.0,1346.0
1687.0,1385.0
1496.0,1637.0
1448.0,1503.0
1182.0,1470.0
1113.0,1283.0
1358.0,1235.0
1364.0,1406.0
1757.0,1411.0
1718.0,1686.0
1743.0,1659.0
1640.0,1677.0
1779.0,1605.0
1905.0,1703.0
3099.0,1791.0
2464.0,2635.0
2477.0,2186.0
2287.0,2198.0
2407.0,2065.0
2004.0,2153.0
1881.0,1868.0
1918.0,1781.0
1758.0,1808.0
1380.0,1695.0
1342.0,1428.0
