Observation,Prediction
1257.0,1289.0
1189.0,1287.0
1350.0,1237.0
1085.0,1326.0
1012.0,1188.0
1278.0,1166.0
1268.0,1372.0
1353.0,1365.0
1564.0,1406.0
1584.0,1558.0
1451.0,1606.0
1551.0,1525.0
1741.0,1558.0
2860.0,1661.0
1873.0,2454.0
2262.0,2016.0
2154.0,2002.0
2252.0,2090.0
1659.0,2075.0
1632.0,1706.0
1620.0,1642.0
1622.0,1584.0
1165.0,1607.0
1253.0,1274.0
1260.0,1238.0
1195.0,1299.0
1359.0,1262.0
1104.0,1359.0
1025.0,1229.0
1294.0,1186.0
1287.0,1270.0
1369.0,1340.0
1591.0,1483.0
1600.0,1551.0
1463.0,1618.0
1568.0,1524.0
1761.0,1568.0
2875.0,1699.0
1892.0,2498.0
2287.0,2102.0
2175.0,2109.0
2297.0,2181.0
1682.0,2150.0
1654.0,1805.0
1641.0,1593.0
1641.0,1587.0
1177.0,1528.0
1259.0,1311.0
1281.0,1224.0
1220.0,1324.0
1373.0,1274.0
1120.0,1407.0
1030.0,1288.0
1299.0,1162.0
1293.0,1331.0
1396.0,1446.0
1609.0,1462.0
1619.0,1613.0
1491.0,1646.0
1594.0,1583.0
1785.0,1606.0
2921.0,1725.0
1914.0,2555.0
2304.0,2076.0
2191.0,2141.0
2324.0,2070.0
1705.0,2160.0
1674.0,1803.0
1674.0,1635.0
1662.0,1592.0
1191.0,1634.0
1272.0,1329.0
1289.0,1254.0
1415.0,1293.0
1383.0,1409.0
1127.0,1434.0
1041.0,1230.0
1302.0,1167.0
1317.0,1301.0
1418.0,1406.0
1636.0,1452.0
1645.0,1604.0
1513.0,1707.0
1625.0,1595.0
1808.0,1602.0
2935.0,1807.0
2165.0,2476.0
2333.0,2315.0
2207.0,2142.0
2351.0,2136.0
1725.0,2202.0
1739.0,1837.0
1687.0,1646.0
1671.0,1624.0
1207.0,1584.0
1286.0,1347.0
1315.0,1276.0
1424.0,1363.0
1392.0,1418.0
1135.0,1451.0
1060.0,1285.0
1314.0,1177.0
1330.0,1349.0
1494.0,1428.0
1662.0,1516.0
1664.0,1643.0
1551.0,1672.0
1655.0,1615.0
1825.0,1670.0
2978.0,1767.0
2197.0,2485.0
2379.0,2316.0
2224.0,2139.0
2366.0,2106.0
1748.0,2179.0
1776.0,1849.0
1852.0,1622.0
1693.0,1790.0
1228.0,1617.0
1289.0,1355.0
1328.0,1304.0
1435.0,1355.0
1405.0,1431.0
1142.0,1484.0
1074.0,1306.0
1333.0,1236.0
1340.0,1306.0
1556.0,1462.0
1672.0,1535.0
1689.0,1712.0
1566.0,1689.0
1682.0,1645.0
1845.0,1692.0
3000.0,1841.0
2220.0,2520.0
2402.0,2210.0
2231.0,2105.0
2380.0,2172.0
1761.0,2165.0
1800.0,1824.0
1863.0,1718.0
1711.0,1793.0
1250.0,1668.0
1297.0,1422.0
1334.0,1331.0
1453.0,1424.0
1416.0,1451.0
1149.0,1503.0
1084.0,1278.0
1336.0,1196.0
1346.0,1330.0
1683.0,1441.0
1679.0,1635.0
1692.0,1747.0
1573.0,1681.0
1699.0,1633.0
1860.0,1691.0
3008.0,1842.0
2227.0,2547.0
2409.0,2288.0
2237.0,2222.0
2389.0,2148.0
1765.0,2218.0
1805.0,1919.0
1875.0,1721.0
1717.0,1831.0
1258.0,1709.0
1307.0,1394.0
1336.0,1310.0
1461.0,1388.0
1421.0,1443.0
1151.0,1454.0
1094.0,1302.0
1345.0,1218.0
1348.0,1324.0
1702.0,1383.0
1684.0,1628.0
1702.0,1704.0
1580.0,1696.0
1704.0,1637.0
1867.0,1654.0
3015.0,1819.0
2245.0,2553.0
2424.0,2350.0
2239.0,2251.0
2396.0,2227.0
1766.0,2228.0
1813.0,1922.0
1879.0,1728.0
1736.0,1857.0
1267.0,1697.0
1317.0,1431.0
1679.0,1304.0
1488.0,1638.0
1425.0,1551.0
1169.0,1487.0
1102.0,1302.0
1354.0,1190.0
1356.0,1387.0
1746.0,1410.0
1696.0,1641.0
1736.0,1739.0
1620.0,1699.0
1736.0,1712.0
1888.0,1704.0
3080.0,1857.0
2263.0,2620.0
2444.0,2423.0
2255.0,2258.0
2401.0,2253.0
1977.0,2220.0
1839.0,2063.0
1906.0,1814.0
1750.0,1894.0
1273.0,1764.0
1328.0,1435.0
1687.0,1347.0
1496.0,1648.0
1448.0,1560.0
1182.0,1488.0
1113.0,1325.0
1358.0,1234.0
1364.0,1395.0
1757.0,1442.0
1718.0,1658.0
1743.0,1754.0
1640.0,1736.0
1779.0,1685.0
1905.0,1725.0
3099.0,1895.0
2464.0,2667.0
2477.0,2502.0
2287.0,2257.0
2407.0,2259.0
2004.0,2216.0
1881.0,2083.0
1918.0,1839.0
1758.0,1909.0
1380.0,1781.0
1342.0,1496.0
