Observation,Prediction
1257.0,1302.0
1189.0,1291.0
1350.0,1231.0
1085.0,1355.0
1012.0,1152.0
1278.0,1057.0
1268.0,1269.0
1353.0,1292.0
1564.0,1367.0
1584.0,1557.0
1451.0,1606.0
1551.0,1504.0
1741.0,1570.0
2860.0,1739.0
1873.0,2702.0
2262.0,2037.0
2154.0,2252.0
2252.0,2199.0
1659.0,2271.0
1632.0,1791.0
1620.0,1687.0
1622.0,1658.0
1165.0,1654.0
1253.0,1272.0
1260.0,1281.0
1195.0,1287.0
1359.0,1232.0
1104.0,1365.0
1025.0,1170.0
1294.0,1077.0
1287.0,1281.0
1369.0,1312.0
1591.0,1387.0
1600.0,1584.0
1463.0,1619.0
1568.0,1516.0
1761.0,1580.0
2875.0,1757.0
1892.0,2722.0
2287.0,2057.0
2175.0,2277.0
2297.0,2216.0
1682.0,2310.0
1654.0,1814.0
1641.0,1707.0
1641.0,1677.0
1177.0,1674.0
1259.0,1285.0
1281.0,1287.0
1220.0,1309.0
1373.0,1256.0
1120.0,1376.0
1030.0,1188.0
1299.0,1079.0
1293.0,1291.0
1396.0,1316.0
1609.0,1405.0
1619.0,1604.0
1491.0,1642.0
1594.0,1542.0
1785.0,1610.0
2921.0,1784.0
1914.0,2761.0
2304.0,2076.0
2191.0,2295.0
2324.0,2233.0
1705.0,2339.0
1674.0,1837.0
1674.0,1729.0
1662.0,1710.0
1191.0,1692.0
1272.0,1299.0
1289.0,1301.0
1415.0,1319.0
1383.0,1425.0
1127.0,1418.0
1041.0,1196.0
1302.0,1088.0
1317.0,1288.0
1418.0,1340.0
1636.0,1432.0
1645.0,1627.0
1513.0,1669.0
1625.0,1563.0
1808.0,1644.0
2935.0,1807.0
2165.0,2787.0
2333.0,2291.0
2207.0,2347.0
2351.0,2258.0
1725.0,2363.0
1739.0,1851.0
1687.0,1781.0
1671.0,1730.0
1207.0,1707.0
1286.0,1311.0
1315.0,1316.0
1424.0,1338.0
1392.0,1433.0
1135.0,1421.0
1060.0,1202.0
1314.0,1108.0
1330.0,1307.0
1494.0,1350.0
1662.0,1500.0
1664.0,1657.0
1551.0,1692.0
1655.0,1597.0
1825.0,1671.0
2978.0,1829.0
2197.0,2835.0
2379.0,2320.0
2224.0,2397.0
2366.0,2272.0
1748.0,2376.0
1776.0,1873.0
1852.0,1821.0
1693.0,1864.0
1228.0,1745.0
1289.0,1335.0
1328.0,1321.0
1435.0,1353.0
1405.0,1445.0
1142.0,1436.0
1074.0,1215.0
1333.0,1119.0
1340.0,1328.0
1556.0,1363.0
1672.0,1554.0
1689.0,1678.0
1566.0,1713.0
1682.0,1616.0
1845.0,1694.0
3000.0,1842.0
2220.0,2856.0
2402.0,2343.0
2231.0,2420.0
2380.0,2284.0
1761.0,2391.0
1800.0,1884.0
1863.0,1838.0
1711.0,1883.0
1250.0,1764.0
1297.0,1351.0
1334.0,1328.0
1453.0,1360.0
1416.0,1461.0
1149.0,1447.0
1084.0,1219.0
1336.0,1126.0
1346.0,1328.0
1683.0,1368.0
1679.0,1664.0
1692.0,1704.0
1573.0,1705.0
1699.0,1622.0
1860.0,1707.0
3008.0,1867.0
2227.0,2872.0
2409.0,2345.0
2237.0,2426.0
2389.0,2291.0
1765.0,2403.0
1805.0,1877.0
1875.0,1843.0
1717.0,1900.0
1258.0,1772.0
1307.0,1355.0
1336.0,1337.0
1461.0,1358.0
1421.0,1473.0
1151.0,1449.0
1094.0,1216.0
1345.0,1136.0
1348.0,1343.0
1702.0,1369.0
1684.0,1679.0
1702.0,1703.0
1580.0,1728.0
1704.0,1624.0
1867.0,1711.0
3015.0,1872.0
2245.0,2896.0
2424.0,2359.0
2239.0,2446.0
2396.0,2294.0
1766.0,2407.0
1813.0,1879.0
1879.0,1846.0
1736.0,1902.0
1267.0,1777.0
1317.0,1353.0
1679.0,1346.0
1488.0,1666.0
1425.0,1534.0
1169.0,1468.0
1102.0,1229.0
1354.0,1140.0
1356.0,1356.0
1746.0,1381.0
1696.0,1726.0
1736.0,1726.0
1620.0,1761.0
1736.0,1653.0
1888.0,1754.0
3080.0,1899.0
2263.0,2959.0
2444.0,2377.0
2255.0,2463.0
2401.0,2311.0
1977.0,2418.0
1839.0,2060.0
1906.0,1893.0
1750.0,1931.0
1273.0,1799.0
1328.0,1363.0
1687.0,1361.0
1496.0,1676.0
1448.0,1545.0
1182.0,1475.0
1113.0,1247.0
1358.0,1152.0
1364.0,1358.0
1757.0,1387.0
1718.0,1739.0
1743.0,1752.0
1640.0,1772.0
1779.0,1684.0
1905.0,1787.0
3099.0,1914.0
2464.0,2999.0
2477.0,2553.0
2287.0,2518.0
2407.0,2337.0
2004.0,2425.0
1881.0,2080.0
1918.0,1930.0
1758.0,1947.0
1380.0,1802.0
1342.0,1449.0
