Observation,Prediction
1257.0,939.0
1189.0,937.0
1350.0,927.0
1085.0,972.0
1012.0,918.0
1278.0,897.0
1268.0,938.0
1353.0,958.0
1564.0,990.0
1584.0,1077.0
1451.0,1069.0
1551.0,1060.0
1741.0,1082.0
2860.0,1073.0
1873.0,1109.0
2262.0,1109.0
2154.0,1109.0
2252.0,1109.0
1659.0,1109.0
1632.0,1095.0
1620.0,1070.0
1622.0,1073.0
1165.0,1073.0
1253.0,945.0
1260.0,939.0
1195.0,937.0
1359.0,929.0
1104.0,990.0
1025.0,913.0
1294.0,907.0
1287.0,947.0
1369.0,960.0
1591.0,1000.0
1600.0,1069.0
1463.0,1069.0
1568.0,1068.0
1761.0,1082.0
2875.0,1091.0
1892.0,1109.0
2287.0,1109.0
2175.0,1109.0
2297.0,1109.0
1682.0,1109.0
1654.0,1077.0
1641.0,1094.0
1641.0,1074.0
1177.0,1073.0
1259.0,951.0
1281.0,944.0
1220.0,953.0
1373.0,944.0
1120.0,991.0
1030.0,916.0
1299.0,904.0
1293.0,948.0
1396.0,960.0
1609.0,1008.0
1619.0,1069.0
1491.0,1072.0
1594.0,1082.0
1785.0,1069.0
2921.0,1077.0
1914.0,1109.0
2304.0,1109.0
2191.0,1109.0
2324.0,1109.0
1705.0,1109.0
1674.0,1095.0
1674.0,1077.0
1662.0,1059.0
1191.0,1073.0
1272.0,958.0
1289.0,955.0
1415.0,955.0
1383.0,1001.0
1127.0,1011.0
1041.0,940.0
1302.0,902.0
1317.0,955.0
1418.0,981.0
1636.0,1010.0
1645.0,1058.0
1513.0,1073.0
1625.0,1085.0
1808.0,1072.0
2935.0,1077.0
2165.0,1109.0
2333.0,1109.0
2207.0,1109.0
2351.0,1109.0
1725.0,1109.0
1739.0,1095.0
1687.0,1094.0
1671.0,1062.0
1207.0,1063.0
1286.0,958.0
1315.0,964.0
1424.0,976.0
1392.0,1010.0
1135.0,1021.0
1060.0,940.0
1314.0,895.0
1330.0,964.0
1494.0,981.0
1662.0,1048.0
1664.0,1069.0
1551.0,1073.0
1655.0,1085.0
1825.0,1073.0
2978.0,1077.0
2197.0,1109.0
2379.0,1109.0
2224.0,1109.0
2366.0,1109.0
1748.0,1109.0
1776.0,1095.0
1852.0,1077.0
1693.0,1091.0
1228.0,1062.0
1289.0,979.0
1328.0,964.0
1435.0,976.0
1405.0,1008.0
1142.0,1040.0
1074.0,950.0
1333.0,917.0
1340.0,967.0
1556.0,989.0
1672.0,1085.0
1689.0,1073.0
1566.0,1073.0
1682.0,1085.0
1845.0,1073.0
3000.0,1109.0
2220.0,1109.0
2402.0,1109.0
2231.0,1109.0
2380.0,1109.0
1761.0,1109.0
1800.0,1095.0
1863.0,1077.0
1711.0,1091.0
1250.0,1073.0
1297.0,983.0
1334.0,975.0
1453.0,977.0
1416.0,1017.0
1149.0,1024.0
1084.0,950.0
1336.0,907.0
1346.0,967.0
1683.0,989.0
1679.0,1069.0
1692.0,1073.0
1573.0,1073.0
1699.0,1073.0
1860.0,1073.0
3008.0,1109.0
2227.0,1109.0
2409.0,1109.0
2237.0,1109.0
2389.0,1109.0
1765.0,1109.0
1805.0,1095.0
1875.0,1077.0
1717.0,1091.0
1258.0,1077.0
1307.0,983.0
1336.0,975.0
1461.0,976.0
1421.0,1020.0
1151.0,1026.0
1094.0,950.0
1345.0,912.0
1348.0,991.0
1702.0,997.0
1684.0,1070.0
1702.0,1073.0
1580.0,1073.0
1704.0,1073.0
1867.0,1073.0
3015.0,1109.0
2245.0,1109.0
2424.0,1109.0
2239.0,1109.0
2396.0,1109.0
1766.0,1109.0
1813.0,1095.0
1879.0,1094.0
1736.0,1091.0
1267.0,1077.0
1317.0,1010.0
1679.0,983.0
1488.0,1073.0
1425.0,1085.0
1169.0,1056.0
1102.0,942.0
1354.0,912.0
1356.0,997.0
1746.0,1008.0
1696.0,1081.0
1736.0,1073.0
1620.0,1077.0
1736.0,1073.0
1888.0,1077.0
3080.0,1109.0
2263.0,1109.0
2444.0,1109.0
2255.0,1109.0
2401.0,1109.0
1977.0,1109.0
1839.0,1109.0
1906.0,1095.0
1750.0,1109.0
1273.0,1094.0
1328.0,1022.0
1687.0,993.0
1496.0,1085.0
1448.0,1070.0
1182.0,1071.0
1113.0,958.0
1358.0,918.0
1364.0,1005.0
1757.0,1011.0
1718.0,1073.0
1743.0,1077.0
1640.0,1077.0
1779.0,1073.0
1905.0,1077.0
3099.0,1109.0
2464.0,1109.0
2477.0,1109.0
2287.0,1109.0
2407.0,1109.0
2004.0,1109.0
1881.0,1109.0
1918.0,1109.0
1758.0,1109.0
1380.0,1095.0
1342.0,1062.0
