Observation,Prediction
1584.0,2107.0
1543.0,1769.0
1557.0,1572.0
1564.0,1469.0
1102.0,1461.0
1214.0,1227.0
1225.0,1236.0
1151.0,1168.0
1331.0,1141.0
1031.0,1264.0
979.0,1148.0
1248.0,1062.0
1222.0,1168.0
1304.0,1197.0
1492.0,1293.0
1478.0,1441.0
1394.0,1490.0
1506.0,1456.0
1688.0,1490.0
2610.0,1588.0
1812.0,2203.0
2164.0,2015.0
2106.0,2170.0
2198.0,2081.0
1597.0,2101.0
1559.0,1754.0
1566.0,1577.0
1577.0,1477.0
1116.0,1471.0
1219.0,1214.0
1231.0,1189.0
1167.0,1179.0
1338.0,1150.0
1071.0,1276.0
991.0,1171.0
1264.0,1082.0
1242.0,1185.0
1315.0,1218.0
1515.0,1306.0
1500.0,1459.0
1423.0,1507.0
1530.0,1476.0
1705.0,1507.0
2662.0,1608.0
1823.0,2243.0
2194.0,2015.0
2122.0,2171.0
2212.0,2091.0
1610.0,2108.0
1579.0,1746.0
1593.0,1583.0
1586.0,1502.0
1133.0,1486.0
1228.0,1241.0
1245.0,1209.0
1180.0,1195.0
1342.0,1172.0
1077.0,1276.0
1001.0,1177.0
1265.0,1091.0
1257.0,1190.0
1334.0,1231.0
1538.0,1323.0
1565.0,1481.0
1436.0,1557.0
1544.0,1505.0
1723.0,1531.0
2834.0,1625.0
1855.0,2353.0
2220.0,2075.0
2143.0,2226.0
2224.0,2125.0
1631.0,2117.0
1615.0,1751.0
1605.0,1602.0
1596.0,1517.0
1138.0,1504.0
1240.0,1250.0
1250.0,1207.0
1184.0,1202.0
1347.0,1171.0
1079.0,1289.0
1007.0,1181.0
1273.0,1098.0
1260.0,1198.0
1344.0,1237.0
1555.0,1330.0
1573.0,1496.0
1447.0,1567.0
1547.0,1515.0
1733.0,1535.0
2842.0,1636.0
1864.0,2357.0
2244.0,2089.0
2146.0,2233.0
2236.0,2138.0
1639.0,2129.0
1620.0,1767.0
1610.0,1609.0
1605.0,1513.0
1149.0,1512.0
1245.0,1250.0
1257.0,1248.0
1189.0,1217.0
1350.0,1190.0
1085.0,1286.0
1012.0,1187.0
1278.0,1137.0
1268.0,1211.0
1353.0,1249.0
1564.0,1343.0
1584.0,1505.0
1451.0,1626.0
1551.0,1524.0
1741.0,1543.0
2860.0,1640.0
1873.0,2369.0
2262.0,2084.0
2154.0,2248.0
2252.0,2144.0
1659.0,2146.0
1632.0,1812.0
1620.0,1615.0
1622.0,1532.0
1165.0,1508.0
1253.0,1314.0
1260.0,1269.0
1195.0,1221.0
1359.0,1182.0
1104.0,1300.0
1025.0,1200.0
1294.0,1167.0
1287.0,1224.0
1369.0,1267.0
1591.0,1357.0
1600.0,1527.0
1463.0,1602.0
1568.0,1556.0
1761.0,1564.0
2875.0,1748.0
1892.0,2383.0
2287.0,2134.0
2175.0,2280.0
2297.0,2180.0
1682.0,2196.0
1654.0,1714.0
1641.0,1680.0
1641.0,1550.0
1177.0,1539.0
1259.0,1283.0
1281.0,1249.0
1220.0,1248.0
1373.0,1206.0
1120.0,1311.0
1030.0,1219.0
1299.0,1176.0
1293.0,1233.0
1396.0,1275.0
1609.0,1385.0
1619.0,1544.0
1491.0,1629.0
1594.0,1567.0
1785.0,1589.0
2921.0,1687.0
1914.0,2418.0
2304.0,2145.0
2191.0,2277.0
2324.0,2177.0
1705.0,2208.0
1674.0,1811.0
1674.0,1658.0
1662.0,1603.0
1191.0,1561.0
1272.0,1291.0
1289.0,1305.0
1415.0,1235.0
1383.0,1331.0
1127.0,1377.0
1041.0,1254.0
1302.0,1106.0
1317.0,1287.0
1418.0,1281.0
1636.0,1384.0
1645.0,1569.0
1513.0,1642.0
1625.0,1594.0
1808.0,1620.0
2935.0,1713.0
2165.0,2435.0
2333.0,2248.0
2207.0,2347.0
2351.0,2231.0
1725.0,2234.0
1739.0,1778.0
1687.0,1720.0
1671.0,1596.0
1207.0,1576.0
1286.0,1314.0
1315.0,1287.0
1424.0,1281.0
1392.0,1352.0
1135.0,1389.0
1060.0,1260.0
1314.0,1085.0
1330.0,1258.0
1494.0,1293.0
1662.0,1442.0
1664.0,1604.0
1551.0,1667.0
1655.0,1617.0
1825.0,1646.0
2978.0,1739.0
2197.0,2484.0
2379.0,2289.0
2224.0,2383.0
2366.0,2238.0
1748.0,2177.0
1776.0,1860.0
1852.0,1681.0
1693.0,1712.0
1228.0,1630.0
1289.0,1344.0
1328.0,1302.0
1435.0,1279.0
1405.0,1323.0
1142.0,1461.0
1074.0,1260.0
1333.0,1175.0
1340.0,1286.0
1556.0,1324.0
1672.0,1490.0
1689.0,1626.0
1566.0,1690.0
1682.0,1630.0
1845.0,1669.0
3000.0,1759.0
2220.0,2521.0
2402.0,2273.0
2231.0,2372.0
2380.0,2242.0
1761.0,2262.0
1800.0,1838.0
1863.0,1728.0
1711.0,1729.0
1250.0,1645.0
1297.0,1354.0
1334.0,1313.0
1453.0,1324.0
1416.0,1387.0
1149.0,1418.0
1084.0,1262.0
1336.0,1177.0
1346.0,1301.0
1683.0,1337.0
1679.0,1579.0
1692.0,1653.0
1573.0,1683.0
1699.0,1636.0
1860.0,1682.0
3008.0,1772.0
2227.0,2539.0
2409.0,2262.0
2237.0,2367.0
2389.0,2245.0
1765.0,2274.0
1805.0,1839.0
1875.0,1737.0
1717.0,1745.0
1258.0,1653.0
1307.0,1357.0
1336.0,1327.0
1461.0,1321.0
1421.0,1403.0
1151.0,1418.0
1094.0,1266.0
1345.0,1194.0
1348.0,1321.0
1702.0,1342.0
1684.0,1587.0
1702.0,1660.0
1580.0,1692.0
1704.0,1642.0
1867.0,1691.0
3015.0,1785.0
2245.0,2592.0
2424.0,2283.0
2239.0,2366.0
2396.0,2236.0
1766.0,2282.0
1813.0,1848.0
1879.0,1760.0
1736.0,1757.0
1267.0,1669.0
1317.0,1381.0
1679.0,1333.0
1488.0,1562.0
1425.0,1487.0
1169.0,1462.0
1102.0,1270.0
1354.0,1186.0
1356.0,1359.0
1746.0,1371.0
1696.0,1631.0
1736.0,1674.0
1620.0,1693.0
1736.0,1641.0
1888.0,1695.0
3080.0,1816.0
2263.0,2662.0
2444.0,2276.0
2255.0,2287.0
2401.0,2235.0
1977.0,2254.0
1839.0,2012.0
1906.0,1822.0
1750.0,1853.0
1273.0,1749.0
1328.0,1383.0
1687.0,1345.0
1496.0,1624.0
1448.0,1537.0
1182.0,1479.0
1113.0,1282.0
1358.0,1197.0
1364.0,1358.0
1757.0,1372.0
1718.0,1676.0
1743.0,1703.0
1640.0,1716.0
1779.0,1647.0
1905.0,1737.0
3099.0,1838.0
2464.0,2717.0
2477.0,2408.0
2287.0,2306.0
2407.0,2201.0
2004.0,2276.0
1881.0,1995.0
1918.0,1856.0
1758.0,1901.0
1380.0,1743.0
1342.0,1467.0
