Observation,Prediction
1257.0,1338.0
1189.0,1291.0
1350.0,1229.0
1085.0,1360.0
1012.0,1155.0
1278.0,1060.0
1268.0,1272.0
1353.0,1294.0
1564.0,1370.0
1584.0,1561.0
1451.0,1603.0
1551.0,1504.0
1741.0,1571.0
2860.0,1743.0
1873.0,2719.0
2262.0,2032.0
2154.0,2256.0
2252.0,2197.0
1659.0,2271.0
1632.0,1786.0
1620.0,1685.0
1622.0,1660.0
1165.0,1654.0
1253.0,1265.0
1260.0,1284.0
1195.0,1289.0
1359.0,1235.0
1104.0,1367.0
1025.0,1172.0
1294.0,1076.0
1287.0,1285.0
1369.0,1313.0
1591.0,1389.0
1600.0,1589.0
1463.0,1625.0
1568.0,1513.0
1761.0,1584.0
2875.0,1762.0
1892.0,2739.0
2287.0,2048.0
2175.0,2276.0
2297.0,2218.0
1682.0,2310.0
1654.0,1808.0
1641.0,1705.0
1641.0,1674.0
1177.0,1674.0
1259.0,1282.0
1281.0,1290.0
1220.0,1308.0
1373.0,1258.0
1120.0,1383.0
1030.0,1184.0
1299.0,1083.0
1293.0,1293.0
1396.0,1320.0
1609.0,1408.0
1619.0,1601.0
1491.0,1639.0
1594.0,1540.0
1785.0,1609.0
2921.0,1784.0
1914.0,2776.0
2304.0,2069.0
2191.0,2298.0
2324.0,2234.0
1705.0,2336.0
1674.0,1830.0
1674.0,1723.0
1662.0,1710.0
1191.0,1692.0
1272.0,1296.0
1289.0,1302.0
1415.0,1313.0
1383.0,1419.0
1127.0,1416.0
1041.0,1194.0
1302.0,1092.0
1317.0,1290.0
1418.0,1334.0
1636.0,1432.0
1645.0,1628.0
1513.0,1666.0
1625.0,1563.0
1808.0,1640.0
2935.0,1802.0
2165.0,2791.0
2333.0,2282.0
2207.0,2355.0
2351.0,2256.0
1725.0,2365.0
1739.0,1849.0
1687.0,1785.0
1671.0,1728.0
1207.0,1703.0
1286.0,1308.0
1315.0,1314.0
1424.0,1342.0
1392.0,1437.0
1135.0,1421.0
1060.0,1203.0
1314.0,1109.0
1330.0,1308.0
1494.0,1348.0
1662.0,1493.0
1664.0,1663.0
1551.0,1690.0
1655.0,1597.0
1825.0,1675.0
2978.0,1828.0
2197.0,2842.0
2379.0,2316.0
2224.0,2400.0
2366.0,2280.0
1748.0,2378.0
1776.0,1870.0
1852.0,1821.0
1693.0,1875.0
1228.0,1742.0
1289.0,1329.0
1328.0,1320.0
1435.0,1352.0
1405.0,1443.0
1142.0,1437.0
1074.0,1207.0
1333.0,1110.0
1340.0,1331.0
1556.0,1361.0
1672.0,1558.0
1689.0,1680.0
1566.0,1715.0
1682.0,1609.0
1845.0,1697.0
3000.0,1850.0
2220.0,2866.0
2402.0,2336.0
2231.0,2421.0
2380.0,2280.0
1761.0,2389.0
1800.0,1876.0
1863.0,1833.0
1711.0,1880.0
1250.0,1766.0
1297.0,1348.0
1334.0,1329.0
1453.0,1361.0
1416.0,1466.0
1149.0,1446.0
1084.0,1211.0
1336.0,1120.0
1346.0,1335.0
1683.0,1370.0
1679.0,1663.0
1692.0,1701.0
1573.0,1720.0
1699.0,1614.0
1860.0,1716.0
3008.0,1866.0
2227.0,2872.0
2409.0,2340.0
2237.0,2424.0
2389.0,2288.0
1765.0,2397.0
1805.0,1878.0
1875.0,1842.0
1717.0,1896.0
1258.0,1763.0
1307.0,1350.0
1336.0,1332.0
1461.0,1365.0
1421.0,1472.0
1151.0,1453.0
1094.0,1212.0
1345.0,1130.0
1348.0,1347.0
1702.0,1369.0
1684.0,1687.0
1702.0,1708.0
1580.0,1727.0
1704.0,1619.0
1867.0,1719.0
3015.0,1872.0
2245.0,2913.0
2424.0,2346.0
2239.0,2442.0
2396.0,2295.0
1766.0,2407.0
1813.0,1867.0
1879.0,1848.0
1736.0,1904.0
1267.0,1777.0
1317.0,1349.0
1679.0,1347.0
1488.0,1667.0
1425.0,1533.0
1169.0,1463.0
1102.0,1227.0
1354.0,1138.0
1356.0,1358.0
1746.0,1382.0
1696.0,1729.0
1736.0,1728.0
1620.0,1761.0
1736.0,1664.0
1888.0,1749.0
3080.0,1901.0
2263.0,2979.0
2444.0,2372.0
2255.0,2462.0
2401.0,2307.0
1977.0,2416.0
1839.0,2054.0
1906.0,1890.0
1750.0,1931.0
1273.0,1797.0
1328.0,1357.0
1687.0,1358.0
1496.0,1678.0
1448.0,1541.0
1182.0,1488.0
1113.0,1239.0
1358.0,1152.0
1364.0,1355.0
1757.0,1384.0
1718.0,1744.0
1743.0,1746.0
1640.0,1773.0
1779.0,1673.0
1905.0,1797.0
3099.0,1917.0
2464.0,3009.0
2477.0,2544.0
2287.0,2509.0
2407.0,2336.0
2004.0,2427.0
1881.0,2077.0
1918.0,1928.0
1758.0,1949.0
1380.0,1803.0
1342.0,1448.0
