Observation,Prediction
1257.0,1243.0
1189.0,1230.0
1350.0,1195.0
1085.0,1307.0
1012.0,1169.0
1278.0,1104.0
1268.0,1225.0
1353.0,1257.0
1564.0,1341.0
1584.0,1509.0
1451.0,1596.0
1551.0,1507.0
1741.0,1544.0
2860.0,1662.0
1873.0,2450.0
2262.0,2033.0
2154.0,2218.0
2252.0,2137.0
1659.0,2163.0
1632.0,1767.0
1620.0,1627.0
1622.0,1557.0
1165.0,1546.0
1253.0,1275.0
1260.0,1259.0
1195.0,1237.0
1359.0,1196.0
1104.0,1315.0
1025.0,1184.0
1294.0,1134.0
1287.0,1243.0
1369.0,1276.0
1591.0,1358.0
1600.0,1533.0
1463.0,1592.0
1568.0,1522.0
1761.0,1561.0
2875.0,1725.0
1892.0,2465.0
2287.0,2059.0
2175.0,2236.0
2297.0,2159.0
1682.0,2195.0
1654.0,1739.0
1641.0,1669.0
1641.0,1577.0
1177.0,1563.0
1259.0,1267.0
1281.0,1252.0
1220.0,1254.0
1373.0,1224.0
1120.0,1332.0
1030.0,1202.0
1299.0,1135.0
1293.0,1249.0
1396.0,1282.0
1609.0,1382.0
1619.0,1551.0
1491.0,1612.0
1594.0,1548.0
1785.0,1588.0
2921.0,1707.0
1914.0,2503.0
2304.0,2085.0
2191.0,2253.0
2324.0,2176.0
1705.0,2224.0
1674.0,1807.0
1674.0,1669.0
1662.0,1617.0
1191.0,1585.0
1272.0,1285.0
1289.0,1284.0
1415.0,1264.0
1383.0,1351.0
1127.0,1378.0
1041.0,1229.0
1302.0,1105.0
1317.0,1276.0
1418.0,1294.0
1636.0,1391.0
1645.0,1575.0
1513.0,1637.0
1625.0,1573.0
1808.0,1617.0
2935.0,1732.0
2165.0,2521.0
2333.0,2238.0
2207.0,2327.0
2351.0,2218.0
1725.0,2256.0
1739.0,1799.0
1687.0,1724.0
1671.0,1623.0
1207.0,1600.0
1286.0,1298.0
1315.0,1283.0
1424.0,1287.0
1392.0,1369.0
1135.0,1390.0
1060.0,1235.0
1314.0,1103.0
1330.0,1269.0
1494.0,1307.0
1662.0,1448.0
1664.0,1610.0
1551.0,1665.0
1655.0,1606.0
1825.0,1647.0
2978.0,1756.0
2197.0,2564.0
2379.0,2273.0
2224.0,2365.0
2366.0,2241.0
1748.0,2237.0
1776.0,1847.0
1852.0,1721.0
1693.0,1745.0
1228.0,1650.0
1289.0,1330.0
1328.0,1293.0
1435.0,1287.0
1405.0,1354.0
1142.0,1434.0
1074.0,1239.0
1333.0,1151.0
1340.0,1289.0
1556.0,1325.0
1672.0,1497.0
1689.0,1631.0
1566.0,1689.0
1682.0,1622.0
1845.0,1671.0
3000.0,1777.0
2220.0,2594.0
2402.0,2292.0
2231.0,2384.0
2380.0,2251.0
1761.0,2293.0
1800.0,1851.0
1863.0,1755.0
1711.0,1762.0
1250.0,1667.0
1297.0,1347.0
1334.0,1305.0
1453.0,1314.0
1416.0,1394.0
1149.0,1414.0
1084.0,1243.0
1336.0,1155.0
1346.0,1297.0
1683.0,1335.0
1679.0,1589.0
1692.0,1661.0
1573.0,1693.0
1699.0,1630.0
1860.0,1684.0
3008.0,1791.0
2227.0,2614.0
2409.0,2295.0
2237.0,2387.0
2389.0,2256.0
1765.0,2305.0
1805.0,1855.0
1875.0,1764.0
1717.0,1777.0
1258.0,1677.0
1307.0,1352.0
1336.0,1315.0
1461.0,1316.0
1421.0,1406.0
1151.0,1417.0
1094.0,1245.0
1345.0,1166.0
1348.0,1310.0
1702.0,1338.0
1684.0,1600.0
1702.0,1668.0
1580.0,1700.0
1704.0,1635.0
1867.0,1692.0
3015.0,1802.0
2245.0,2654.0
2424.0,2317.0
2239.0,2395.0
2396.0,2256.0
1766.0,2315.0
1813.0,1858.0
1879.0,1780.0
1736.0,1788.0
1267.0,1695.0
1317.0,1370.0
1679.0,1323.0
1488.0,1570.0
1425.0,1491.0
1169.0,1454.0
1102.0,1253.0
1354.0,1168.0
1356.0,1345.0
1746.0,1363.0
1696.0,1643.0
1736.0,1683.0
1620.0,1706.0
1736.0,1641.0
1888.0,1706.0
3080.0,1834.0
2263.0,2724.0
2444.0,2299.0
2255.0,2341.0
2401.0,2250.0
1977.0,2300.0
1839.0,2021.0
1906.0,1844.0
1750.0,1872.0
1273.0,1760.0
1328.0,1375.0
1687.0,1335.0
1496.0,1628.0
1448.0,1532.0
1182.0,1475.0
1113.0,1268.0
1358.0,1175.0
1364.0,1345.0
1757.0,1365.0
1718.0,1682.0
1743.0,1708.0
1640.0,1726.0
1779.0,1653.0
1905.0,1744.0
3099.0,1855.0
2464.0,2764.0
2477.0,2453.0
2287.0,2370.0
2407.0,2245.0
2004.0,2313.0
1881.0,2025.0
1918.0,1880.0
1758.0,1911.0
1380.0,1760.0
1342.0,1463.0
