Observation,Prediction
1257.0,1282.0
1189.0,1264.0
1350.0,1215.0
1085.0,1310.0
1012.0,1156.0
1278.0,1088.0
1268.0,1247.0
1353.0,1263.0
1564.0,1320.0
1584.0,1461.0
1451.0,1494.0
1551.0,1415.0
1741.0,1467.0
2860.0,1595.0
1873.0,2337.0
2262.0,1802.0
2154.0,1978.0
2252.0,1939.0
1659.0,1998.0
1632.0,1630.0
1620.0,1556.0
1622.0,1538.0
1165.0,1536.0
1253.0,1249.0
1260.0,1260.0
1195.0,1266.0
1359.0,1227.0
1104.0,1324.0
1025.0,1179.0
1294.0,1107.0
1287.0,1264.0
1369.0,1284.0
1591.0,1339.0
1600.0,1486.0
1463.0,1515.0
1568.0,1434.0
1761.0,1487.0
2875.0,1617.0
1892.0,2349.0
2287.0,1830.0
2175.0,2004.0
2297.0,1964.0
1682.0,2038.0
1654.0,1662.0
1641.0,1583.0
1641.0,1562.0
1177.0,1559.0
1259.0,1271.0
1281.0,1274.0
1220.0,1288.0
1373.0,1253.0
1120.0,1342.0
1030.0,1200.0
1299.0,1121.0
1293.0,1274.0
1396.0,1296.0
1609.0,1363.0
1619.0,1507.0
1491.0,1536.0
1594.0,1462.0
1785.0,1514.0
2921.0,1641.0
1914.0,2378.0
2304.0,1863.0
2191.0,2024.0
2324.0,1984.0
1705.0,2063.0
1674.0,1692.0
1674.0,1608.0
1662.0,1594.0
1191.0,1584.0
1272.0,1294.0
1289.0,1292.0
1415.0,1302.0
1383.0,1381.0
1127.0,1376.0
1041.0,1219.0
1302.0,1138.0
1317.0,1284.0
1418.0,1318.0
1636.0,1386.0
1645.0,1531.0
1513.0,1562.0
1625.0,1488.0
1808.0,1543.0
2935.0,1665.0
2165.0,2385.0
2333.0,2032.0
2207.0,2079.0
2351.0,2011.0
1725.0,2092.0
1739.0,1718.0
1687.0,1661.0
1671.0,1618.0
1207.0,1601.0
1286.0,1314.0
1315.0,1310.0
1424.0,1328.0
1392.0,1397.0
1135.0,1391.0
1060.0,1233.0
1314.0,1159.0
1330.0,1300.0
1494.0,1335.0
1662.0,1442.0
1664.0,1563.0
1551.0,1586.0
1655.0,1522.0
1825.0,1574.0
2978.0,1688.0
2197.0,2421.0
2379.0,2069.0
2224.0,2123.0
2366.0,2039.0
1748.0,2114.0
1776.0,1745.0
1852.0,1695.0
1693.0,1732.0
1228.0,1642.0
1289.0,1342.0
1328.0,1324.0
1435.0,1344.0
1405.0,1413.0
1142.0,1408.0
1074.0,1247.0
1333.0,1176.0
1340.0,1320.0
1556.0,1351.0
1672.0,1488.0
1689.0,1584.0
1566.0,1612.0
1682.0,1542.0
1845.0,1601.0
3000.0,1711.0
2220.0,2444.0
2402.0,2094.0
2231.0,2147.0
2380.0,2053.0
1761.0,2130.0
1800.0,1764.0
1863.0,1720.0
1711.0,1750.0
1250.0,1663.0
1297.0,1366.0
1334.0,1338.0
1453.0,1356.0
1416.0,1432.0
1149.0,1423.0
1084.0,1260.0
1336.0,1190.0
1346.0,1330.0
1683.0,1362.0
1679.0,1573.0
1692.0,1610.0
1573.0,1625.0
1699.0,1556.0
1860.0,1620.0
3008.0,1730.0
2227.0,2458.0
2409.0,2110.0
2237.0,2162.0
2389.0,2066.0
1765.0,2145.0
1805.0,1775.0
1875.0,1730.0
1717.0,1765.0
1258.0,1676.0
1307.0,1379.0
1336.0,1353.0
1461.0,1366.0
1421.0,1444.0
1151.0,1434.0
1094.0,1268.0
1345.0,1202.0
1348.0,1343.0
1702.0,1370.0
1684.0,1592.0
1702.0,1622.0
1580.0,1639.0
1704.0,1569.0
1867.0,1631.0
3015.0,1742.0
2245.0,2469.0
2424.0,2130.0
2239.0,2180.0
2396.0,2078.0
1766.0,2157.0
1813.0,1785.0
1879.0,1743.0
1736.0,1775.0
1267.0,1695.0
1317.0,1394.0
1679.0,1367.0
1488.0,1581.0
1425.0,1507.0
1169.0,1455.0
1102.0,1290.0
1354.0,1218.0
1356.0,1357.0
1746.0,1384.0
1696.0,1626.0
1736.0,1641.0
1620.0,1669.0
1736.0,1604.0
1888.0,1662.0
3080.0,1766.0
2263.0,2516.0
2444.0,2154.0
2255.0,2200.0
2401.0,2095.0
1977.0,2166.0
1839.0,1922.0
1906.0,1790.0
1750.0,1806.0
1273.0,1715.0
1328.0,1408.0
1687.0,1382.0
1496.0,1595.0
1448.0,1520.0
1182.0,1477.0
1113.0,1308.0
1358.0,1234.0
1364.0,1368.0
1757.0,1397.0
1718.0,1640.0
1743.0,1663.0
1640.0,1683.0
1779.0,1624.0
1905.0,1698.0
3099.0,1788.0
2464.0,2536.0
2477.0,2287.0
2287.0,2252.0
2407.0,2130.0
2004.0,2183.0
1881.0,1945.0
1918.0,1826.0
1758.0,1826.0
1380.0,1729.0
1342.0,1479.0
