841.0
770.0
804.0
849.0
806.0
816.0
767.0
933.0
925.0
1061.0
1147.0
1223.0
1190.0
1256.0
1213.0
1270.0
1325.0
1249.0
1187.0
1143.0
1114.0
1128.0
1078.0
871.0
848.0
757.0
795.0
860.0
824.0
820.0
765.0
939.0
929.0
1064.0
1150.0
1229.0
1195.0
1263.0
1229.0
1274.0
1331.0
1252.0
1193.0
1153.0
1124.0
1138.0
1085.0
884.0
848.0
765.0
883.0
865.0
827.0
810.0
774.0
943.0
917.0
1062.0
1157.0
1237.0
1203.0
1272.0
1235.0
1279.0
1335.0
1253.0
1196.0
1162.0
1123.0
1140.0
1091.0
881.0
851.0
765.0
882.0
871.0
822.0
814.0
783.0
992.0
931.0
1075.0
1146.0
1237.0
1213.0
1276.0
1245.0
1276.0
1340.0
1257.0
1201.0
1162.0
1126.0
1149.0
1091.0
895.0
852.0
777.0
893.0
881.0
827.0
820.0
785.0
1004.0
940.0
1080.0
1160.0
1239.0
1215.0
1280.0
1252.0
1281.0
1341.0
1264.0
1205.0
1168.0
1133.0
1147.0
1095.0
905.0
852.0
782.0
906.0
882.0
844.0
820.0
787.0
1006.0
953.0
1094.0
1166.0
1238.0
1229.0
1287.0
1255.0
1287.0
1341.0
1269.0
1209.0
1171.0
1142.0
1150.0
1099.0
909.0
862.0
785.0
917.0
891.0
845.0
828.0
792.0
1012.0
963.0
1103.0
1171.0
1241.0
1239.0
1301.0
1261.0
1292.0
1342.0
1278.0
1223.0
1183.0
1148.0
1158.0
1105.0
924.0
867.0
794.0
918.0
881.0
846.0
838.0
796.0
1015.0
966.0
1105.0
1188.0
1256.0
1248.0
1307.0
1259.0
1296.0
1346.0
1286.0
1229.0
1190.0
1157.0
1169.0
1115.0
931.0
870.0
800.0
923.0
885.0
863.0
846.0
798.0
1025.0
971.0
1109.0
1202.0
1252.0
1255.0
1308.0
1268.0
1299.0
1351.0
1290.0
1241.0
1188.0
1167.0
1173.0
1119.0
935.0
871.0
802.0
931.0
898.0
861.0
846.0
797.0
1023.0
974.0
1108.0
1207.0
1260.0
1252.0
1331.0
1261.0
1314.0
1354.0
1298.0
1239.0
1200.0
1165.0
1175.0
1127.0
938.0
