824.0
767.0
796.0
832.0
821.0
808.0
778.0
900.0
930.0
1027.0
1093.0
1143.0
1157.0
1206.0
1177.0
1197.0
1228.0
1198.0
1174.0
1132.0
1100.0
1094.0
1074.0
915.0
830.0
762.0
780.0
840.0
836.0
815.0
774.0
903.0
934.0
1033.0
1099.0
1148.0
1170.0
1200.0
1184.0
1202.0
1234.0
1202.0
1176.0
1139.0
1108.0
1107.0
1088.0
930.0
832.0
762.0
851.0
867.0
832.0
801.0
781.0
910.0
930.0
1027.0
1102.0
1156.0
1173.0
1206.0
1188.0
1207.0
1238.0
1202.0
1171.0
1139.0
1108.0
1107.0
1089.0
929.0
833.0
765.0
849.0
875.0
833.0
800.0
788.0
946.0
945.0
1045.0
1103.0
1153.0
1176.0
1207.0
1206.0
1214.0
1239.0
1206.0
1175.0
1136.0
1098.0
1108.0
1088.0
941.0
838.0
773.0
860.0
879.0
837.0
807.0
792.0
955.0
964.0
1049.0
1111.0
1156.0
1176.0
1204.0
1212.0
1218.0
1243.0
1212.0
1180.0
1143.0
1112.0
1111.0
1093.0
944.0
840.0
776.0
871.0
884.0
850.0
809.0
792.0
958.0
969.0
1060.0
1130.0
1165.0
1186.0
1211.0
1216.0
1225.0
1240.0
1214.0
1185.0
1147.0
1120.0
1117.0
1095.0
951.0
852.0
786.0
880.0
894.0
852.0
814.0
803.0
961.0
975.0
1065.0
1136.0
1171.0
1191.0
1220.0
1222.0
1230.0
1245.0
1221.0
1192.0
1154.0
1125.0
1123.0
1099.0
964.0
856.0
793.0
883.0
892.0
857.0
827.0
805.0
968.0
979.0
1071.0
1128.0
1175.0
1200.0
1235.0
1226.0
1233.0
1247.0
1226.0
1200.0
1163.0
1135.0
1130.0
1108.0
970.0
862.0
796.0
884.0
897.0
868.0
839.0
810.0
974.0
984.0
1069.0
1133.0
1169.0
1201.0
1228.0
1228.0
1236.0
1251.0
1231.0
1221.0
1170.0
1143.0
1137.0
1111.0
975.0
868.0
803.0
898.0
916.0
873.0
836.0
808.0
973.0
989.0
1069.0
1138.0
1186.0
1198.0
1232.0
1205.0
1232.0
1253.0
1238.0
1209.0
1173.0
1142.0
1137.0
1129.0
988.0
