845.0
802.0
785.0
784.0
765.0
780.0
763.0
900.0
904.0
994.0
1108.0
1204.0
1141.0
1215.0
1218.0
1257.0
1312.0
1220.0
1119.0
1120.0
1128.0
1121.0
1030.0
867.0
845.0
804.0
779.0
792.0
780.0
782.0
767.0
908.0
909.0
998.0
1111.0
1213.0
1144.0
1227.0
1228.0
1255.0
1317.0
1226.0
1124.0
1131.0
1136.0
1123.0
1043.0
880.0
847.0
801.0
850.0
807.0
772.0
788.0
778.0
907.0
888.0
991.0
1126.0
1218.0
1147.0
1237.0
1235.0
1260.0
1322.0
1227.0
1130.0
1134.0
1131.0
1125.0
1048.0
878.0
845.0
810.0
851.0
815.0
775.0
790.0
789.0
949.0
897.0
995.0
1122.0
1230.0
1157.0
1235.0
1234.0
1262.0
1329.0
1228.0
1134.0
1138.0
1136.0
1127.0
1043.0
887.0
849.0
810.0
859.0
823.0
778.0
791.0
791.0
960.0
909.0
1003.0
1137.0
1230.0
1160.0
1244.0
1236.0
1263.0
1332.0
1237.0
1139.0
1142.0
1137.0
1129.0
1053.0
891.0
848.0
816.0
873.0
826.0
790.0
798.0
795.0
963.0
918.0
1013.0
1135.0
1233.0
1182.0
1253.0
1235.0
1270.0
1336.0
1239.0
1142.0
1145.0
1146.0
1132.0
1054.0
896.0
856.0
822.0
884.0
835.0
793.0
804.0
805.0
967.0
925.0
1024.0
1133.0
1236.0
1195.0
1269.0
1237.0
1273.0
1340.0
1252.0
1158.0
1151.0
1148.0
1142.0
1063.0
907.0
858.0
827.0
888.0
835.0
799.0
815.0
807.0
975.0
930.0
1027.0
1158.0
1243.0
1196.0
1270.0
1243.0
1277.0
1344.0
1259.0
1162.0
1159.0
1155.0
1153.0
1072.0
909.0
860.0
833.0
893.0
839.0
811.0
820.0
811.0
979.0
936.0
1036.0
1163.0
1240.0
1201.0
1279.0
1246.0
1277.0
1348.0
1267.0
1171.0
1159.0
1165.0
1159.0
1077.0
920.0
862.0
841.0
902.0
855.0
817.0
821.0
815.0
981.0
939.0
1037.0
1173.0
1243.0
1207.0
1305.0
1248.0
1281.0
1345.0
1271.0
1175.0
1163.0
1160.0
1159.0
1083.0
923.0
