801.0
795.0
782.0
847.0
795.0
774.0
760.0
894.0
936.0
995.0
1170.0
1261.0
1161.0
1246.0
1250.0
1299.0
1414.0
1286.0
1133.0
1143.0
1115.0
1146.0
1036.0
826.0
812.0
771.0
783.0
854.0
811.0
782.0
753.0
900.0
940.0
994.0
1180.0
1266.0
1160.0
1287.0
1258.0
1301.0
1422.0
1289.0
1138.0
1160.0
1124.0
1134.0
1053.0
846.0
797.0
791.0
858.0
872.0
789.0
779.0
769.0
901.0
918.0
1000.0
1185.0
1274.0
1168.0
1297.0
1264.0
1306.0
1430.0
1290.0
1165.0
1160.0
1122.0
1141.0
1057.0
838.0
806.0
779.0
866.0
872.0
789.0
780.0
779.0
950.0
950.0
988.0
1187.0
1278.0
1180.0
1306.0
1243.0
1314.0
1433.0
1289.0
1173.0
1174.0
1150.0
1145.0
1060.0
848.0
808.0
792.0
872.0
885.0
789.0
782.0
782.0
959.0
946.0
1010.0
1191.0
1280.0
1185.0
1323.0
1248.0
1319.0
1439.0
1298.0
1178.0
1180.0
1127.0
1151.0
1064.0
853.0
804.0
798.0
882.0
887.0
802.0
787.0
779.0
965.0
955.0
1024.0
1171.0
1282.0
1204.0
1329.0
1252.0
1323.0
1445.0
1298.0
1184.0
1183.0
1138.0
1153.0
1065.0
859.0
814.0
801.0
893.0
894.0
796.0
798.0
785.0
968.0
978.0
1027.0
1173.0
1287.0
1218.0
1351.0
1254.0
1327.0
1450.0
1312.0
1204.0
1192.0
1143.0
1164.0
1075.0
872.0
818.0
803.0
887.0
882.0
802.0
804.0
789.0
972.0
977.0
1032.0
1228.0
1293.0
1228.0
1336.0
1259.0
1329.0
1458.0
1321.0
1208.0
1202.0
1151.0
1178.0
1086.0
876.0
824.0
806.0
893.0
885.0
816.0
816.0
786.0
981.0
981.0
1048.0
1238.0
1304.0
1232.0
1367.0
1264.0
1332.0
1464.0
1331.0
1188.0
1208.0
1157.0
1182.0
1092.0
870.0
831.0
794.0
907.0
893.0
813.0
814.0
784.0
983.0
971.0
1055.0
1241.0
1290.0
1256.0
1398.0
1313.0
1341.0
1467.0
1329.0
1223.0
1209.0
1161.0
1183.0
1070.0
893.0
