812.0
778.0
819.0
814.0
797.0
809.0
768.0
921.0
925.0
1038.0
1137.0
1207.0
1173.0
1228.0
1212.0
1256.0
1312.0
1242.0
1174.0
1122.0
1119.0
1120.0
1076.0
889.0
816.0
777.0
807.0
834.0
825.0
801.0
766.0
926.0
935.0
1045.0
1132.0
1220.0
1183.0
1227.0
1235.0
1257.0
1318.0
1243.0
1181.0
1139.0
1137.0
1122.0
1086.0
899.0
827.0
766.0
885.0
852.0
816.0
786.0
777.0
933.0
932.0
1037.0
1150.0
1220.0
1185.0
1241.0
1230.0
1262.0
1324.0
1245.0
1184.0
1147.0
1128.0
1124.0
1094.0
901.0
821.0
789.0
877.0
864.0
806.0
788.0
772.0
991.0
941.0
1046.0
1126.0
1233.0
1196.0
1246.0
1248.0
1262.0
1333.0
1246.0
1184.0
1151.0
1128.0
1136.0
1084.0
905.0
842.0
770.0
893.0
876.0
813.0
793.0
776.0
994.0
982.0
1040.0
1144.0
1234.0
1200.0
1249.0
1256.0
1265.0
1332.0
1256.0
1186.0
1155.0
1136.0
1132.0
1094.0
923.0
832.0
776.0
907.0
875.0
820.0
796.0
785.0
1006.0
993.0
1050.0
1172.0
1240.0
1219.0
1261.0
1258.0
1273.0
1337.0
1261.0
1197.0
1161.0
1150.0
1131.0
1094.0
934.0
836.0
790.0
916.0
896.0
823.0
807.0
808.0
1007.0
998.0
1079.0
1176.0
1235.0
1225.0
1277.0
1264.0
1289.0
1335.0
1273.0
1212.0
1171.0
1148.0
1144.0
1106.0
933.0
840.0
795.0
927.0
897.0
841.0
825.0
808.0
1007.0
998.0
1071.0
1173.0
1245.0
1225.0
1287.0
1265.0
1285.0
1347.0
1282.0
1220.0
1176.0
1159.0
1157.0
1112.0
939.0
839.0
797.0
928.0
904.0
850.0
824.0
807.0
1006.0
1007.0
1082.0
1186.0
1243.0
1236.0
1284.0
1277.0
1291.0
1346.0
1285.0
1249.0
1179.0
1174.0
1165.0
1124.0
967.0
850.0
827.0
946.0
921.0
844.0
821.0
806.0
1018.0
1019.0
1072.0
1201.0
1248.0
1226.0
1308.0
1243.0
1303.0
1347.0
1299.0
1231.0
1184.0
1175.0
1169.0
1133.0
967.0
