807.0
750.0
756.0
807.0
775.0
761.0
743.0
874.0
891.0
979.0
1109.0
1205.0
1154.0
1234.0
1225.0
1269.0
1375.0
1278.0
1145.0
1129.0
1097.0
1113.0
1038.0
861.0
811.0
746.0
747.0
816.0
790.0
766.0
739.0
879.0
894.0
984.0
1116.0
1212.0
1156.0
1253.0
1233.0
1274.0
1383.0
1280.0
1149.0
1141.0
1106.0
1115.0
1053.0
871.0
815.0
745.0
820.0
829.0
775.0
758.0
739.0
885.0
885.0
982.0
1121.0
1219.0
1163.0
1263.0
1240.0
1279.0
1391.0
1281.0
1158.0
1143.0
1105.0
1118.0
1055.0
870.0
814.0
751.0
820.0
834.0
772.0
760.0
746.0
929.0
898.0
986.0
1121.0
1220.0
1173.0
1271.0
1239.0
1283.0
1394.0
1281.0
1163.0
1146.0
1112.0
1121.0
1056.0
879.0
817.0
754.0
831.0
843.0
775.0
760.0
749.0
939.0
907.0
993.0
1126.0
1223.0
1176.0
1280.0
1244.0
1289.0
1399.0
1290.0
1169.0
1151.0
1110.0
1124.0
1059.0
883.0
819.0
756.0
842.0
845.0
785.0
764.0
748.0
943.0
915.0
1005.0
1124.0
1228.0
1194.0
1288.0
1248.0
1295.0
1403.0
1291.0
1174.0
1154.0
1119.0
1128.0
1061.0
888.0
827.0
762.0
853.0
852.0
784.0
769.0
755.0
946.0
926.0
1013.0
1127.0
1233.0
1207.0
1309.0
1256.0
1301.0
1407.0
1303.0
1192.0
1163.0
1124.0
1136.0
1068.0
899.0
832.0
766.0
855.0
846.0
787.0
779.0
759.0
952.0
925.0
1016.0
1158.0
1242.0
1220.0
1310.0
1260.0
1302.0
1413.0
1314.0
1197.0
1172.0
1131.0
1148.0
1078.0
903.0
835.0
772.0
860.0
849.0
799.0
785.0
759.0
956.0
928.0
1025.0
1166.0
1245.0
1221.0
1326.0
1264.0
1308.0
1421.0
1320.0
1204.0
1180.0
1138.0
1153.0
1082.0
912.0
838.0
778.0
869.0
862.0
800.0
785.0
759.0
957.0
929.0
1027.0
1170.0
1244.0
1232.0
1354.0
1281.0
1315.0
1423.0
1324.0
1211.0
1181.0
1140.0
1154.0
1086.0
920.0
