871.0
786.0
794.0
818.0
773.0
796.0
788.0
942.0
900.0
1027.0
1119.0
1241.0
1157.0
1260.0
1241.0
1289.0
1342.0
1262.0
1160.0
1169.0
1138.0
1123.0
1022.0
876.0
858.0
788.0
780.0
827.0
785.0
791.0
777.0
944.0
889.0
1023.0
1111.0
1253.0
1172.0
1295.0
1245.0
1298.0
1353.0
1265.0
1162.0
1185.0
1126.0
1130.0
1061.0
891.0
863.0
795.0
873.0
818.0
775.0
783.0
800.0
948.0
890.0
1022.0
1151.0
1251.0
1179.0
1281.0
1248.0
1290.0
1354.0
1270.0
1172.0
1170.0
1134.0
1127.0
1056.0
884.0
873.0
797.0
870.0
798.0
783.0
798.0
789.0
983.0
916.0
1022.0
1136.0
1265.0
1178.0
1299.0
1256.0
1308.0
1369.0
1269.0
1182.0
1184.0
1138.0
1125.0
1031.0
896.0
882.0
799.0
882.0
817.0
786.0
808.0
815.0
996.0
903.0
1040.0
1155.0
1269.0
1187.0
1293.0
1243.0
1294.0
1373.0
1292.0
1181.0
1191.0
1143.0
1141.0
1057.0
894.0
893.0
807.0
885.0
826.0
818.0
800.0
816.0
986.0
908.0
1032.0
1148.0
1265.0
1202.0
1309.0
1258.0
1302.0
1382.0
1276.0
1186.0
1189.0
1146.0
1138.0
1063.0
910.0
884.0
813.0
911.0
832.0
816.0
820.0
811.0
1010.0
918.0
1055.0
1142.0
1274.0
1229.0
1322.0
1265.0
1309.0
1384.0
1290.0
1211.0
1201.0
1159.0
1164.0
1077.0
899.0
898.0
831.0
905.0
826.0
819.0
837.0
818.0
1025.0
931.0
1065.0
1171.0
1273.0
1226.0
1322.0
1267.0
1328.0
1402.0
1292.0
1205.0
1190.0
1165.0
1146.0
1082.0
928.0
905.0
819.0
906.0
827.0
833.0
825.0
832.0
1007.0
917.0
1077.0
1186.0
1283.0
1241.0
1327.0
1290.0
1320.0
1396.0
1312.0
1211.0
1207.0
1180.0
1169.0
1065.0
931.0
894.0
842.0
898.0
855.0
828.0
844.0
818.0
1019.0
933.0
1072.0
1192.0
1278.0
1249.0
1357.0
1286.0
1324.0
1400.0
1305.0
1219.0
1229.0
1161.0
1175.0
1071.0
946.0
