1003.0
988.0
984.0
983.0
948.0
842.0
789.0
750.0
746.0
782.0
775.0
769.0
715.0
810.0
831.0
918.0
998.0
1057.0
1014.0
1043.0
1060.0
1071.0
1125.0
1086.0
1004.0
995.0
985.0
984.0
957.0
846.0
796.0
758.0
754.0
791.0
778.0
776.0
727.0
824.0
841.0
923.0
1002.0
1065.0
1021.0
1049.0
1067.0
1086.0
1131.0
1098.0
1012.0
1000.0
991.0
992.0
963.0
853.0
803.0
753.0
755.0
805.0
783.0
773.0
735.0
843.0
848.0
928.0
1009.0
1060.0
1026.0
1057.0
1075.0
1081.0
1147.0
1108.0
1017.0
1004.0
998.0
995.0
966.0
862.0
805.0
758.0
759.0
812.0
796.0
778.0
736.0
838.0
853.0
927.0
1021.0
1069.0
1038.0
1072.0
1073.0
1089.0
1147.0
1111.0
1027.0
1013.0
1003.0
1005.0
972.0
861.0
805.0
761.0
767.0
814.0
787.0
779.0
754.0
844.0
863.0
937.0
1016.0
1076.0
1043.0
1078.0
1080.0
1093.0
1152.0
1106.0
1027.0
1018.0
1007.0
1011.0
982.0
859.0
805.0
755.0
766.0
813.0
799.0
791.0
759.0
855.0
871.0
943.0
1028.0
1079.0
1048.0
1082.0
1089.0
1099.0
1158.0
1111.0
1029.0
1023.0
1016.0
1014.0
989.0
869.0
814.0
767.0
815.0
833.0
799.0
785.0
751.0
853.0
877.0
947.0
1028.0
1084.0
1046.0
1088.0
1091.0
1099.0
1164.0
1116.0
1043.0
1022.0
1011.0
1013.0
988.0
868.0
809.0
768.0
833.0
824.0
797.0
794.0
765.0
893.0
884.0
945.0
1026.0
1073.0
1055.0
1094.0
1084.0
1104.0
1162.0
1114.0
1045.0
1032.0
1015.0
1022.0
994.0
878.0
836.0
783.0
837.0
836.0
808.0
800.0
767.0
903.0
883.0
954.0
1022.0
1070.0
1048.0
1103.0
1091.0
1106.0
1167.0
1116.0
1047.0
1038.0
1018.0
1027.0
988.0
881.0
843.0
785.0
844.0
839.0
810.0
795.0
761.0
905.0
887.0
968.0
1025.0
1074.0
1061.0
1111.0
1090.0
1110.0
1163.0
1107.0
1056.0
1041.0
1020.0
1028.0
988.0
887.0
840.0
787.0
853.0
839.0
819.0
804.0
773.0
907.0
897.0
967.0
1027.0
1078.0
1066.0
1120.0
1091.0
1119.0
1166.0
1111.0
1062.0
1043.0
1022.0
1031.0
992.0
897.0
849.0
789.0
852.0
847.0
821.0
815.0
771.0
905.0
896.0
971.0
1041.0
1094.0
1076.0
1123.0
1092.0
1117.0
1173.0
1116.0
1065.0
1052.0
1025.0
1036.0
999.0
897.0
847.0
800.0
864.0
853.0
829.0
821.0
779.0
912.0
896.0
977.0
1043.0
1095.0
1074.0
1129.0
1095.0
1125.0
1178.0
1122.0
1069.0
1058.0
1032.0
1043.0
1001.0
905.0
853.0
794.0
870.0
860.0
830.0
815.0
787.0
908.0
896.0
980.0
1048.0
1097.0
1077.0
1138.0
1104.0
1124.0
1175.0
1123.0
1076.0
1058.0
1030.0
1040.0
1007.0
907.0
