1068.0
1066.0
1060.0
1050.0
1008.0
855.0
846.0
789.0
787.0
818.0
792.0
810.0
744.0
874.0
857.0
985.0
1081.0
1147.0
1079.0
1132.0
1140.0
1164.0
1213.0
1161.0
1060.0
1066.0
1056.0
1059.0
1016.0
858.0
852.0
798.0
805.0
833.0
809.0
810.0
752.0
889.0
881.0
997.0
1083.0
1163.0
1088.0
1135.0
1152.0
1174.0
1226.0
1183.0
1088.0
1072.0
1061.0
1074.0
1023.0
880.0
859.0
806.0
794.0
845.0
810.0
823.0
776.0
902.0
878.0
1003.0
1095.0
1151.0
1102.0
1146.0
1160.0
1181.0
1233.0
1194.0
1095.0
1090.0
1077.0
1078.0
1033.0
891.0
862.0
807.0
811.0
864.0
823.0
819.0
779.0
902.0
882.0
1003.0
1099.0
1171.0
1116.0
1160.0
1163.0
1186.0
1239.0
1199.0
1101.0
1096.0
1087.0
1090.0
1038.0
892.0
872.0
810.0
817.0
855.0
822.0
833.0
795.0
911.0
905.0
1023.0
1110.0
1175.0
1125.0
1176.0
1169.0
1193.0
1244.0
1200.0
1102.0
1103.0
1091.0
1098.0
1048.0
902.0
863.0
806.0
810.0
858.0
832.0
837.0
800.0
923.0
912.0
1024.0
1114.0
1181.0
1128.0
1184.0
1182.0
1198.0
1250.0
1206.0
1107.0
1117.0
1103.0
1100.0
1055.0
900.0
874.0
812.0
891.0
874.0
845.0
833.0
808.0
922.0
917.0
1032.0
1124.0
1184.0
1135.0
1190.0
1185.0
1199.0
1254.0
1201.0
1126.0
1113.0
1099.0
1103.0
1053.0
909.0
872.0
813.0
901.0
866.0
837.0
859.0
807.0
974.0
929.0
1029.0
1117.0
1176.0
1140.0
1198.0
1171.0
1199.0
1260.0
1205.0
1136.0
1129.0
1103.0
1106.0
1062.0
919.0
897.0
832.0
895.0
881.0
838.0
858.0
811.0
981.0
927.0
1022.0
1124.0
1171.0
1128.0
1208.0
1182.0
1204.0
1261.0
1208.0
1130.0
1131.0
1108.0
1112.0
1061.0
921.0
905.0
839.0
910.0
880.0
856.0
851.0
817.0
978.0
924.0
1048.0
1121.0
1174.0
1143.0
1205.0
1185.0
1208.0
1259.0
1193.0
1138.0
1132.0
1111.0
1112.0
1064.0
926.0
914.0
841.0
927.0
898.0
855.0
862.0
818.0
983.0
948.0
1045.0
1120.0
1180.0
1157.0
1218.0
1186.0
1212.0
1263.0
1201.0
1146.0
1144.0
1116.0
1123.0
1066.0
933.0
914.0
845.0
923.0
884.0
867.0
873.0
829.0
995.0
953.0
1057.0
1139.0
1195.0
1162.0
1219.0
1190.0
1220.0
1272.0
1211.0
1148.0
1141.0
1121.0
1134.0
1079.0
945.0
914.0
855.0
941.0
896.0
877.0
864.0
829.0
992.0
944.0
1065.0
1149.0
1199.0
1175.0
1230.0
1196.0
1215.0
1272.0
1219.0
1159.0
1152.0
1124.0
1141.0
1082.0
947.0
918.0
865.0
952.0
907.0
886.0
876.0
831.0
995.0
942.0
1063.0
1151.0
1196.0
1181.0
1242.0
1199.0
1225.0
1269.0
1220.0
1157.0
1149.0
1123.0
1140.0
1088.0
959.0
