565.0
576.0
591.0
482.0
518.0
490.0
479.0
505.0
492.0
573.0
562.0
524.0
536.0
616.0
604.0
536.0
485.0
488.0
666.0
438.0
505.0
591.0
508.0
538.0
529.0
539.0
484.0
490.0
452.0
500.0
479.0
535.0
513.0
569.0
485.0
467.0
570.0
624.0
593.0
586.0
497.0
624.0
613.0
610.0
653.0
720.0
901.0
1083.0
945.0
1024.0
1212.0
1228.0
1561.0
1134.0
1283.0
971.0
1139.0
1236.0
607.0
494.0
537.0
580.0
510.0
602.0
524.0
477.0
668.0
496.0
1093.0
619.0
1024.0
953.0
766.0
651.0
733.0
975.0
1081.0
1043.0
932.0
831.0
1136.0
932.0
647.0
709.0
635.0
798.0
682.0
582.0
549.0
614.0
797.0
586.0
591.0
662.0
850.0
903.0
843.0
771.0
994.0
910.0
1020.0
965.0
809.0
801.0
690.0
718.0
557.0
531.0
559.0
501.0
524.0
559.0
582.0
575.0
633.0
767.0
679.0
816.0
633.0
900.0
812.0
877.0
876.0
952.0
1266.0
1333.0
1220.0
854.0
1020.0
676.0
537.0
526.0
557.0
600.0
487.0
470.0
1232.0
553.0
677.0
814.0
614.0
1077.0
998.0
902.0
1127.0
891.0
1087.0
1064.0
906.0
1185.0
870.0
637.0
836.0
839.0
716.0
513.0
802.0
649.0
691.0
807.0
680.0
709.0
755.0
642.0
692.0
755.0
597.0
509.0
747.0
599.0
615.0
663.0
535.0
564.0
548.0
698.0
526.0
573.0
510.0
462.0
525.0
576.0
553.0
568.0
513.0
445.0
617.0
577.0
457.0
557.0
497.0
471.0
573.0
548.0
507.0
416.0
537.0
544.0
424.0
702.0
442.0
691.0
507.0
494.0
566.0
792.0
501.0
657.0
769.0
593.0
538.0
686.0
655.0
606.0
435.0
429.0
565.0
740.0
507.0
442.0
452.0
469.0
506.0
558.0
522.0
535.0
475.0
494.0
627.0
521.0
656.0
646.0
777.0
585.0
624.0
762.0
903.0
746.0
838.0
959.0
762.0
931.0
815.0
1032.0
1083.0
1070.0
841.0
931.0
969.0
883.0
720.0
602.0
833.0
746.0
604.0
587.0
494.0
481.0
539.0
688.0
575.0
648.0
631.0
733.0
728.0
761.0
793.0
733.0
813.0
746.0
802.0
690.0
733.0
864.0
774.0
532.0
658.0
685.0
559.0
605.0
486.0
726.0
570.0
538.0
570.0
690.0
653.0
639.0
698.0
798.0
780.0
833.0
876.0
897.0
890.0
882.0
754.0
722.0
713.0
563.0
554.0
614.0
562.0
615.0
602.0
674.0
701.0
761.0
794.0
790.0
800.0
680.0
750.0
779.0
808.0
888.0
988.0
1025.0
912.0
870.0
726.0
725.0
616.0
622.0
660.0
600.0
634.0
616.0
672.0
636.0
702.0
621.0
532.0
590.0
676.0
602.0
660.0
573.0
602.0
505.0
566.0
550.0
