977.0
965.0
964.0
958.0
913.0
788.0
743.0
707.0
713.0
749.0
758.0
761.0
699.0
785.0
826.0
909.0
963.0
1033.0
992.0
1012.0
1018.0
1028.0
1066.0
1047.0
975.0
961.0
971.0
963.0
915.0
796.0
758.0
712.0
730.0
752.0
756.0
763.0
703.0
796.0
843.0
924.0
967.0
1035.0
998.0
1020.0
1016.0
1039.0
1074.0
1065.0
981.0
955.0
976.0
962.0
901.0
769.0
729.0
718.0
732.0
765.0
764.0
765.0
704.0
805.0
845.0
914.0
967.0
1019.0
994.0
1021.0
1046.0
1040.0
1089.0
1069.0
994.0
967.0
951.0
967.0
917.0
799.0
752.0
725.0
743.0
772.0
760.0
747.0
710.0
797.0
807.0
887.0
958.0
1039.0
1008.0
1037.0
1031.0
1051.0
1099.0
1073.0
995.0
976.0
978.0
973.0
923.0
794.0
739.0
719.0
750.0
778.0
762.0
758.0
714.0
811.0
863.0
928.0
975.0
1050.0
1016.0
1032.0
1045.0
1051.0
1105.0
1074.0
997.0
980.0
961.0
974.0
927.0
802.0
755.0
716.0
738.0
773.0
764.0
752.0
723.0
814.0
854.0
912.0
980.0
1043.0
1013.0
1044.0
1047.0
1058.0
1102.0
1078.0
995.0
978.0
969.0
965.0
928.0
812.0
753.0
727.0
789.0
807.0
784.0
755.0
730.0
823.0
822.0
891.0
963.0
1050.0
1018.0
1050.0
1049.0
1062.0
1110.0
1072.0
1008.0
988.0
970.0
973.0
937.0
810.0
766.0
711.0
779.0
800.0
776.0
742.0
722.0
843.0
864.0
908.0
964.0
1045.0
1026.0
1060.0
1046.0
1060.0
1113.0
1078.0
1018.0
999.0
994.0
985.0
947.0
812.0
764.0
735.0
806.0
818.0
790.0
763.0
730.0
847.0
844.0
909.0
980.0
1049.0
1025.0
1065.0
1045.0
1059.0
1106.0
1079.0
1019.0
1004.0
975.0
978.0
941.0
819.0
753.0
732.0
800.0
823.0
802.0
763.0
737.0
846.0
841.0
913.0
954.0
1037.0
1034.0
1066.0
1052.0
1065.0
1112.0
1075.0
1016.0
1006.0
982.0
984.0
944.0
833.0
768.0
736.0
807.0
823.0
802.0
754.0
739.0
849.0
874.0
935.0
963.0
1044.0
1036.0
1083.0
1059.0
1068.0
1114.0
1081.0
1029.0
1007.0
981.0
989.0
949.0
835.0
776.0
741.0
788.0
794.0
781.0
751.0
731.0
839.0
867.0
936.0
1008.0
1060.0
1046.0
1070.0
1052.0
1058.0
1114.0
1091.0
1033.0
1018.0
991.0
998.0
961.0
843.0
780.0
750.0
801.0
797.0
787.0
778.0
741.0
864.0
878.0
952.0
1012.0
1062.0
1046.0
1082.0
1059.0
1070.0
1118.0
1089.0
1021.0
1012.0
983.0
996.0
961.0
828.0
777.0
727.0
782.0
791.0
778.0
763.0
730.0
844.0
853.0
933.0
1008.0
1056.0
1057.0
1102.0
1087.0
1078.0
1127.0
1093.0
1040.0
1017.0
997.0
1001.0
937.0
832.0
