254.0
252.0
253.0
256.0
255.0
260.0
252.0
252.0
254.0
253.0
253.0
253.0
255.0
254.0
261.0
252.0
251.0
256.0
255.0
253.0
254.0
255.0
254.0
255.0
261.0
251.0
251.0
255.0
253.0
253.0
253.0
254.0
255.0
257.0
252.0
253.0
254.0
255.0
254.0
253.0
254.0
254.0
254.0
256.0
252.0
252.0
254.0
256.0
255.0
253.0
254.0
254.0
254.0
253.0
253.0
253.0
254.0
253.0
253.0
253.0
254.0
254.0
262.0
252.0
252.0
257.0
260.0
251.0
253.0
255.0
253.0
261.0
253.0
252.0
256.0
254.0
249.0
254.0
254.0
253.0
260.0
253.0
252.0
254.0
252.0
251.0
252.0
253.0
253.0
252.0
258.0
252.0
252.0
254.0
252.0
251.0
252.0
253.0
253.0
260.0
253.0
252.0
255.0
253.0
253.0
253.0
252.0
252.0
253.0
254.0
254.0
252.0
256.0
255.0
254.0
253.0
256.0
255.0
255.0
255.0
259.0
254.0
251.0
253.0
253.0
254.0
254.0
254.0
254.0
254.0
256.0
256.0
255.0
257.0
258.0
255.0
260.0
255.0
253.0
254.0
254.0
255.0
255.0
253.0
255.0
256.0
255.0
257.0
258.0
257.0
257.0
256.0
261.0
281.0
273.0
251.0
253.0
257.0
254.0
252.0
254.0
252.0
253.0
253.0
254.0
253.0
253.0
254.0
253.0
253.0
253.0
255.0
254.0
253.0
261.0
252.0
252.0
254.0
253.0
251.0
252.0
255.0
253.0
254.0
254.0
254.0
254.0
254.0
253.0
253.0
254.0
263.0
253.0
251.0
254.0
252.0
251.0
253.0
253.0
253.0
253.0
253.0
260.0
264.0
258.0
253.0
256.0
259.0
286.0
311.0
302.0
277.0
267.0
260.0
256.0
260.0
267.0
264.0
269.0
257.0
256.0
254.0
256.0
256.0
267.0
255.0
258.0
261.0
258.0
257.0
258.0
259.0
258.0
257.0
257.0
255.0
255.0
255.0
254.0
253.0
266.0
255.0
255.0
258.0
256.0
255.0
255.0
257.0
256.0
256.0
253.0
254.0
253.0
254.0
252.0
253.0
253.0
266.0
255.0
254.0
259.0
258.0
255.0
255.0
256.0
255.0
254.0
254.0
253.0
253.0
252.0
252.0
252.0
252.0
264.0
254.0
254.0
256.0
254.0
253.0
253.0
254.0
256.0
254.0
252.0
252.0
253.0
252.0
253.0
252.0
255.0
262.0
254.0
253.0
255.0
254.0
253.0
252.0
254.0
255.0
253.0
252.0
251.0
252.0
252.0
253.0
253.0
263.0
254.0
252.0
256.0
251.0
252.0
253.0
253.0
254.0
253.0
252.0
252.0
251.0
254.0
260.0
255.0
260.0
254.0
254.0
256.0
264.0
265.0
256.0
254.0
259.0
259.0
258.0
255.0
256.0
257.0
255.0
256.0
260.0
286.0
322.0
