263.0
263.0
265.0
264.0
264.0
278.0
262.0
255.0
267.0
261.0
262.0
263.0
262.0
263.0
281.0
259.0
256.0
265.0
261.0
263.0
265.0
265.0
262.0
263.0
282.0
258.0
256.0
264.0
261.0
262.0
266.0
267.0
262.0
271.0
259.0
257.0
263.0
259.0
263.0
262.0
263.0
262.0
262.0
270.0
258.0
257.0
261.0
262.0
266.0
261.0
266.0
259.0
263.0
264.0
261.0
265.0
261.0
261.0
263.0
262.0
262.0
260.0
280.0
260.0
251.0
265.0
277.0
257.0
256.0
268.0
258.0
284.0
260.0
252.0
266.0
264.0
256.0
256.0
263.0
258.0
278.0
255.0
250.0
263.0
255.0
259.0
256.0
261.0
262.0
257.0
273.0
257.0
250.0
258.0
256.0
257.0
258.0
259.0
259.0
277.0
257.0
246.0
256.0
251.0
255.0
253.0
259.0
258.0
262.0
262.0
249.0
249.0
253.0
253.0
252.0
254.0
253.0
253.0
253.0
253.0
268.0
249.0
247.0
254.0
251.0
253.0
252.0
253.0
251.0
253.0
251.0
254.0
251.0
252.0
254.0
253.0
268.0
249.0
246.0
252.0
248.0
251.0
254.0
254.0
251.0
253.0
249.0
251.0
252.0
252.0
250.0
254.0
253.0
285.0
316.0
247.0
255.0
256.0
274.0
265.0
259.0
267.0
261.0
262.0
263.0
262.0
258.0
262.0
260.0
261.0
259.0
259.0
264.0
257.0
283.0
260.0
251.0
264.0
258.0
262.0
259.0
263.0
264.0
258.0
264.0
262.0
262.0
262.0
260.0
261.0
261.0
285.0
256.0
251.0
262.0
255.0
262.0
263.0
263.0
261.0
262.0
259.0
265.0
259.0
272.0
257.0
266.0
258.0
285.0
315.0
261.0
261.0
273.0
269.0
258.0
256.0
263.0
260.0
276.0
275.0
283.0
271.0
271.0
273.0
296.0
271.0
263.0
275.0
265.0
268.0
270.0
274.0
270.0
267.0
268.0
267.0
267.0
268.0
268.0
266.0
296.0
265.0
261.0
272.0
262.0
267.0
269.0
272.0
268.0
266.0
268.0
264.0
266.0
267.0
263.0
267.0
265.0
296.0
269.0
260.0
273.0
264.0
270.0
269.0
273.0
268.0
266.0
268.0
262.0
265.0
265.0
265.0
264.0
264.0
294.0
263.0
260.0
269.0
260.0
266.0
263.0
270.0
266.0
266.0
264.0
265.0
263.0
260.0
263.0
260.0
270.0
293.0
265.0
262.0
263.0
260.0
264.0
264.0
271.0
265.0
265.0
263.0
263.0
258.0
259.0
262.0
262.0
291.0
262.0
258.0
267.0
259.0
261.0
263.0
264.0
263.0
263.0
261.0
262.0
260.0
262.0
259.0
269.0
284.0
265.0
259.0
265.0
257.0
266.0
272.0
262.0
267.0
260.0
265.0
264.0
263.0
264.0
258.0
263.0
270.0
278.0
338.0
