254.0
254.0
255.0
255.0
255.0
260.0
251.0
252.0
254.0
254.0
254.0
254.0
254.0
254.0
260.0
250.0
252.0
253.0
253.0
253.0
253.0
253.0
253.0
253.0
260.0
250.0
251.0
253.0
253.0
253.0
253.0
253.0
253.0
256.0
251.0
251.0
252.0
252.0
253.0
253.0
253.0
252.0
252.0
255.0
251.0
251.0
253.0
252.0
253.0
253.0
253.0
252.0
253.0
253.0
253.0
253.0
253.0
253.0
253.0
253.0
252.0
252.0
259.0
250.0
250.0
252.0
258.0
248.0
249.0
251.0
251.0
258.0
247.0
247.0
251.0
251.0
247.0
248.0
249.0
248.0
255.0
245.0
247.0
248.0
248.0
248.0
248.0
248.0
249.0
248.0
253.0
245.0
246.0
247.0
247.0
247.0
247.0
247.0
247.0
254.0
244.0
235.0
234.0
234.0
233.0
233.0
244.0
246.0
247.0
237.0
231.0
232.0
232.0
231.0
231.0
231.0
230.0
231.0
230.0
228.0
236.0
231.0
232.0
233.0
232.0
232.0
231.0
231.0
231.0
230.0
229.0
230.0
229.0
228.0
228.0
228.0
234.0
229.0
228.0
231.0
230.0
230.0
230.0
235.0
229.0
228.0
227.0
227.0
226.0
226.0
227.0
227.0
225.0
260.0
247.0
221.0
246.0
250.0
252.0
251.0
252.0
251.0
251.0
251.0
251.0
251.0
252.0
251.0
251.0
251.0
250.0
252.0
252.0
251.0
258.0
249.0
249.0
251.0
251.0
251.0
250.0
252.0
252.0
251.0
252.0
252.0
251.0
251.0
252.0
251.0
251.0
260.0
248.0
248.0
251.0
250.0
250.0
250.0
250.0
250.0
250.0
250.0
254.0
249.0
253.0
251.0
253.0
250.0
268.0
267.0
266.0
259.0
253.0
252.0
236.0
232.0
249.0
236.0
259.0
264.0
261.0
260.0
259.0
260.0
275.0
264.0
263.0
266.0
264.0
262.0
261.0
259.0
259.0
259.0
258.0
258.0
257.0
257.0
257.0
256.0
272.0
260.0
260.0
262.0
260.0
259.0
259.0
258.0
257.0
256.0
258.0
256.0
256.0
257.0
255.0
256.0
255.0
270.0
259.0
259.0
262.0
260.0
259.0
258.0
257.0
257.0
256.0
255.0
255.0
254.0
253.0
253.0
253.0
253.0
268.0
257.0
257.0
259.0
257.0
256.0
255.0
254.0
253.0
253.0
252.0
252.0
251.0
249.0
250.0
247.0
251.0
263.0
255.0
255.0
257.0
256.0
255.0
254.0
253.0
252.0
252.0
251.0
251.0
248.0
247.0
247.0
247.0
262.0
252.0
253.0
257.0
255.0
253.0
253.0
250.0
250.0
249.0
249.0
248.0
248.0
249.0
246.0
248.0
261.0
253.0
253.0
256.0
254.0
252.0
254.0
251.0
252.0
250.0
249.0
249.0
248.0
248.0
245.0
245.0
228.0
280.0
312.0
