1903.0
1604.0
1505.0
1466.0
1480.0
1292.0
1244.0
1244.0
1216.0
1308.0
1194.0
1109.0
1184.0
1232.0
1315.0
1431.0
1449.0
1400.0
1432.0
1525.0
2015.0
1794.0
1908.0
1852.0
1885.0
1616.0
1533.0
1488.0
1494.0
1302.0
1279.0
1251.0
1224.0
1313.0
1217.0
1126.0
1210.0
1247.0
1321.0
1444.0
1469.0
1427.0
1451.0
1543.0
2042.0
1805.0
1921.0
1879.0
1916.0
1625.0
1545.0
1507.0
1508.0
1313.0
1284.0
1264.0
1235.0
1317.0
1222.0
1135.0
1214.0
1258.0
1337.0
1460.0
1510.0
1449.0
1468.0
1556.0
2123.0
1843.0
1950.0
1899.0
1922.0
1643.0
1558.0
1522.0
1522.0
1319.0
1290.0
1270.0
1241.0
1321.0
1226.0
1143.0
1222.0
1264.0
1344.0
1469.0
1518.0
1461.0
1476.0
1566.0
2123.0
1850.0
1965.0
1913.0
1931.0
1655.0
1566.0
1522.0
1525.0
1327.0
1315.0
1278.0
1247.0
1323.0
1231.0
1190.0
1224.0
1272.0
1349.0
1476.0
1581.0
1460.0
1485.0
1571.0
2134.0
1858.0
1976.0
1926.0
1951.0
1682.0
1569.0
1529.0
1533.0
1378.0
1333.0
1286.0
1254.0
1329.0
1243.0
1239.0
1236.0
1288.0
1360.0
1493.0
1543.0
1481.0
1499.0
1695.0
2139.0
1891.0
1984.0
1950.0
1981.0
1686.0
1590.0
1543.0
1543.0
1346.0
1315.0
1302.0
1271.0
1344.0
1257.0
1233.0
1244.0
1293.0
1371.0
1507.0
1559.0
1504.0
1523.0
1610.0
2168.0
1909.0
1995.0
1966.0
2002.0
1708.0
1607.0
1596.0
1558.0
1357.0
1364.0
1309.0
1349.0
1389.0
1280.0
1131.0
1260.0
1296.0
1383.0
1527.0
1583.0
1527.0
1548.0
1631.0
2177.0
2007.0
2061.0
1993.0
2030.0
1609.0
1680.0
1515.0
1571.0
1366.0
1337.0
1327.0
1284.0
1398.0
1287.0
1101.0
1276.0
1310.0
1423.0
1554.0
1601.0
1553.0
1576.0
1653.0
2211.0
2039.0
2092.0
2017.0
1955.0
1763.0
1659.0
1664.0
1611.0
1389.0
1345.0
1306.0
1307.0
1495.0
1282.0
1217.0
1295.0
1326.0
1456.0
1570.0
1612.0
1570.0
1599.0
1675.0
2238.0
2040.0
2115.0
2035.0
2073.0
1753.0
1680.0
1674.0
1617.0
1396.0
1352.0
1363.0
1388.0
1422.0
1298.0
1227.0
1305.0
1333.0
1516.0
1593.0
1633.0
1581.0
1616.0
1688.0
2248.0
2040.0
2127.0
2054.0
2093.0
1765.0
1670.0
1680.0
1616.0
1394.0
1359.0
1348.0
1402.0
1415.0
1302.0
1237.0
1317.0
1335.0
1552.0
1595.0
1643.0
1593.0
1628.0
1700.0
2306.0
2091.0
2137.0
2071.0
2111.0
1781.0
1697.0
1681.0
1619.0
1423.0
1354.0
1515.0
1474.0
1459.0
1301.0
1208.0
1302.0
1383.0
1577.0
1608.0
1679.0
1587.0
1621.0
1719.0
2335.0
2157.0
2087.0
2051.0
2083.0
1907.0
1748.0
1753.0
1692.0
1427.0
1362.0
1532.0
1520.0
1454.0
1316.0
1223.0
1328.0
1345.0
1573.0
1642.0
1646.0
1604.0
1648.0
1739.0
2335.0
2263.0
2156.0
2079.0
2097.0
1921.0
1776.0
1771.0
1700.0
1478.0
