1956.0
1652.0
1520.0
1438.0
1444.0
1252.0
1232.0
1190.0
1166.0
1275.0
1167.0
1084.0
1161.0
1200.0
1294.0
1423.0
1454.0
1413.0
1439.0
1526.0
2065.0
1893.0
2031.0
1932.0
1939.0
1653.0
1543.0
1457.0
1455.0
1260.0
1235.0
1197.0
1178.0
1282.0
1191.0
1103.0
1179.0
1216.0
1301.0
1437.0
1475.0
1442.0
1460.0
1546.0
2097.0
1908.0
2042.0
1957.0
1971.0
1662.0
1551.0
1476.0
1471.0
1272.0
1241.0
1211.0
1191.0
1288.0
1196.0
1110.0
1183.0
1227.0
1318.0
1455.0
1519.0
1470.0
1482.0
1562.0
2188.0
1957.0
2085.0
1988.0
1978.0
1675.0
1560.0
1489.0
1485.0
1277.0
1247.0
1217.0
1197.0
1292.0
1199.0
1117.0
1190.0
1233.0
1325.0
1466.0
1529.0
1483.0
1492.0
1572.0
2191.0
1964.0
2100.0
2003.0
1989.0
1686.0
1567.0
1490.0
1489.0
1286.0
1272.0
1227.0
1201.0
1294.0
1204.0
1167.0
1196.0
1240.0
1333.0
1473.0
1599.0
1492.0
1500.0
1578.0
2202.0
1973.0
2113.0
2018.0
2010.0
1719.0
1571.0
1498.0
1498.0
1344.0
1295.0
1234.0
1208.0
1300.0
1216.0
1219.0
1212.0
1257.0
1343.0
1492.0
1555.0
1506.0
1516.0
1711.0
2214.0
2010.0
2122.0
2041.0
2044.0
1721.0
1592.0
1514.0
1509.0
1304.0
1271.0
1250.0
1230.0
1315.0
1230.0
1210.0
1218.0
1262.0
1356.0
1508.0
1573.0
1531.0
1542.0
1621.0
2242.0
2033.0
2134.0
2059.0
2067.0
1741.0
1609.0
1570.0
1527.0
1316.0
1322.0
1259.0
1313.0
1366.0
1263.0
1103.0
1227.0
1270.0
1365.0
1529.0
1599.0
1556.0
1570.0
1643.0
2256.0
2120.0
2212.0
2110.0
2104.0
1625.0
1671.0
1491.0
1541.0
1327.0
1293.0
1279.0
1257.0
1377.0
1268.0
1074.0
1245.0
1285.0
1410.0
1560.0
1623.0
1584.0
1598.0
1667.0
2294.0
2154.0
2243.0
2134.0
2026.0
1791.0
1664.0
1648.0
1588.0
1355.0
1303.0
1258.0
1278.0
1476.0
1270.0
1183.0
1263.0
1299.0
1447.0
1577.0
1634.0
1599.0
1622.0
1690.0
2323.0
2148.0
2259.0
2148.0
2150.0
1785.0
1684.0
1661.0
1597.0
1362.0
1311.0
1316.0
1357.0
1400.0
1275.0
1193.0
1274.0
1307.0
1517.0
1605.0
1661.0
1609.0
1635.0
1702.0
2339.0
2143.0
2263.0
2160.0
2169.0
1794.0
1675.0
1671.0
1599.0
1360.0
1318.0
1303.0
1374.0
1394.0
1274.0
1201.0
1287.0
1310.0
1554.0
1609.0
1669.0
1617.0
1647.0
1716.0
2401.0
2203.0
2272.0
2168.0
2187.0
1809.0
1704.0
1676.0
1605.0
1390.0
1315.0
1497.0
1457.0
1443.0
1269.0
1173.0
1285.0
1364.0
1582.0
1619.0
1696.0
1591.0
1631.0
1742.0
2447.0
2225.0
2164.0
2094.0
2138.0
1929.0
1765.0
1774.0
1699.0
1397.0
1323.0
1543.0
1515.0
1446.0
1282.0
1185.0
1310.0
1328.0
1595.0
1656.0
1659.0
1605.0
1662.0
1763.0
2466.0
2342.0
2225.0
2120.0
2152.0
1946.0
1796.0
1792.0
1709.0
1459.0
