1783.0
1536.0
1427.0
1363.0
1367.0
1211.0
1196.0
1161.0
1137.0
1228.0
1136.0
1068.0
1136.0
1162.0
1242.0
1349.0
1373.0
1339.0
1361.0
1432.0
1869.0
1740.0
1850.0
1764.0
1767.0
1536.0
1446.0
1378.0
1377.0
1217.0
1199.0
1166.0
1147.0
1233.0
1156.0
1084.0
1151.0
1176.0
1247.0
1359.0
1389.0
1362.0
1377.0
1448.0
1893.0
1751.0
1858.0
1785.0
1794.0
1543.0
1452.0
1393.0
1389.0
1226.0
1204.0
1178.0
1157.0
1237.0
1160.0
1090.0
1154.0
1185.0
1261.0
1373.0
1424.0
1384.0
1395.0
1460.0
1967.0
1794.0
1894.0
1810.0
1799.0
1553.0
1459.0
1404.0
1400.0
1230.0
1208.0
1182.0
1160.0
1240.0
1161.0
1095.0
1160.0
1190.0
1266.0
1381.0
1433.0
1395.0
1402.0
1467.0
1969.0
1799.0
1907.0
1823.0
1808.0
1562.0
1464.0
1404.0
1402.0
1236.0
1230.0
1190.0
1165.0
1241.0
1164.0
1139.0
1165.0
1196.0
1271.0
1386.0
1491.0
1401.0
1409.0
1472.0
1978.0
1806.0
1917.0
1836.0
1825.0
1589.0
1467.0
1409.0
1409.0
1286.0
1248.0
1196.0
1170.0
1245.0
1173.0
1185.0
1179.0
1210.0
1280.0
1401.0
1452.0
1413.0
1422.0
1584.0
1987.0
1838.0
1924.0
1855.0
1853.0
1589.0
1483.0
1422.0
1418.0
1250.0
1226.0
1208.0
1186.0
1258.0
1186.0
1175.0
1183.0
1214.0
1289.0
1413.0
1467.0
1432.0
1442.0
1506.0
2010.0
1857.0
1933.0
1870.0
1872.0
1606.0
1496.0
1467.0
1431.0
1260.0
1270.0
1215.0
1257.0
1297.0
1212.0
1079.0
1187.0
1216.0
1296.0
1429.0
1488.0
1452.0
1465.0
1524.0
2021.0
1924.0
2001.0
1914.0
1902.0
1504.0
1550.0
1399.0
1442.0
1267.0
1243.0
1231.0
1205.0
1305.0
1216.0
1051.0
1200.0
1227.0
1332.0
1454.0
1506.0
1475.0
1487.0
1542.0
2051.0
1952.0
2025.0
1933.0
1832.0
1647.0
1540.0
1528.0
1478.0
1289.0
1251.0
1211.0
1222.0
1389.0
1217.0
1151.0
1219.0
1241.0
1362.0
1467.0
1514.0
1487.0
1506.0
1561.0
2075.0
1944.0
2037.0
1944.0
1940.0
1640.0
1556.0
1538.0
1485.0
1295.0
1258.0
1260.0
1290.0
1323.0
1221.0
1158.0
1226.0
1247.0
1418.0
1488.0
1536.0
1495.0
1516.0
1570.0
2087.0
1938.0
2039.0
1953.0
1955.0
1647.0
1547.0
1545.0
1485.0
1292.0
1262.0
1248.0
1303.0
1317.0
1220.0
1164.0
1237.0
1249.0
1448.0
1491.0
1541.0
1501.0
1526.0
1580.0
2139.0
1990.0
2045.0
1960.0
1970.0
1660.0
1571.0
1548.0
1490.0
1317.0
1259.0
1407.0
1367.0
1359.0
1217.0
1139.0
1231.0
1293.0
1471.0
1500.0
1564.0
1478.0
1511.0
1600.0
2176.0
2009.0
1947.0
1892.0
1927.0
1757.0
1620.0
1626.0
1567.0
1322.0
1266.0
1441.0
1415.0
1359.0
1228.0
1148.0
1252.0
1261.0
1479.0
1528.0
1532.0
1489.0
1536.0
1617.0
2191.0
2104.0
1999.0
1913.0
1937.0
1770.0
1645.0
1641.0
1574.0
1372.0
