1666.0
1500.0
1451.0
1442.0
1470.0
1284.0
1255.0
1267.0
1242.0
1337.0
1209.0
1119.0
1217.0
1269.0
1336.0
1429.0
1439.0
1390.0
1421.0
1494.0
1745.0
1624.0
1679.0
1647.0
1656.0
1514.0
1479.0
1463.0
1478.0
1296.0
1288.0
1279.0
1253.0
1338.0
1232.0
1129.0
1236.0
1282.0
1345.0
1438.0
1454.0
1412.0
1436.0
1509.0
1751.0
1626.0
1680.0
1657.0
1670.0
1514.0
1483.0
1477.0
1490.0
1310.0
1287.0
1285.0
1267.0
1342.0
1237.0
1137.0
1240.0
1296.0
1354.0
1452.0
1485.0
1427.0
1450.0
1514.0
1777.0
1634.0
1688.0
1663.0
1677.0
1530.0
1496.0
1491.0
1503.0
1312.0
1298.0
1291.0
1262.0
1351.0
1242.0
1154.0
1251.0
1297.0
1365.0
1467.0
1494.0
1436.0
1451.0
1524.0
1772.0
1642.0
1693.0
1673.0
1677.0
1533.0
1504.0
1492.0
1504.0
1319.0
1320.0
1297.0
1265.0
1347.0
1247.0
1198.0
1257.0
1309.0
1370.0
1467.0
1535.0
1436.0
1454.0
1526.0
1772.0
1641.0
1699.0
1679.0
1683.0
1554.0
1506.0
1495.0
1510.0
1367.0
1329.0
1300.0
1283.0
1353.0
1255.0
1249.0
1259.0
1316.0
1380.0
1480.0
1508.0
1453.0
1470.0
1600.0
1775.0
1655.0
1697.0
1678.0
1697.0
1555.0
1520.0
1508.0
1518.0
1337.0
1322.0
1326.0
1300.0
1369.0
1272.0
1242.0
1270.0
1320.0
1388.0
1493.0
1516.0
1469.0
1483.0
1548.0
1783.0
1662.0
1698.0
1688.0
1706.0
1564.0
1527.0
1540.0
1524.0
1352.0
1361.0
1326.0
1377.0
1405.0
1289.0
1141.0
1297.0
1338.0
1401.0
1511.0
1535.0
1486.0
1503.0
1559.0
1788.0
1700.0
1723.0
1698.0
1710.0
1501.0
1574.0
1491.0
1537.0
1354.0
1346.0
1346.0
1334.0
1420.0
1291.0
1122.0
1318.0
1348.0
1436.0
1524.0
1543.0
1501.0
1515.0
1573.0
1792.0
1707.0
1729.0
1712.0
1681.0
1605.0
1564.0
1586.0
1555.0
1367.0
1344.0
1333.0
1361.0
1489.0
1287.0
1216.0
1320.0
1361.0
1465.0
1537.0
1550.0
1514.0
1540.0
1587.0
1794.0
1706.0
1735.0
1716.0
1733.0
1592.0
1577.0
1593.0
1559.0
1376.0
1359.0
1376.0
1410.0
1432.0
1305.0
1238.0
1329.0
1362.0
1507.0
1546.0
1558.0
1518.0
1546.0
1593.0
1797.0
1707.0
1743.0
1726.0
1741.0
1600.0
1570.0
1595.0
1559.0
1371.0
1358.0
1368.0
1422.0
1427.0
1305.0
1245.0
1341.0
1362.0
1532.0
1544.0
1568.0
1531.0
1561.0
1597.0
1807.0
1729.0
1752.0
1732.0
1751.0
1614.0
1586.0
1592.0
1560.0
1402.0
1357.0
1504.0
1467.0
1446.0
1306.0
1227.0
1331.0
1397.0
1544.0
1555.0
1592.0
1530.0
1549.0
1608.0
1804.0
1772.0
1730.0
1722.0
1738.0
1675.0
1611.0
1618.0
1588.0
1400.0
1363.0
1505.0
1493.0
1440.0
1316.0
1238.0
1353.0
1373.0
1534.0
1578.0
1567.0
1540.0
1570.0
1616.0
1792.0
1796.0
1754.0
1738.0
1744.0
1685.0
1623.0
1630.0
1593.0
1446.0
