1815.0
1522.0
1444.0
1406.0
1415.0
1217.0
1218.0
1197.0
1171.0
1271.0
1147.0
1084.0
1178.0
1201.0
1276.0
1388.0
1401.0
1356.0
1395.0
1480.0
1966.0
1716.0
1857.0
1784.0
1807.0
1529.0
1463.0
1421.0
1425.0
1224.0
1227.0
1204.0
1182.0
1275.0
1171.0
1099.0
1193.0
1217.0
1282.0
1400.0
1417.0
1380.0
1410.0
1496.0
1994.0
1727.0
1868.0
1804.0
1832.0
1536.0
1473.0
1439.0
1438.0
1235.0
1231.0
1217.0
1193.0
1281.0
1175.0
1106.0
1196.0
1227.0
1296.0
1415.0
1455.0
1400.0
1427.0
1508.0
2079.0
1762.0
1896.0
1823.0
1836.0
1548.0
1486.0
1450.0
1448.0
1240.0
1236.0
1223.0
1197.0
1284.0
1179.0
1111.0
1205.0
1232.0
1303.0
1425.0
1464.0
1410.0
1433.0
1516.0
2082.0
1768.0
1909.0
1836.0
1845.0
1559.0
1492.0
1452.0
1453.0
1247.0
1258.0
1230.0
1202.0
1286.0
1180.0
1150.0
1206.0
1239.0
1310.0
1431.0
1512.0
1414.0
1439.0
1522.0
2092.0
1775.0
1922.0
1845.0
1861.0
1582.0
1495.0
1457.0
1461.0
1289.0
1273.0
1236.0
1208.0
1292.0
1193.0
1188.0
1218.0
1254.0
1321.0
1448.0
1485.0
1428.0
1453.0
1611.0
2099.0
1804.0
1931.0
1865.0
1891.0
1587.0
1511.0
1471.0
1472.0
1265.0
1259.0
1251.0
1226.0
1305.0
1207.0
1184.0
1225.0
1258.0
1333.0
1460.0
1500.0
1449.0
1472.0
1556.0
2126.0
1822.0
1940.0
1879.0
1908.0
1604.0
1528.0
1512.0
1485.0
1275.0
1297.0
1257.0
1312.0
1337.0
1227.0
1105.0
1239.0
1266.0
1342.0
1478.0
1520.0
1468.0
1497.0
1573.0
2135.0
1915.0
1995.0
1911.0
1934.0
1528.0
1582.0
1462.0
1497.0
1284.0
1279.0
1276.0
1271.0
1346.0
1232.0
1083.0
1252.0
1277.0
1383.0
1501.0
1538.0
1491.0
1519.0
1592.0
2166.0
1942.0
2021.0
1929.0
1884.0
1648.0
1578.0
1590.0
1527.0
1303.0
1285.0
1263.0
1290.0
1414.0
1232.0
1171.0
1268.0
1289.0
1417.0
1514.0
1547.0
1504.0
1539.0
1609.0
2188.0
1941.0
2035.0
1941.0
1970.0
1643.0
1597.0
1599.0
1535.0
1312.0
1293.0
1304.0
1346.0
1366.0
1240.0
1180.0
1275.0
1296.0
1481.0
1530.0
1565.0
1513.0
1551.0
1620.0
2199.0
1941.0
2041.0
1951.0
1985.0
1651.0
1591.0
1608.0
1537.0
1312.0
1300.0
1296.0
1359.0
1362.0
1242.0
1190.0
1285.0
1298.0
1508.0
1534.0
1573.0
1521.0
1562.0
1631.0
2237.0
1982.0
2050.0
1959.0
1999.0
1664.0
1613.0
1611.0
1544.0
1335.0
1298.0
1475.0
1412.0
1393.0
1242.0
1172.0
1284.0
1334.0
1533.0
1544.0
1598.0
1513.0
1556.0
1650.0
2274.0
2006.0
1989.0
1921.0
1972.0
1777.0
1651.0
1671.0
1601.0
1338.0
1305.0
1499.0
1447.0
1395.0
1254.0
1180.0
1302.0
1311.0
1539.0
1570.0
1576.0
1526.0
1583.0
1665.0
2287.0
2110.0
2035.0
1944.0
1981.0
1791.0
1678.0
1683.0
1608.0
1394.0
