1564.0
1448.0
1408.0
1399.0
1426.0
1333.0
1279.0
1250.0
1246.0
1312.0
1242.0
1173.0
1199.0
1250.0
1312.0
1390.0
1414.0
1370.0
1387.0
1438.0
1648.0
1532.0
1582.0
1529.0
1538.0
1435.0
1426.0
1403.0
1450.0
1340.0
1300.0
1282.0
1279.0
1324.0
1265.0
1190.0
1199.0
1275.0
1344.0
1399.0
1420.0
1393.0
1391.0
1456.0
1656.0
1546.0
1580.0
1540.0
1561.0
1445.0
1437.0
1426.0
1440.0
1341.0
1300.0
1277.0
1277.0
1328.0
1266.0
1186.0
1230.0
1288.0
1353.0
1411.0
1437.0
1394.0
1398.0
1455.0
1676.0
1537.0
1593.0
1532.0
1545.0
1454.0
1447.0
1427.0
1455.0
1343.0
1311.0
1293.0
1294.0
1332.0
1264.0
1192.0
1234.0
1284.0
1357.0
1436.0
1450.0
1418.0
1406.0
1458.0
1665.0
1532.0
1599.0
1556.0
1555.0
1448.0
1445.0
1428.0
1466.0
1351.0
1321.0
1298.0
1289.0
1332.0
1273.0
1223.0
1233.0
1285.0
1346.0
1426.0
1487.0
1411.0
1412.0
1447.0
1681.0
1537.0
1587.0
1556.0
1574.0
1468.0
1437.0
1435.0
1475.0
1382.0
1341.0
1316.0
1295.0
1331.0
1288.0
1264.0
1233.0
1301.0
1353.0
1431.0
1470.0
1420.0
1424.0
1525.0
1679.0
1548.0
1594.0
1568.0
1577.0
1476.0
1464.0
1445.0
1478.0
1356.0
1332.0
1324.0
1313.0
1356.0
1289.0
1279.0
1260.0
1313.0
1371.0
1456.0
1464.0
1445.0
1439.0
1486.0
1670.0
1550.0
1586.0
1554.0
1579.0
1475.0
1466.0
1470.0
1479.0
1367.0
1363.0
1317.0
1349.0
1393.0
1308.0
1188.0
1267.0
1308.0
1382.0
1465.0
1494.0
1447.0
1463.0
1487.0
1666.0
1569.0
1605.0
1581.0
1581.0
1411.0
1502.0
1436.0
1485.0
1381.0
1347.0
1329.0
1326.0
1399.0
1320.0
1155.0
1290.0
1334.0
1409.0
1486.0
1493.0
1460.0
1460.0
1494.0
1674.0
1585.0
1608.0
1571.0
1556.0
1512.0
1498.0
1513.0
1502.0
1378.0
1355.0
1306.0
1346.0
1463.0
1322.0
1267.0
1286.0
1320.0
1432.0
1485.0
1480.0
1455.0
1470.0
1516.0
1679.0
1573.0
1617.0
1584.0
1599.0
1495.0
1490.0
1517.0
1499.0
1381.0
1348.0
1359.0
1378.0
1414.0
1331.0
1248.0
1285.0
1339.0
1448.0
1486.0
1497.0
1471.0
1481.0
1510.0
1676.0
1576.0
1626.0
1601.0
1604.0
1498.0
1497.0
1513.0
1497.0
1386.0
1347.0
1355.0
1390.0
1414.0
1334.0
1282.0
1321.0
1344.0
1475.0
1496.0
1514.0
1483.0
1492.0
1519.0
1677.0
1585.0
1626.0
1602.0
1620.0
1513.0
1522.0
1507.0
1493.0
1407.0
1359.0
1446.0
1431.0
1432.0
1333.0
1244.0
1290.0
1364.0
1469.0
1496.0
1521.0
1469.0
1481.0
1530.0
1679.0
1641.0
1615.0
1605.0
1615.0
1566.0
1522.0
1523.0
1517.0
1402.0
1362.0
1453.0
1459.0
1421.0
1327.0
1255.0
1309.0
1332.0
1477.0
1506.0
1513.0
1481.0
1501.0
1544.0
1665.0
1641.0
1627.0
1599.0
1605.0
1583.0
1544.0
1533.0
1515.0
1413.0
