1003.0
1017.0
1000.0
1000.0
966.0
842.0
821.0
793.0
770.0
828.0
780.0
779.0
709.0
857.0
849.0
922.0
1032.0
1075.0
1016.0
1068.0
1080.0
1097.0
1166.0
1095.0
1006.0
1020.0
1001.0
1005.0
970.0
843.0
825.0
801.0
776.0
838.0
787.0
782.0
724.0
867.0
853.0
929.0
1035.0
1080.0
1026.0
1076.0
1085.0
1109.0
1175.0
1108.0
1014.0
1024.0
1008.0
1013.0
973.0
861.0
836.0
800.0
785.0
849.0
787.0
781.0
747.0
877.0
854.0
933.0
1045.0
1081.0
1033.0
1086.0
1092.0
1109.0
1192.0
1114.0
1018.0
1035.0
1013.0
1019.0
980.0
863.0
838.0
804.0
791.0
854.0
798.0
790.0
754.0
879.0
866.0
938.0
1051.0
1092.0
1043.0
1103.0
1093.0
1120.0
1193.0
1118.0
1025.0
1039.0
1021.0
1029.0
985.0
865.0
840.0
806.0
802.0
861.0
794.0
798.0
765.0
885.0
887.0
949.0
1052.0
1097.0
1047.0
1115.0
1100.0
1125.0
1199.0
1117.0
1028.0
1042.0
1024.0
1035.0
988.0
865.0
843.0
803.0
803.0
865.0
811.0
800.0
764.0
893.0
890.0
953.0
1058.0
1100.0
1048.0
1123.0
1105.0
1128.0
1207.0
1117.0
1031.0
1052.0
1029.0
1037.0
999.0
868.0
844.0
810.0
865.0
874.0
802.0
808.0
767.0
893.0
894.0
956.0
1062.0
1103.0
1054.0
1130.0
1109.0
1131.0
1211.0
1117.0
1045.0
1049.0
1029.0
1039.0
1000.0
869.0
846.0
812.0
877.0
864.0
806.0
815.0
772.0
934.0
896.0
948.0
1064.0
1095.0
1065.0
1134.0
1102.0
1137.0
1212.0
1118.0
1049.0
1055.0
1030.0
1044.0
1000.0
878.0
862.0
812.0
880.0
875.0
806.0
819.0
777.0
942.0
894.0
963.0
1059.0
1100.0
1059.0
1145.0
1103.0
1141.0
1214.0
1121.0
1054.0
1058.0
1031.0
1046.0
1000.0
884.0
862.0
816.0
888.0
875.0
819.0
820.0
782.0
947.0
901.0
977.0
1058.0
1105.0
1070.0
1149.0
1105.0
1148.0
1214.0
1112.0
1060.0
1060.0
1038.0
1048.0
1000.0
888.0
867.0
821.0
897.0
881.0
821.0
829.0
785.0
949.0
907.0
981.0
1062.0
1110.0
1078.0
1163.0
1107.0
1154.0
1215.0
1120.0
1073.0
1064.0
1039.0
1054.0
1004.0
895.0
870.0
827.0
902.0
882.0
826.0
835.0
788.0
952.0
909.0
984.0
1078.0
1121.0
1085.0
1166.0
1109.0
1155.0
1220.0
1127.0
1075.0
1070.0
1044.0
1062.0
1009.0
897.0
871.0
829.0
908.0
888.0
839.0
838.0
790.0
952.0
915.0
989.0
1084.0
1122.0
1089.0
1174.0
1112.0
1158.0
1227.0
1131.0
1082.0
1075.0
1048.0
1065.0
1012.0
904.0
875.0
834.0
914.0
892.0
838.0
841.0
794.0
953.0
920.0
992.0
1086.0
1124.0
1094.0
1192.0
1111.0
1161.0
1228.0
1136.0
1083.0
1075.0
1050.0
1065.0
1018.0
908.0
