259.0
271.0
262.0
274.0
272.0
1023.0
273.0
269.0
266.0
247.0
270.0
272.0
269.0
269.0
1075.0
181.0
270.0
269.0
248.0
269.0
266.0
273.0
271.0
269.0
1080.0
263.0
252.0
288.0
267.0
268.0
257.0
271.0
268.0
784.0
267.0
268.0
261.0
269.0
267.0
267.0
294.0
270.0
241.0
670.0
256.0
222.0
229.0
268.0
271.0
273.0
270.0
145.0
268.0
273.0
267.0
267.0
266.0
267.0
299.0
269.0
293.0
172.0
1102.0
265.0
268.0
268.0
1118.0
273.0
267.0
260.0
267.0
1230.0
274.0
269.0
534.0
667.0
267.0
269.0
252.0
154.0
1051.0
114.0
269.0
271.0
268.0
273.0
270.0
268.0
419.0
270.0
1053.0
271.0
254.0
244.0
267.0
269.0
269.0
274.0
267.0
1153.0
268.0
254.0
271.0
271.0
269.0
254.0
269.0
267.0
260.0
889.0
267.0
260.0
267.0
262.0
284.0
297.0
275.0
267.0
270.0
267.0
1255.0
272.0
256.0
268.0
261.0
268.0
265.0
215.0
276.0
267.0
269.0
267.0
270.0
272.0
258.0
271.0
1294.0
269.0
266.0
288.0
124.0
168.0
267.0
178.0
270.0
277.0
272.0
277.0
259.0
232.0
193.0
267.0
270.0
1238.0
269.0
267.0
195.0
259.0
273.0
205.0
270.0
270.0
277.0
268.0
271.0
253.0
267.0
268.0
270.0
269.0
112.0
267.0
259.0
117.0
1011.0
270.0
270.0
268.0
269.0
267.0
175.0
269.0
268.0
179.0
268.0
272.0
269.0
268.0
262.0
268.0
270.0
1223.0
268.0
272.0
271.0
274.0
269.0
268.0
270.0
270.0
269.0
267.0
264.0
271.0
271.0
265.0
271.0
276.0
1202.0
157.0
111.0
267.0
272.0
272.0
470.0
268.0
257.0
268.0
271.0
278.0
271.0
273.0
271.0
347.0
1253.0
276.0
273.0
270.0
273.0
261.0
270.0
203.0
272.0
267.0
270.0
268.0
247.0
270.0
286.0
271.0
1229.0
209.0
271.0
277.0
272.0
272.0
273.0
273.0
270.0
266.0
273.0
271.0
272.0
366.0
189.0
340.0
253.0
1242.0
270.0
187.0
272.0
322.0
271.0
272.0
269.0
280.0
278.0
270.0
271.0
272.0
273.0
270.0
274.0
270.0
1229.0
212.0
266.0
254.0
271.0
274.0
222.0
258.0
271.0
269.0
270.0
272.0
270.0
100.0
269.0
78.0
518.0
1207.0
385.0
272.0
246.0
268.0
269.0
245.0
268.0
270.0
269.0
269.0
277.0
113.0
178.0
258.0
269.0
1247.0
274.0
270.0
415.0
271.0
208.0
267.0
173.0
271.0
273.0
269.0
270.0
271.0
271.0
271.0
259.0
1115.0
284.0
257.0
272.0
266.0
318.0
255.0
297.0
270.0
261.0
191.0
267.0
267.0
352.0
144.0
271.0
269.0
1203.0
409.0
