Observation,Prediction
801.0,842.0
690.0,797.0
718.0,688.0
557.0,723.0
531.0,585.0
559.0,591.0
501.0,581.0
524.0,577.0
559.0,569.0
582.0,604.0
575.0,645.0
633.0,628.0
767.0,654.0
679.0,760.0
816.0,697.0
633.0,794.0
900.0,648.0
812.0,820.0
877.0,788.0
876.0,841.0
952.0,840.0
1266.0,905.0
1333.0,1136.0
1217.0,1252.0
854.0,1150.0
1020.0,870.0
676.0,936.0
537.0,706.0
526.0,567.0
557.0,567.0
600.0,593.0
487.0,680.0
470.0,572.0
1232.0,575.0
553.0,1152.0
677.0,743.0
814.0,734.0
614.0,790.0
1086.0,674.0
995.0,982.0
896.0,954.0
1131.0,878.0
882.0,1021.0
1090.0,858.0
1062.0,1006.0
898.0,1008.0
1195.0,890.0
855.0,1106.0
618.0,876.0
841.0,650.0
839.0,789.0
698.0,853.0
499.0,757.0
823.0,564.0
623.0,814.0
685.0,710.0
830.0,738.0
662.0,841.0
695.0,726.0
770.0,701.0
633.0,763.0
678.0,664.0
765.0,685.0
573.0,748.0
485.0,624.0
768.0,513.0
595.0,726.0
600.0,627.0
667.0,621.0
531.0,650.0
555.0,579.0
537.0,566.0
723.0,542.0
505.0,697.0
563.0,554.0
515.0,564.0
457.0,534.0
515.0,479.0
590.0,527.0
552.0,594.0
557.0,577.0
504.0,563.0
440.0,520.0
624.0,469.0
567.0,586.0
444.0,586.0
563.0,491.0
485.0,549.0
458.0,506.0
573.0,480.0
542.0,563.0
495.0,555.0
408.0,516.0
543.0,437.0
538.0,532.0
408.0,541.0
732.0,436.0
413.0,681.0
704.0,474.0
488.0,666.0
483.0,518.0
568.0,483.0
803.0,540.0
453.0,754.0
685.0,519.0
866.0,634.0
563.0,803.0
518.0,625.0
712.0,509.0
665.0,669.0
583.0,657.0
404.0,610.0
438.0,442.0
597.0,447.0
751.0,579.0
476.0,749.0
422.0,535.0
454.0,450.0
464.0,457.0
503.0,502.0
553.0,518.0
524.0,559.0
521.0,542.0
429.0,529.0
498.0,453.0
707.0,495.0
515.0,662.0
649.0,550.0
676.0,618.0
867.0,644.0
492.0,809.0
611.0,532.0
856.0,568.0
920.0,781.0
734.0,891.0
839.0,735.0
980.0,787.0
763.0,910.0
925.0,762.0
836.0,864.0
1029.0,820.0
1089.0,970.0
1074.0,1035.0
817.0,1045.0
934.0,832.0
989.0,888.0
856.0,947.0
620.0,878.0
518.0,663.0
905.0,534.0
728.0,846.0
520.0,786.0
554.0,603.0
455.0,578.0
445.0,511.0
529.0,506.0
686.0,539.0
567.0,692.0
647.0,618.0
655.0,652.0
727.0,659.0
730.0,709.0
761.0,701.0
811.0,744.0
738.0,800.0
818.0,729.0
743.0,769.0
796.0,735.0
683.0,757.0
707.0,696.0
910.0,694.0
791.0,861.0
436.0,812.0
603.0,499.0
780.0,592.0
543.0,751.0
587.0,600.0
480.0,619.0
793.0,507.0
506.0,756.0
475.0,576.0
621.0,518.0
710.0,601.0
614.0,702.0
579.0,640.0
699.0,601.0
824.0,687.0
757.0,796.0
821.0,744.0
898.0,796.0
888.0,836.0
880.0,862.0
881.0,848.0
671.0,845.0
700.0,677.0
753.0,699.0
468.0,730.0
523.0,537.0
683.0,536.0
518.0,693.0
591.0,559.0
598.0,603.0
679.0,616.0
702.0,692.0
757.0,718.0
796.0,750.0
756.0,788.0
801.0,742.0
592.0,773.0
780.0,608.0
798.0,713.0
793.0,769.0
957.0,784.0
1066.0,932.0
1038.0,992.0
817.0,1013.0
853.0,799.0
633.0,818.0
758.0,642.0
549.0,738.0
642.0,571.0
694.0,643.0
545.0,688.0
651.0,612.0
582.0,666.0
695.0,612.0
586.0,703.0
728.0,622.0
530.0,716.0
442.0,562.0
619.0,454.0
697.0,616.0
523.0,659.0
682.0,593.0
497.0,656.0
567.0,523.0
446.0,575.0
556.0,471.0
558.0,573.0
263.0,575.0
