Observation,Prediction
801.0,857.0
690.0,857.0
718.0,755.0
557.0,928.0
531.0,780.0
559.0,750.0
501.0,780.0
524.0,745.0
559.0,750.0
582.0,780.0
575.0,860.0
633.0,860.0
767.0,792.0
679.0,857.0
816.0,755.0
633.0,857.0
900.0,792.0
812.0,893.0
877.0,857.0
876.0,882.0
952.0,882.0
1266.0,893.0
1333.0,978.0
1217.0,927.0
854.0,991.0
1020.0,871.0
676.0,996.0
537.0,755.0
526.0,750.0
557.0,750.0
600.0,780.0
487.0,792.0
470.0,745.0
1232.0,810.0
553.0,961.0
677.0,780.0
814.0,755.0
614.0,857.0
1086.0,792.0
995.0,946.0
896.0,996.0
1131.0,882.0
882.0,986.0
1090.0,882.0
1062.0,933.0
898.0,946.0
1195.0,893.0
855.0,991.0
618.0,871.0
841.0,792.0
839.0,871.0
698.0,871.0
499.0,928.0
823.0,745.0
623.0,871.0
685.0,792.0
830.0,755.0
662.0,871.0
695.0,755.0
770.0,755.0
633.0,857.0
678.0,792.0
765.0,755.0
573.0,857.0
485.0,860.0
768.0,745.0
595.0,857.0
600.0,856.0
667.0,792.0
531.0,755.0
555.0,750.0
537.0,780.0
723.0,750.0
505.0,928.0
563.0,753.0
515.0,780.0
457.0,790.0
515.0,734.0
590.0,790.0
552.0,856.0
557.0,780.0
504.0,780.0
440.0,745.0
624.0,719.0
567.0,792.0
444.0,860.0
563.0,719.0
485.0,780.0
458.0,745.0
573.0,734.0
542.0,860.0
495.0,750.0
408.0,745.0
543.0,700.0
538.0,750.0
408.0,750.0
732.0,700.0
413.0,928.0
704.0,700.0
488.0,928.0
483.0,745.0
568.0,745.0
803.0,860.0
453.0,857.0
685.0,734.0
866.0,755.0
563.0,871.0
518.0,780.0
712.0,790.0
665.0,928.0
583.0,755.0
404.0,860.0
438.0,700.0
597.0,726.0
751.0,856.0
476.0,857.0
422.0,745.0
454.0,700.0
464.0,734.0
503.0,731.0
553.0,745.0
524.0,780.0
521.0,750.0
429.0,782.0
498.0,700.0
707.0,745.0
515.0,928.0
649.0,790.0
676.0,794.0
867.0,755.0
492.0,871.0
611.0,745.0
856.0,792.0
920.0,871.0
734.0,893.0
839.0,928.0
980.0,871.0
763.0,996.0
925.0,857.0
836.0,893.0
1029.0,871.0
1089.0,996.0
1074.0,946.0
817.0,946.0
934.0,857.0
989.0,893.0
856.0,996.0
620.0,871.0
518.0,792.0
905.0,790.0
728.0,893.0
520.0,928.0
554.0,790.0
455.0,780.0
445.0,734.0
529.0,719.0
686.0,750.0
567.0,755.0
647.0,860.0
655.0,794.0
727.0,794.0
730.0,928.0
761.0,928.0
811.0,857.0
738.0,857.0
818.0,928.0
743.0,857.0
796.0,928.0
683.0,857.0
707.0,755.0
910.0,928.0
791.0,893.0
436.0,857.0
603.0,726.0
780.0,792.0
543.0,857.0
587.0,750.0
480.0,926.0
793.0,745.0
506.0,857.0
475.0,753.0
621.0,745.0
710.0,792.0
614.0,928.0
579.0,792.0
699.0,860.0
824.0,928.0
757.0,871.0
821.0,857.0
898.0,871.0
888.0,893.0
880.0,882.0
881.0,882.0
671.0,882.0
700.0,755.0
753.0,928.0
468.0,857.0
523.0,777.0
683.0,782.0
518.0,755.0
591.0,790.0
598.0,856.0
679.0,856.0
702.0,755.0
757.0,928.0
796.0,857.0
756.0,857.0
801.0,857.0
592.0,857.0
780.0,856.0
798.0,857.0
793.0,857.0
957.0,857.0
1066.0,996.0
1038.0,946.0
817.0,1004.0
853.0,857.0
633.0,871.0
758.0,792.0
549.0,857.0
642.0,780.0
694.0,794.0
545.0,755.0
651.0,750.0
582.0,794.0
695.0,860.0
586.0,755.0
728.0,926.0
530.0,928.0
442.0,750.0
619.0,719.0
697.0,792.0
523.0,928.0
682.0,782.0
497.0,755.0
567.0,745.0
446.0,860.0
556.0,719.0
558.0,780.0
263.0,780.0
