Observation,Prediction
576.0,726.0
591.0,652.0
482.0,654.0
518.0,554.0
490.0,575.0
479.0,538.0
505.0,526.0
492.0,540.0
573.0,523.0
562.0,578.0
524.0,586.0
536.0,540.0
616.0,543.0
604.0,609.0
536.0,616.0
485.0,558.0
488.0,482.0
666.0,499.0
438.0,670.0
505.0,499.0
591.0,522.0
508.0,602.0
538.0,542.0
529.0,553.0
539.0,546.0
484.0,550.0
490.0,517.0
452.0,514.0
500.0,487.0
479.0,515.0
535.0,491.0
513.0,549.0
569.0,540.0
485.0,567.0
467.0,514.0
570.0,481.0
624.0,572.0
593.0,615.0
586.0,586.0
497.0,595.0
624.0,536.0
613.0,610.0
610.0,624.0
653.0,609.0
720.0,664.0
901.0,705.0
1083.0,844.0
945.0,1017.0
1024.0,909.0
1212.0,955.0
1228.0,1121.0
1561.0,1162.0
1134.0,1426.0
1283.0,1114.0
971.0,1190.0
1139.0,970.0
1236.0,1097.0
607.0,1180.0
494.0,714.0
537.0,556.0
580.0,632.0
510.0,653.0
602.0,650.0
524.0,693.0
477.0,607.0
668.0,587.0
496.0,711.0
1093.0,577.0
619.0,1045.0
1024.0,686.0
953.0,930.0
766.0,943.0
651.0,732.0
733.0,671.0
975.0,706.0
1081.0,911.0
1043.0,1009.0
932.0,996.0
831.0,910.0
1136.0,824.0
932.0,1043.0
647.0,940.0
709.0,683.0
635.0,730.0
798.0,667.0
682.0,810.0
582.0,745.0
549.0,623.0
614.0,595.0
797.0,685.0
586.0,797.0
591.0,647.0
662.0,621.0
850.0,664.0
903.0,836.0
843.0,874.0
771.0,825.0
994.0,769.0
910.0,927.0
1020.0,888.0
965.0,961.0
809.0,933.0
801.0,798.0
690.0,783.0
718.0,711.0
557.0,722.0
531.0,600.0
559.0,577.0
501.0,596.0
524.0,557.0
559.0,581.0
582.0,587.0
575.0,618.0
633.0,610.0
767.0,641.0
679.0,754.0
816.0,682.0
633.0,786.0
900.0,643.0
812.0,838.0
877.0,796.0
876.0,839.0
952.0,856.0
1266.0,905.0
1333.0,1179.0
1217.0,1261.0
854.0,1150.0
1020.0,858.0
676.0,978.0
537.0,708.0
526.0,583.0
557.0,591.0
600.0,604.0
487.0,668.0
470.0,588.0
1232.0,540.0
553.0,1152.0
677.0,646.0
814.0,681.0
614.0,808.0
1086.0,608.0
995.0,1024.0
896.0,992.0
1131.0,838.0
882.0,1078.0
1090.0,845.0
1062.0,1017.0
898.0,1037.0
1195.0,879.0
855.0,1120.0
618.0,878.0
841.0,634.0
839.0,833.0
698.0,847.0
499.0,735.0
823.0,603.0
623.0,796.0
685.0,740.0
830.0,708.0
662.0,856.0
695.0,720.0
770.0,693.0
633.0,782.0
678.0,652.0
765.0,666.0
573.0,774.0
485.0,588.0
768.0,517.0
595.0,730.0
600.0,613.0
667.0,626.0
531.0,669.0
555.0,550.0
537.0,596.0
723.0,547.0
505.0,712.0
563.0,556.0
515.0,560.0
457.0,553.0
515.0,479.0
590.0,533.0
552.0,603.0
557.0,556.0
504.0,584.0
440.0,520.0
624.0,462.0
567.0,621.0
444.0,583.0
563.0,481.0
485.0,564.0
458.0,506.0
573.0,489.0
542.0,572.0
495.0,545.0
408.0,521.0
543.0,435.0
538.0,526.0
408.0,553.0
732.0,436.0
413.0,697.0
704.0,460.0
488.0,660.0
483.0,531.0
568.0,469.0
803.0,580.0
453.0,751.0
685.0,490.0
866.0,664.0
563.0,820.0
518.0,588.0
712.0,532.0
665.0,674.0
583.0,661.0
404.0,605.0
438.0,445.0
597.0,462.0
751.0,604.0
476.0,732.0
422.0,525.0
454.0,459.0
464.0,483.0
503.0,482.0
553.0,523.0
524.0,558.0
521.0,539.0
429.0,530.0
498.0,458.0
707.0,506.0
515.0,684.0
649.0,528.0
676.0,633.0
867.0,654.0
492.0,814.0
611.0,532.0
856.0,596.0
920.0,812.0
734.0,871.0
839.0,737.0
980.0,797.0
763.0,913.0
925.0,750.0
836.0,870.0
1029.0,816.0
1089.0,967.0
1074.0,1050.0
817.0,1030.0
934.0,823.0
989.0,888.0
856.0,922.0
620.0,867.0
518.0,661.0
905.0,565.0
728.0,869.0
520.0,769.0
554.0,604.0
455.0,606.0
445.0,507.0
529.0,506.0
686.0,580.0
567.0,711.0
647.0,600.0
655.0,653.0
727.0,672.0
730.0,718.0
761.0,710.0
811.0,742.0
738.0,778.0
818.0,708.0
743.0,759.0
796.0,719.0
683.0,762.0
707.0,674.0
910.0,683.0
791.0,882.0
436.0,796.0
603.0,487.0
780.0,600.0
543.0,766.0
587.0,597.0
480.0,612.0
793.0,525.0
506.0,784.0
475.0,573.0
621.0,504.0
710.0,621.0
614.0,696.0
579.0,627.0
699.0,591.0
824.0,681.0
757.0,789.0
821.0,758.0
898.0,789.0
888.0,840.0
880.0,842.0
881.0,838.0
671.0,835.0
700.0,680.0
753.0,683.0
468.0,745.0
523.0,526.0
683.0,573.0
518.0,692.0
591.0,599.0
598.0,624.0
679.0,650.0
702.0,690.0
757.0,697.0
796.0,745.0
756.0,768.0
801.0,730.0
592.0,760.0
780.0,590.0
798.0,733.0
793.0,772.0
957.0,769.0
1066.0,909.0
1038.0,1020.0
817.0,982.0
853.0,786.0
633.0,809.0
758.0,634.0
549.0,744.0
642.0,588.0
694.0,676.0
545.0,719.0
651.0,610.0
582.0,686.0
695.0,663.0
586.0,722.0
728.0,651.0
530.0,732.0
442.0,601.0
619.0,478.0
697.0,629.0
523.0,703.0
682.0,579.0
497.0,673.0
567.0,530.0
446.0,576.0
556.0,477.0
558.0,578.0
263.0,565.0
