Observation,Prediction
801.0,934.0
690.0,870.0
718.0,780.0
557.0,803.0
531.0,672.0
559.0,651.0
501.0,673.0
524.0,626.0
559.0,645.0
582.0,673.0
575.0,691.0
633.0,685.0
767.0,732.0
679.0,841.0
816.0,769.0
633.0,880.0
900.0,732.0
812.0,948.0
877.0,877.0
876.0,929.0
952.0,928.0
1266.0,990.0
1333.0,1244.0
1217.0,1298.0
854.0,1205.0
1020.0,911.0
676.0,1046.0
537.0,767.0
526.0,654.0
557.0,645.0
600.0,670.0
487.0,705.0
470.0,612.0
1232.0,598.0
553.0,1217.0
677.0,667.0
814.0,768.0
614.0,879.0
1086.0,716.0
995.0,1099.0
896.0,1026.0
1131.0,946.0
882.0,1136.0
1090.0,935.0
1062.0,1103.0
898.0,1081.0
1195.0,948.0
855.0,1188.0
618.0,914.0
841.0,722.0
839.0,903.0
698.0,901.0
499.0,787.0
823.0,626.0
623.0,889.0
685.0,726.0
830.0,777.0
662.0,895.0
695.0,758.0
770.0,786.0
633.0,846.0
678.0,735.0
765.0,772.0
573.0,842.0
485.0,687.0
768.0,615.0
595.0,844.0
600.0,704.0
667.0,708.0
531.0,762.0
555.0,652.0
537.0,672.0
723.0,656.0
505.0,807.0
563.0,631.0
515.0,677.0
457.0,638.0
515.0,591.0
590.0,638.0
552.0,698.0
557.0,668.0
504.0,672.0
440.0,628.0
624.0,576.0
567.0,725.0
444.0,678.0
563.0,578.0
485.0,674.0
458.0,611.0
573.0,589.0
542.0,682.0
495.0,656.0
408.0,618.0
543.0,546.0
538.0,656.0
408.0,651.0
732.0,545.0
413.0,809.0
704.0,549.0
488.0,786.0
483.0,610.0
568.0,606.0
803.0,674.0
453.0,866.0
685.0,580.0
866.0,770.0
563.0,917.0
518.0,670.0
712.0,634.0
665.0,792.0
583.0,753.0
404.0,687.0
438.0,540.0
597.0,569.0
751.0,698.0
476.0,823.0
422.0,599.0
454.0,555.0
464.0,581.0
503.0,589.0
553.0,620.0
524.0,662.0
521.0,638.0
429.0,636.0
498.0,560.0
707.0,617.0
515.0,787.0
649.0,631.0
676.0,740.0
867.0,762.0
492.0,917.0
611.0,612.0
856.0,709.0
920.0,908.0
734.0,960.0
839.0,809.0
980.0,895.0
763.0,1009.0
925.0,833.0
836.0,965.0
1029.0,893.0
1089.0,1049.0
1074.0,1098.0
817.0,1086.0
934.0,878.0
989.0,973.0
856.0,1018.0
620.0,911.0
518.0,718.0
905.0,636.0
728.0,951.0
520.0,807.0
554.0,638.0
455.0,666.0
445.0,585.0
529.0,577.0
686.0,645.0
567.0,773.0
647.0,676.0
655.0,741.0
727.0,748.0
730.0,807.0
761.0,809.0
811.0,834.0
738.0,875.0
818.0,816.0
743.0,881.0
796.0,820.0
683.0,863.0
707.0,772.0
910.0,791.0
791.0,955.0
436.0,859.0
603.0,570.0
780.0,706.0
543.0,849.0
587.0,656.0
480.0,692.0
793.0,604.0
506.0,858.0
475.0,625.0
621.0,599.0
710.0,718.0
614.0,791.0
579.0,712.0
699.0,683.0
824.0,779.0
757.0,880.0
821.0,826.0
898.0,878.0
888.0,940.0
880.0,931.0
881.0,925.0
671.0,926.0
700.0,754.0
753.0,777.0
468.0,821.0
523.0,586.0
683.0,631.0
518.0,762.0
591.0,627.0
598.0,686.0
679.0,691.0
702.0,758.0
757.0,775.0
796.0,817.0
756.0,849.0
801.0,815.0
592.0,851.0
780.0,679.0
798.0,832.0
793.0,847.0
957.0,843.0
1066.0,977.0
1038.0,1066.0
817.0,1043.0
853.0,859.0
633.0,888.0
758.0,707.0
549.0,807.0
642.0,635.0
694.0,711.0
545.0,753.0
651.0,630.0
582.0,716.0
695.0,659.0
586.0,751.0
728.0,661.0
530.0,778.0
442.0,614.0
619.0,542.0
697.0,687.0
523.0,749.0
682.0,606.0
497.0,735.0
567.0,583.0
446.0,640.0
556.0,541.0
558.0,631.0
263.0,633.0
