Observation,Prediction
576.0,582.0
591.0,576.0
482.0,591.0
518.0,482.0
490.0,518.0
479.0,490.0
505.0,479.0
492.0,505.0
573.0,492.0
562.0,573.0
524.0,562.0
536.0,524.0
616.0,536.0
604.0,616.0
536.0,604.0
485.0,536.0
488.0,485.0
666.0,488.0
438.0,666.0
505.0,438.0
591.0,505.0
508.0,591.0
538.0,508.0
529.0,538.0
539.0,529.0
484.0,539.0
490.0,484.0
452.0,490.0
500.0,452.0
479.0,500.0
535.0,479.0
513.0,535.0
569.0,513.0
485.0,569.0
467.0,485.0
570.0,467.0
624.0,570.0
593.0,624.0
586.0,593.0
497.0,586.0
624.0,497.0
613.0,624.0
610.0,613.0
653.0,610.0
720.0,653.0
901.0,720.0
1083.0,901.0
945.0,1083.0
1024.0,945.0
1212.0,1024.0
1228.0,1212.0
1561.0,1228.0
1134.0,1561.0
1283.0,1134.0
971.0,1283.0
1139.0,971.0
1236.0,1139.0
607.0,1236.0
494.0,607.0
537.0,494.0
580.0,537.0
510.0,580.0
602.0,510.0
524.0,602.0
477.0,524.0
668.0,477.0
496.0,668.0
1093.0,496.0
619.0,1093.0
1024.0,619.0
953.0,1024.0
766.0,953.0
651.0,766.0
733.0,651.0
975.0,733.0
1081.0,975.0
1043.0,1081.0
932.0,1043.0
831.0,932.0
1136.0,831.0
932.0,1136.0
647.0,932.0
709.0,647.0
635.0,709.0
798.0,635.0
682.0,798.0
582.0,682.0
549.0,582.0
614.0,549.0
797.0,614.0
586.0,797.0
591.0,586.0
662.0,591.0
850.0,662.0
903.0,850.0
843.0,903.0
771.0,843.0
994.0,771.0
910.0,994.0
1020.0,910.0
965.0,1020.0
809.0,965.0
801.0,809.0
690.0,801.0
718.0,690.0
557.0,718.0
531.0,557.0
559.0,531.0
501.0,559.0
524.0,501.0
559.0,524.0
582.0,559.0
575.0,582.0
633.0,575.0
767.0,633.0
679.0,767.0
816.0,679.0
633.0,816.0
900.0,633.0
812.0,900.0
877.0,812.0
876.0,877.0
952.0,876.0
1266.0,952.0
1333.0,1266.0
1217.0,1333.0
854.0,1217.0
1020.0,854.0
676.0,1020.0
537.0,676.0
526.0,537.0
557.0,526.0
600.0,557.0
487.0,600.0
470.0,487.0
1232.0,470.0
553.0,1232.0
677.0,553.0
814.0,677.0
614.0,814.0
1086.0,614.0
995.0,1086.0
896.0,995.0
1131.0,896.0
882.0,1131.0
1090.0,882.0
1062.0,1090.0
898.0,1062.0
1195.0,898.0
855.0,1195.0
618.0,855.0
841.0,618.0
839.0,841.0
698.0,839.0
499.0,698.0
823.0,499.0
623.0,823.0
685.0,623.0
830.0,685.0
662.0,830.0
695.0,662.0
770.0,695.0
633.0,770.0
678.0,633.0
765.0,678.0
573.0,765.0
485.0,573.0
768.0,485.0
595.0,768.0
600.0,595.0
667.0,600.0
531.0,667.0
555.0,531.0
537.0,555.0
723.0,537.0
505.0,723.0
563.0,505.0
515.0,563.0
457.0,515.0
515.0,457.0
590.0,515.0
552.0,590.0
557.0,552.0
504.0,557.0
440.0,504.0
624.0,440.0
567.0,624.0
444.0,567.0
563.0,444.0
485.0,563.0
458.0,485.0
573.0,458.0
542.0,573.0
495.0,542.0
408.0,495.0
543.0,408.0
538.0,543.0
408.0,538.0
732.0,408.0
413.0,732.0
704.0,413.0
488.0,704.0
483.0,488.0
568.0,483.0
803.0,568.0
453.0,803.0
685.0,453.0
866.0,685.0
563.0,866.0
518.0,563.0
712.0,518.0
665.0,712.0
583.0,665.0
404.0,583.0
438.0,404.0
597.0,438.0
751.0,597.0
476.0,751.0
422.0,476.0
454.0,422.0
464.0,454.0
503.0,464.0
553.0,503.0
524.0,553.0
521.0,524.0
429.0,521.0
498.0,429.0
707.0,498.0
515.0,707.0
649.0,515.0
676.0,649.0
867.0,676.0
492.0,867.0
611.0,492.0
856.0,611.0
920.0,856.0
734.0,920.0
839.0,734.0
980.0,839.0
763.0,980.0
925.0,763.0
836.0,925.0
1029.0,836.0
1089.0,1029.0
1074.0,1089.0
817.0,1074.0
934.0,817.0
989.0,934.0
856.0,989.0
620.0,856.0
518.0,620.0
905.0,518.0
728.0,905.0
520.0,728.0
554.0,520.0
455.0,554.0
445.0,455.0
529.0,445.0
686.0,529.0
567.0,686.0
647.0,567.0
655.0,647.0
727.0,655.0
730.0,727.0
761.0,730.0
811.0,761.0
738.0,811.0
818.0,738.0
743.0,818.0
796.0,743.0
683.0,796.0
707.0,683.0
910.0,707.0
791.0,910.0
436.0,791.0
603.0,436.0
780.0,603.0
543.0,780.0
587.0,543.0
480.0,587.0
793.0,480.0
506.0,793.0
475.0,506.0
621.0,475.0
710.0,621.0
614.0,710.0
579.0,614.0
699.0,579.0
824.0,699.0
757.0,824.0
821.0,757.0
898.0,821.0
888.0,898.0
880.0,888.0
881.0,880.0
671.0,881.0
700.0,671.0
753.0,700.0
468.0,753.0
523.0,468.0
683.0,523.0
518.0,683.0
591.0,518.0
598.0,591.0
679.0,598.0
702.0,679.0
757.0,702.0
796.0,757.0
756.0,796.0
801.0,756.0
592.0,801.0
780.0,592.0
798.0,780.0
793.0,798.0
957.0,793.0
1066.0,957.0
1038.0,1066.0
817.0,1038.0
853.0,817.0
633.0,853.0
758.0,633.0
549.0,758.0
642.0,549.0
694.0,642.0
545.0,694.0
651.0,545.0
582.0,651.0
695.0,582.0
586.0,695.0
728.0,586.0
530.0,728.0
442.0,530.0
619.0,442.0
697.0,619.0
523.0,697.0
682.0,523.0
497.0,682.0
567.0,497.0
446.0,567.0
556.0,446.0
558.0,556.0
263.0,558.0
