Observation,Prediction
801.0,935.0
690.0,874.0
718.0,788.0
557.0,800.0
531.0,682.0
559.0,651.0
501.0,668.0
524.0,627.0
559.0,639.0
582.0,666.0
575.0,685.0
633.0,682.0
767.0,724.0
679.0,827.0
816.0,772.0
633.0,868.0
900.0,743.0
812.0,926.0
877.0,880.0
876.0,923.0
952.0,926.0
1266.0,982.0
1333.0,1218.0
1217.0,1290.0
854.0,1213.0
1020.0,940.0
676.0,1034.0
537.0,791.0
526.0,665.0
557.0,644.0
600.0,664.0
487.0,698.0
470.0,618.0
1232.0,598.0
553.0,1155.0
677.0,712.0
814.0,760.0
614.0,864.0
1086.0,728.0
995.0,1061.0
896.0,1027.0
1131.0,952.0
882.0,1117.0
1090.0,951.0
1062.0,1088.0
898.0,1080.0
1195.0,960.0
855.0,1166.0
618.0,937.0
841.0,741.0
839.0,885.0
698.0,898.0
499.0,796.0
823.0,640.0
623.0,862.0
685.0,737.0
830.0,771.0
662.0,880.0
695.0,769.0
770.0,782.0
633.0,838.0
678.0,743.0
765.0,767.0
573.0,832.0
485.0,698.0
768.0,620.0
595.0,820.0
600.0,712.0
667.0,706.0
531.0,754.0
555.0,659.0
537.0,668.0
723.0,655.0
505.0,790.0
563.0,644.0
515.0,672.0
457.0,639.0
515.0,593.0
590.0,630.0
552.0,689.0
557.0,666.0
504.0,668.0
440.0,629.0
624.0,577.0
567.0,707.0
444.0,678.0
563.0,585.0
485.0,663.0
458.0,613.0
573.0,588.0
542.0,670.0
495.0,655.0
408.0,619.0
543.0,551.0
538.0,642.0
408.0,648.0
732.0,552.0
413.0,780.0
704.0,569.0
488.0,761.0
483.0,622.0
568.0,604.0
803.0,665.0
453.0,843.0
685.0,605.0
866.0,751.0
563.0,898.0
518.0,692.0
712.0,638.0
665.0,774.0
583.0,754.0
404.0,692.0
438.0,554.0
597.0,565.0
751.0,682.0
476.0,807.0
422.0,620.0
454.0,561.0
464.0,577.0
503.0,586.0
553.0,615.0
524.0,655.0
521.0,638.0
429.0,634.0
498.0,565.0
707.0,609.0
515.0,766.0
649.0,642.0
676.0,727.0
867.0,756.0
492.0,899.0
611.0,640.0
856.0,700.0
920.0,885.0
734.0,952.0
839.0,823.0
980.0,887.0
763.0,996.0
925.0,849.0
836.0,953.0
1029.0,898.0
1089.0,1034.0
1074.0,1092.0
817.0,1088.0
934.0,900.0
989.0,966.0
856.0,1013.0
620.0,921.0
518.0,739.0
905.0,645.0
728.0,918.0
520.0,817.0
554.0,655.0
455.0,663.0
445.0,592.0
529.0,577.0
686.0,636.0
567.0,757.0
647.0,683.0
655.0,735.0
727.0,746.0
730.0,799.0
761.0,806.0
811.0,830.0
738.0,869.0
818.0,820.0
743.0,873.0
796.0,824.0
683.0,857.0
707.0,778.0
910.0,788.0
791.0,936.0
436.0,865.0
603.0,599.0
780.0,692.0
543.0,831.0
587.0,671.0
480.0,688.0
793.0,610.0
506.0,831.0
475.0,643.0
621.0,601.0
710.0,704.0
614.0,779.0
579.0,715.0
699.0,684.0
824.0,768.0
757.0,868.0
821.0,829.0
898.0,872.0
888.0,933.0
880.0,931.0
881.0,925.0
671.0,924.0
700.0,770.0
753.0,775.0
468.0,814.0
523.0,608.0
683.0,625.0
518.0,743.0
591.0,634.0
598.0,676.0
679.0,685.0
702.0,746.0
757.0,769.0
796.0,812.0
756.0,844.0
801.0,816.0
592.0,846.0
780.0,693.0
798.0,815.0
793.0,841.0
957.0,840.0
1066.0,962.0
1038.0,1054.0
817.0,1043.0
853.0,878.0
633.0,886.0
758.0,724.0
549.0,800.0
642.0,653.0
694.0,703.0
545.0,745.0
651.0,640.0
582.0,706.0
695.0,662.0
586.0,739.0
728.0,668.0
530.0,763.0
442.0,629.0
619.0,550.0
697.0,668.0
523.0,738.0
682.0,620.0
497.0,722.0
567.0,599.0
446.0,636.0
556.0,552.0
558.0,622.0
263.0,631.0
