Observation,Prediction
801.0,871.0
690.0,839.0
718.0,726.0
557.0,733.0
531.0,618.0
559.0,586.0
501.0,614.0
524.0,585.0
559.0,594.0
582.0,624.0
575.0,649.0
633.0,634.0
767.0,678.0
679.0,780.0
816.0,718.0
633.0,822.0
900.0,672.0
812.0,878.0
877.0,816.0
876.0,862.0
952.0,872.0
1266.0,922.0
1333.0,1162.0
1217.0,1265.0
854.0,1171.0
1020.0,879.0
676.0,948.0
537.0,718.0
526.0,589.0
557.0,572.0
600.0,627.0
487.0,666.0
470.0,599.0
1232.0,543.0
553.0,1146.0
677.0,712.0
814.0,734.0
614.0,814.0
1086.0,697.0
995.0,996.0
896.0,995.0
1131.0,908.0
882.0,1032.0
1090.0,866.0
1062.0,1014.0
898.0,982.0
1195.0,901.0
855.0,1092.0
618.0,854.0
841.0,638.0
839.0,788.0
698.0,830.0
499.0,751.0
823.0,573.0
623.0,814.0
685.0,735.0
830.0,731.0
662.0,863.0
695.0,745.0
770.0,702.0
633.0,783.0
678.0,689.0
765.0,686.0
573.0,766.0
485.0,615.0
768.0,512.0
595.0,729.0
600.0,626.0
667.0,623.0
531.0,648.0
555.0,582.0
537.0,556.0
723.0,542.0
505.0,699.0
563.0,553.0
515.0,582.0
457.0,533.0
515.0,490.0
590.0,551.0
552.0,610.0
557.0,591.0
504.0,576.0
440.0,546.0
624.0,479.0
567.0,607.0
444.0,590.0
563.0,493.0
485.0,559.0
458.0,512.0
573.0,486.0
542.0,561.0
495.0,556.0
408.0,516.0
543.0,424.0
538.0,529.0
408.0,538.0
732.0,446.0
413.0,680.0
704.0,469.0
488.0,656.0
483.0,504.0
568.0,497.0
803.0,553.0
453.0,738.0
685.0,506.0
866.0,662.0
563.0,802.0
518.0,617.0
712.0,530.0
665.0,674.0
583.0,671.0
404.0,594.0
438.0,449.0
597.0,480.0
751.0,562.0
476.0,735.0
422.0,544.0
454.0,465.0
464.0,474.0
503.0,478.0
553.0,506.0
524.0,557.0
521.0,548.0
429.0,540.0
498.0,453.0
707.0,511.0
515.0,656.0
649.0,540.0
676.0,616.0
867.0,645.0
492.0,792.0
611.0,534.0
856.0,572.0
920.0,771.0
734.0,856.0
839.0,728.0
980.0,782.0
763.0,906.0
925.0,753.0
836.0,853.0
1029.0,816.0
1089.0,956.0
1074.0,1021.0
817.0,1025.0
934.0,841.0
989.0,899.0
856.0,927.0
620.0,864.0
518.0,664.0
905.0,562.0
728.0,845.0
520.0,781.0
554.0,614.0
455.0,608.0
445.0,542.0
529.0,511.0
686.0,568.0
567.0,711.0
647.0,612.0
655.0,666.0
727.0,649.0
730.0,713.0
761.0,701.0
811.0,737.0
738.0,779.0
818.0,730.0
743.0,768.0
796.0,716.0
683.0,758.0
707.0,679.0
910.0,688.0
791.0,834.0
436.0,790.0
603.0,508.0
780.0,593.0
543.0,751.0
587.0,571.0
480.0,593.0
793.0,533.0
506.0,759.0
475.0,557.0
621.0,551.0
710.0,616.0
614.0,694.0
579.0,626.0
699.0,603.0
824.0,672.0
757.0,789.0
821.0,729.0
898.0,812.0
888.0,830.0
880.0,835.0
881.0,831.0
671.0,836.0
700.0,662.0
753.0,676.0
468.0,709.0
523.0,523.0
683.0,547.0
518.0,667.0
591.0,588.0
598.0,602.0
679.0,635.0
702.0,676.0
757.0,703.0
796.0,771.0
756.0,788.0
801.0,751.0
592.0,793.0
780.0,613.0
798.0,766.0
793.0,785.0
957.0,793.0
1066.0,896.0
1038.0,991.0
817.0,978.0
853.0,800.0
633.0,819.0
758.0,650.0
549.0,724.0
642.0,588.0
694.0,651.0
545.0,682.0
651.0,617.0
582.0,659.0
695.0,658.0
586.0,689.0
728.0,631.0
530.0,715.0
442.0,596.0
619.0,473.0
697.0,604.0
523.0,679.0
682.0,585.0
497.0,684.0
567.0,537.0
446.0,561.0
556.0,475.0
558.0,560.0
263.0,566.0
