Observation,Prediction
801.0,731.0
690.0,731.0
718.0,760.0
557.0,760.0
531.0,459.0
559.0,393.0
501.0,492.0
524.0,433.0
559.0,499.0
582.0,492.0
575.0,551.0
633.0,551.0
767.0,551.0
679.0,731.0
816.0,564.0
633.0,731.0
900.0,486.0
812.0,873.0
877.0,731.0
876.0,873.0
952.0,873.0
1266.0,861.0
1333.0,1145.0
1217.0,1113.0
854.0,1145.0
1020.0,861.0
676.0,1144.0
537.0,760.0
526.0,492.0
557.0,523.0
600.0,459.0
487.0,473.0
470.0,492.0
1232.0,472.0
553.0,1157.0
677.0,573.0
814.0,564.0
614.0,731.0
1086.0,551.0
995.0,1098.0
896.0,1064.0
1131.0,861.0
882.0,833.0
1090.0,861.0
1062.0,1102.0
898.0,1102.0
1195.0,861.0
855.0,1148.0
618.0,861.0
841.0,486.0
839.0,731.0
698.0,818.0
499.0,760.0
823.0,482.0
623.0,731.0
685.0,486.0
830.0,564.0
662.0,731.0
695.0,564.0
770.0,564.0
633.0,869.0
678.0,486.0
765.0,564.0
573.0,869.0
485.0,495.0
768.0,438.0
595.0,869.0
600.0,622.0
667.0,495.0
531.0,486.0
555.0,490.0
537.0,548.0
723.0,393.0
505.0,585.0
563.0,523.0
515.0,492.0
457.0,482.0
515.0,454.0
590.0,433.0
552.0,551.0
557.0,492.0
504.0,492.0
440.0,519.0
624.0,401.0
567.0,495.0
444.0,459.0
563.0,448.0
485.0,490.0
458.0,458.0
573.0,449.0
542.0,492.0
495.0,498.0
408.0,538.0
543.0,453.0
538.0,482.0
408.0,523.0
732.0,453.0
413.0,486.0
704.0,401.0
488.0,551.0
483.0,393.0
568.0,501.0
803.0,490.0
453.0,869.0
685.0,519.0
866.0,486.0
563.0,731.0
518.0,517.0
712.0,393.0
665.0,647.0
583.0,647.0
404.0,517.0
438.0,402.0
597.0,426.0
751.0,523.0
476.0,869.0
422.0,538.0
454.0,448.0
464.0,383.0
503.0,449.0
553.0,530.0
524.0,490.0
521.0,497.0
429.0,499.0
498.0,538.0
707.0,458.0
515.0,498.0
649.0,393.0
676.0,551.0
867.0,486.0
492.0,551.0
611.0,573.0
856.0,622.0
920.0,647.0
734.0,861.0
839.0,869.0
980.0,731.0
763.0,1136.0
925.0,731.0
836.0,861.0
1029.0,818.0
1089.0,1144.0
1074.0,1002.0
817.0,1102.0
934.0,861.0
989.0,861.0
856.0,861.0
620.0,861.0
518.0,869.0
905.0,551.0
728.0,731.0
520.0,869.0
554.0,551.0
455.0,517.0
445.0,482.0
529.0,443.0
686.0,437.0
567.0,564.0
647.0,459.0
655.0,486.0
727.0,486.0
730.0,869.0
761.0,869.0
811.0,869.0
738.0,731.0
818.0,869.0
743.0,731.0
796.0,731.0
683.0,731.0
707.0,760.0
910.0,760.0
791.0,873.0
436.0,731.0
603.0,490.0
780.0,517.0
543.0,869.0
587.0,473.0
480.0,517.0
793.0,433.0
506.0,869.0
475.0,523.0
621.0,482.0
710.0,495.0
614.0,647.0
579.0,486.0
699.0,622.0
824.0,564.0
757.0,731.0
821.0,731.0
898.0,731.0
888.0,861.0
880.0,861.0
881.0,861.0
671.0,873.0
700.0,869.0
753.0,869.0
468.0,869.0
523.0,459.0
683.0,393.0
518.0,551.0
591.0,492.0
598.0,495.0
679.0,495.0
702.0,647.0
757.0,585.0
796.0,869.0
756.0,731.0
801.0,731.0
592.0,731.0
780.0,564.0
798.0,869.0
793.0,731.0
957.0,731.0
1066.0,861.0
1038.0,1064.0
817.0,1108.0
853.0,861.0
633.0,861.0
758.0,869.0
549.0,731.0
642.0,551.0
694.0,486.0
545.0,564.0
651.0,622.0
582.0,486.0
695.0,573.0
586.0,564.0
728.0,551.0
530.0,760.0
442.0,495.0
619.0,497.0
697.0,517.0
523.0,647.0
682.0,517.0
497.0,551.0
567.0,459.0
446.0,551.0
556.0,437.0
558.0,490.0
263.0,490.0
