Observation,Prediction
801.0,897.0
690.0,831.0
718.0,739.0
557.0,765.0
531.0,608.0
559.0,590.0
501.0,605.0
524.0,543.0
559.0,559.0
582.0,584.0
575.0,588.0
633.0,594.0
767.0,619.0
679.0,731.0
816.0,679.0
633.0,787.0
900.0,657.0
812.0,793.0
877.0,790.0
876.0,836.0
952.0,868.0
1266.0,903.0
1333.0,1152.0
1217.0,1215.0
854.0,1191.0
1020.0,966.0
676.0,1023.0
537.0,815.0
526.0,658.0
557.0,615.0
600.0,649.0
487.0,626.0
470.0,568.0
1232.0,528.0
553.0,952.0
677.0,629.0
814.0,688.0
614.0,780.0
1086.0,672.0
995.0,974.0
896.0,964.0
1131.0,884.0
882.0,1049.0
1090.0,918.0
1062.0,1056.0
898.0,1041.0
1195.0,938.0
855.0,1138.0
618.0,937.0
841.0,741.0
839.0,860.0
698.0,852.0
499.0,759.0
823.0,598.0
623.0,794.0
685.0,697.0
830.0,704.0
662.0,784.0
695.0,706.0
770.0,704.0
633.0,765.0
678.0,667.0
765.0,707.0
573.0,742.0
485.0,623.0
768.0,577.0
595.0,735.0
600.0,636.0
667.0,637.0
531.0,662.0
555.0,571.0
537.0,598.0
723.0,560.0
505.0,690.0
563.0,556.0
515.0,574.0
457.0,549.0
515.0,501.0
590.0,532.0
552.0,575.0
557.0,557.0
504.0,567.0
440.0,532.0
624.0,482.0
567.0,596.0
444.0,565.0
563.0,478.0
485.0,550.0
458.0,497.0
573.0,480.0
542.0,553.0
495.0,537.0
408.0,513.0
543.0,454.0
538.0,532.0
408.0,535.0
732.0,456.0
413.0,636.0
704.0,492.0
488.0,653.0
483.0,521.0
568.0,500.0
803.0,561.0
453.0,741.0
685.0,509.0
866.0,650.0
563.0,765.0
518.0,622.0
712.0,583.0
665.0,687.0
583.0,670.0
404.0,608.0
438.0,497.0
597.0,490.0
751.0,579.0
476.0,689.0
422.0,540.0
454.0,480.0
464.0,481.0
503.0,480.0
553.0,502.0
524.0,539.0
521.0,529.0
429.0,523.0
498.0,471.0
707.0,500.0
515.0,633.0
649.0,535.0
676.0,622.0
867.0,644.0
492.0,747.0
611.0,571.0
856.0,616.0
920.0,745.0
734.0,832.0
839.0,742.0
980.0,809.0
763.0,901.0
925.0,795.0
836.0,885.0
1029.0,841.0
1089.0,955.0
1074.0,1018.0
817.0,1044.0
934.0,886.0
989.0,939.0
856.0,968.0
620.0,899.0
518.0,746.0
905.0,642.0
728.0,833.0
520.0,759.0
554.0,663.0
455.0,593.0
445.0,528.0
529.0,502.0
686.0,546.0
567.0,630.0
647.0,584.0
655.0,626.0
727.0,638.0
730.0,670.0
761.0,680.0
811.0,727.0
738.0,754.0
818.0,738.0
743.0,790.0
796.0,750.0
683.0,778.0
707.0,714.0
910.0,715.0
791.0,828.0
436.0,788.0
603.0,554.0
780.0,626.0
543.0,740.0
587.0,607.0
480.0,617.0
793.0,543.0
506.0,712.0
475.0,580.0
621.0,552.0
710.0,598.0
614.0,660.0
579.0,617.0
699.0,598.0
824.0,654.0
757.0,749.0
821.0,721.0
898.0,767.0
888.0,805.0
880.0,835.0
881.0,850.0
671.0,854.0
700.0,754.0
753.0,736.0
468.0,761.0
523.0,610.0
683.0,598.0
518.0,659.0
591.0,594.0
598.0,607.0
679.0,605.0
702.0,649.0
757.0,663.0
796.0,698.0
756.0,733.0
801.0,737.0
592.0,765.0
780.0,687.0
798.0,737.0
793.0,756.0
957.0,762.0
1066.0,889.0
1038.0,949.0
817.0,983.0
853.0,865.0
633.0,869.0
758.0,767.0
549.0,786.0
642.0,698.0
694.0,680.0
545.0,697.0
651.0,638.0
582.0,661.0
695.0,628.0
586.0,670.0
728.0,620.0
530.0,683.0
442.0,594.0
619.0,528.0
697.0,594.0
523.0,651.0
682.0,577.0
497.0,632.0
567.0,555.0
446.0,574.0
556.0,516.0
558.0,551.0
263.0,553.0
