Observation,Prediction
801.0,899.0
690.0,811.0
718.0,717.0
557.0,729.0
531.0,607.0
559.0,587.0
501.0,614.0
524.0,568.0
559.0,596.0
582.0,619.0
575.0,626.0
633.0,634.0
767.0,659.0
679.0,762.0
816.0,702.0
633.0,789.0
900.0,659.0
812.0,857.0
877.0,805.0
876.0,836.0
952.0,838.0
1266.0,902.0
1333.0,1166.0
1217.0,1241.0
854.0,1166.0
1020.0,868.0
676.0,948.0
537.0,711.0
526.0,576.0
557.0,578.0
600.0,614.0
487.0,671.0
470.0,610.0
1232.0,590.0
553.0,1146.0
677.0,718.0
814.0,724.0
614.0,812.0
1086.0,652.0
995.0,982.0
896.0,954.0
1131.0,879.0
882.0,1037.0
1090.0,871.0
1062.0,991.0
898.0,1027.0
1195.0,876.0
855.0,1097.0
618.0,872.0
841.0,660.0
839.0,817.0
698.0,842.0
499.0,752.0
823.0,597.0
623.0,820.0
685.0,719.0
830.0,749.0
662.0,831.0
695.0,711.0
770.0,725.0
633.0,780.0
678.0,669.0
765.0,684.0
573.0,757.0
485.0,614.0
768.0,515.0
595.0,728.0
600.0,622.0
667.0,612.0
531.0,677.0
555.0,568.0
537.0,571.0
723.0,545.0
505.0,693.0
563.0,556.0
515.0,572.0
457.0,537.0
515.0,489.0
590.0,527.0
552.0,588.0
557.0,574.0
504.0,576.0
440.0,534.0
624.0,471.0
567.0,605.0
444.0,586.0
563.0,487.0
485.0,552.0
458.0,504.0
573.0,466.0
542.0,560.0
495.0,548.0
408.0,513.0
543.0,445.0
538.0,536.0
408.0,546.0
732.0,444.0
413.0,676.0
704.0,476.0
488.0,651.0
483.0,539.0
568.0,485.0
803.0,557.0
453.0,749.0
685.0,511.0
866.0,640.0
563.0,810.0
518.0,595.0
712.0,523.0
665.0,668.0
583.0,657.0
404.0,590.0
438.0,445.0
597.0,455.0
751.0,580.0
476.0,720.0
422.0,533.0
454.0,454.0
464.0,469.0
503.0,478.0
553.0,518.0
524.0,561.0
521.0,539.0
429.0,533.0
498.0,465.0
707.0,493.0
515.0,653.0
649.0,542.0
676.0,615.0
867.0,653.0
492.0,796.0
611.0,537.0
856.0,576.0
920.0,782.0
734.0,846.0
839.0,729.0
980.0,779.0
763.0,903.0
925.0,753.0
836.0,856.0
1029.0,814.0
1089.0,948.0
1074.0,1023.0
817.0,1016.0
934.0,830.0
989.0,878.0
856.0,945.0
620.0,859.0
518.0,671.0
905.0,570.0
728.0,855.0
520.0,785.0
554.0,600.0
455.0,604.0
445.0,534.0
529.0,505.0
686.0,553.0
567.0,684.0
647.0,615.0
655.0,654.0
727.0,666.0
730.0,709.0
761.0,715.0
811.0,736.0
738.0,774.0
818.0,711.0
743.0,771.0
796.0,732.0
683.0,757.0
707.0,688.0
910.0,688.0
791.0,853.0
436.0,790.0
603.0,513.0
780.0,594.0
543.0,748.0
587.0,596.0
480.0,612.0
793.0,516.0
506.0,764.0
475.0,567.0
621.0,533.0
710.0,611.0
614.0,711.0
579.0,630.0
699.0,590.0
824.0,685.0
757.0,787.0
821.0,746.0
898.0,780.0
888.0,834.0
880.0,828.0
881.0,832.0
671.0,840.0
700.0,676.0
753.0,678.0
468.0,722.0
523.0,527.0
683.0,539.0
518.0,680.0
591.0,575.0
598.0,625.0
679.0,629.0
702.0,707.0
757.0,718.0
796.0,754.0
756.0,785.0
801.0,752.0
592.0,772.0
780.0,607.0
798.0,735.0
793.0,746.0
957.0,776.0
1066.0,909.0
1038.0,1008.0
817.0,999.0
853.0,814.0
633.0,819.0
758.0,654.0
549.0,725.0
642.0,584.0
694.0,648.0
545.0,694.0
651.0,586.0
582.0,674.0
695.0,635.0
586.0,697.0
728.0,641.0
530.0,720.0
442.0,584.0
619.0,499.0
697.0,612.0
523.0,684.0
682.0,588.0
497.0,670.0
567.0,539.0
446.0,578.0
556.0,488.0
558.0,550.0
263.0,579.0
