624.0
625.0
649.0
546.0
567.0
545.0
534.0
554.0
545.0
613.0
610.0
579.0
586.0
654.0
650.0
593.0
545.0
542.0
691.0
514.0
554.0
629.0
567.0
586.0
580.0
588.0
543.0
544.0
511.0
549.0
534.0
580.0
566.0
612.0
546.0
525.0
609.0
662.0
642.0
636.0
560.0
667.0
659.0
657.0
693.0
753.0
911.0
1080.0
982.0
1041.0
1204.0
1234.0
1518.0
1188.0
1290.0
1028.0
1144.0
1235.0
717.0
571.0
588.0
624.0
575.0
647.0
581.0
542.0
693.0
564.0
1055.0
701.0
1014.0
981.0
821.0
709.0
766.0
976.0
1085.0
1065.0
974.0
876.0
1124.0
974.0
721.0
752.0
686.0
819.0
732.0
641.0
603.0
652.0
812.0
658.0
643.0
697.0
862.0
927.0
881.0
811.0
995.0
936.0
1032.0
989.0
852.0
833.0
736.0
751.0
614.0
579.0
599.0
550.0
567.0
596.0
619.0
617.0
665.0
787.0
720.0
836.0
682.0
904.0
841.0
895.0
898.0
963.0
1235.0
1318.0
1233.0
913.0
1018.0
741.0
594.0
563.0
587.0
625.0
546.0
509.0
1157.0
651.0
710.0
814.0
664.0
1063.0
1006.0
926.0
1123.0
913.0
1084.0
1067.0
932.0
1158.0
908.0
681.0
828.0
852.0
748.0
553.0
798.0
677.0
712.0
819.0
707.0
729.0
772.0
671.0
713.0
771.0
630.0
543.0
757.0
632.0
640.0
687.0
569.0
591.0
576.0
718.0
562.0
599.0
547.0
499.0
551.0
608.0
583.0
596.0
545.0
480.0
636.0
606.0
494.0
582.0
531.0
504.0
597.0
578.0
539.0
455.0
559.0
573.0
463.0
708.0
484.0
699.0
547.0
526.0
589.0
799.0
533.0
680.0
830.0
622.0
565.0
699.0
685.0
624.0
463.0
468.0
591.0
755.0
544.0
474.0
479.0
494.0
528.0
578.0
551.0
558.0
492.0
523.0
670.0
546.0
670.0
675.0
821.0
551.0
641.0
801.0
911.0
755.0
847.0
967.0
772.0
935.0
822.0
1034.0
1075.0
1064.0
835.0
933.0
974.0
869.0
661.0
560.0
887.0
741.0
561.0
585.0
492.0
481.0
555.0
697.0
588.0
660.0
647.0
741.0
737.0
768.0
800.0
739.0
814.0
743.0
799.0
695.0
728.0
881.0
779.0
510.0
654.0
747.0
565.0
600.0
501.0
754.0
556.0
521.0
604.0
701.0
642.0
616.0
698.0
804.0
768.0
819.0
875.0
882.0
875.0
873.0
719.0
713.0
734.0
537.0
551.0
653.0
557.0
609.0
609.0
677.0
703.0
755.0
790.0
771.0
796.0
647.0
759.0
783.0
794.0
904.0
999.0
1007.0
859.0
851.0
689.0
742.0
600.0
638.0
679.0
588.0
647.0
610.0
683.0
621.0
711.0
591.0
509.0
609.0
685.0
579.0
671.0
554.0
593.0
498.0
570.0
567.0
