Observation,Prediction
801.0,949.0
690.0,822.0
718.0,719.0
557.0,750.0
531.0,612.0
559.0,570.0
501.0,587.0
524.0,536.0
559.0,548.0
582.0,573.0
575.0,589.0
633.0,584.0
767.0,638.0
679.0,747.0
816.0,675.0
633.0,790.0
900.0,646.0
812.0,872.0
877.0,814.0
876.0,861.0
952.0,866.0
1266.0,931.0
1333.0,1200.0
1217.0,1294.0
854.0,1221.0
1020.0,911.0
676.0,1033.0
537.0,744.0
526.0,598.0
557.0,581.0
600.0,588.0
487.0,612.0
470.0,522.0
1232.0,505.0
553.0,1084.0
677.0,610.0
814.0,681.0
614.0,814.0
1086.0,646.0
995.0,1027.0
896.0,980.0
1131.0,898.0
882.0,1097.0
1090.0,903.0
1062.0,1070.0
898.0,1053.0
1195.0,933.0
855.0,1172.0
618.0,899.0
841.0,689.0
839.0,852.0
698.0,860.0
499.0,734.0
823.0,554.0
623.0,815.0
685.0,669.0
830.0,699.0
662.0,810.0
695.0,684.0
770.0,711.0
633.0,764.0
678.0,650.0
765.0,691.0
573.0,768.0
485.0,613.0
768.0,543.0
595.0,759.0
600.0,618.0
667.0,612.0
531.0,672.0
555.0,575.0
537.0,572.0
723.0,547.0
505.0,704.0
563.0,532.0
515.0,578.0
457.0,531.0
515.0,479.0
590.0,522.0
552.0,584.0
557.0,555.0
504.0,570.0
440.0,524.0
624.0,462.0
567.0,606.0
444.0,570.0
563.0,465.0
485.0,561.0
458.0,494.0
573.0,474.0
542.0,556.0
495.0,538.0
408.0,515.0
543.0,427.0
538.0,539.0
408.0,544.0
732.0,436.0
413.0,699.0
704.0,449.0
488.0,676.0
483.0,511.0
568.0,498.0
803.0,571.0
453.0,761.0
685.0,493.0
866.0,667.0
563.0,826.0
518.0,588.0
712.0,553.0
665.0,703.0
583.0,667.0
404.0,605.0
438.0,449.0
597.0,459.0
751.0,584.0
476.0,707.0
422.0,506.0
454.0,449.0
464.0,468.0
503.0,478.0
553.0,504.0
524.0,544.0
521.0,526.0
429.0,530.0
498.0,452.0
707.0,498.0
515.0,676.0
649.0,535.0
676.0,628.0
867.0,646.0
492.0,825.0
611.0,539.0
856.0,614.0
920.0,800.0
734.0,890.0
839.0,741.0
980.0,820.0
763.0,948.0
925.0,781.0
836.0,906.0
1029.0,839.0
1089.0,984.0
1074.0,1060.0
817.0,1053.0
934.0,864.0
989.0,938.0
856.0,977.0
620.0,878.0
518.0,677.0
905.0,620.0
728.0,866.0
520.0,752.0
554.0,584.0
455.0,588.0
445.0,513.0
529.0,486.0
686.0,544.0
567.0,665.0
647.0,576.0
655.0,635.0
727.0,645.0
730.0,704.0
761.0,712.0
811.0,749.0
738.0,785.0
818.0,741.0
743.0,805.0
796.0,732.0
683.0,784.0
707.0,706.0
910.0,712.0
791.0,844.0
436.0,794.0
603.0,544.0
780.0,613.0
543.0,753.0
587.0,583.0
480.0,598.0
793.0,533.0
506.0,739.0
475.0,569.0
621.0,509.0
710.0,610.0
614.0,673.0
579.0,621.0
699.0,588.0
824.0,680.0
757.0,764.0
821.0,744.0
898.0,793.0
888.0,849.0
880.0,852.0
881.0,866.0
671.0,869.0
700.0,728.0
753.0,722.0
468.0,758.0
523.0,525.0
683.0,591.0
518.0,668.0
591.0,560.0
598.0,596.0
679.0,604.0
702.0,662.0
757.0,679.0
796.0,738.0
756.0,750.0
801.0,738.0
592.0,780.0
780.0,654.0
798.0,752.0
793.0,780.0
957.0,778.0
1066.0,880.0
1038.0,984.0
817.0,993.0
853.0,871.0
633.0,865.0
758.0,734.0
549.0,779.0
642.0,633.0
694.0,674.0
545.0,703.0
651.0,589.0
582.0,648.0
695.0,609.0
586.0,670.0
728.0,611.0
530.0,695.0
442.0,584.0
619.0,501.0
697.0,603.0
523.0,668.0
682.0,556.0
497.0,651.0
567.0,538.0
446.0,571.0
556.0,480.0
558.0,548.0
263.0,554.0
