Observation,Prediction
576.0,783.0
591.0,682.0
482.0,697.0
518.0,613.0
490.0,638.0
479.0,616.0
505.0,607.0
492.0,627.0
573.0,617.0
562.0,680.0
524.0,674.0
536.0,644.0
616.0,652.0
604.0,714.0
536.0,708.0
485.0,655.0
488.0,614.0
666.0,614.0
438.0,752.0
505.0,580.0
591.0,627.0
508.0,694.0
538.0,632.0
529.0,654.0
539.0,647.0
484.0,655.0
490.0,613.0
452.0,616.0
500.0,585.0
479.0,622.0
535.0,606.0
513.0,648.0
569.0,633.0
485.0,676.0
467.0,612.0
570.0,596.0
624.0,674.0
593.0,719.0
586.0,697.0
497.0,691.0
624.0,622.0
613.0,717.0
610.0,712.0
653.0,710.0
720.0,743.0
901.0,796.0
1083.0,938.0
945.0,1084.0
1024.0,984.0
1212.0,1042.0
1228.0,1188.0
1561.0,1207.0
1134.0,1466.0
1283.0,1146.0
971.0,1251.0
1139.0,1012.0
1236.0,1134.0
607.0,1212.0
494.0,730.0
537.0,624.0
580.0,651.0
510.0,684.0
602.0,631.0
524.0,700.0
477.0,642.0
668.0,603.0
496.0,749.0
1093.0,621.0
619.0,1078.0
1024.0,729.0
953.0,1031.0
766.0,986.0
651.0,842.0
733.0,747.0
975.0,805.0
1081.0,994.0
1043.0,1084.0
932.0,1059.0
831.0,973.0
1136.0,892.0
932.0,1123.0
647.0,974.0
709.0,750.0
635.0,788.0
798.0,731.0
682.0,855.0
582.0,770.0
549.0,690.0
614.0,660.0
797.0,709.0
586.0,852.0
591.0,695.0
662.0,694.0
850.0,748.0
903.0,895.0
843.0,942.0
771.0,899.0
994.0,842.0
910.0,1011.0
1020.0,953.0
965.0,1037.0
809.0,997.0
801.0,876.0
690.0,865.0
718.0,778.0
557.0,796.0
531.0,672.0
559.0,647.0
501.0,667.0
524.0,622.0
559.0,639.0
582.0,666.0
575.0,685.0
633.0,681.0
767.0,726.0
679.0,831.0
816.0,767.0
633.0,872.0
900.0,734.0
812.0,936.0
877.0,875.0
876.0,924.0
952.0,925.0
1266.0,984.0
1333.0,1228.0
1217.0,1290.0
854.0,1204.0
1020.0,922.0
676.0,1039.0
537.0,776.0
526.0,658.0
557.0,644.0
600.0,666.0
487.0,700.0
470.0,614.0
1232.0,598.0
553.0,1186.0
677.0,683.0
814.0,763.0
614.0,869.0
1086.0,719.0
995.0,1078.0
896.0,1021.0
1131.0,945.0
882.0,1123.0
1090.0,937.0
1062.0,1092.0
898.0,1075.0
1195.0,949.0
855.0,1172.0
618.0,919.0
841.0,727.0
839.0,890.0
698.0,894.0
499.0,786.0
823.0,628.0
623.0,870.0
685.0,725.0
830.0,768.0
662.0,881.0
695.0,756.0
770.0,777.0
633.0,834.0
678.0,731.0
765.0,762.0
573.0,830.0
485.0,685.0
768.0,611.0
595.0,826.0
600.0,701.0
667.0,701.0
531.0,752.0
555.0,649.0
537.0,663.0
723.0,649.0
505.0,792.0
563.0,630.0
515.0,669.0
457.0,632.0
515.0,586.0
590.0,628.0
552.0,688.0
557.0,661.0
504.0,664.0
440.0,623.0
624.0,572.0
567.0,712.0
444.0,674.0
563.0,578.0
485.0,665.0
458.0,608.0
573.0,585.0
542.0,672.0
495.0,652.0
408.0,615.0
543.0,546.0
538.0,648.0
408.0,647.0
732.0,548.0
413.0,794.0
704.0,558.0
488.0,774.0
483.0,615.0
568.0,606.0
803.0,670.0
453.0,854.0
685.0,592.0
866.0,760.0
563.0,906.0
518.0,680.0
712.0,636.0
665.0,783.0
583.0,753.0
404.0,689.0
438.0,548.0
597.0,568.0
751.0,690.0
476.0,814.0
422.0,609.0
454.0,559.0
464.0,580.0
503.0,588.0
553.0,619.0
524.0,658.0
521.0,638.0
429.0,635.0
498.0,564.0
707.0,614.0
515.0,776.0
649.0,636.0
676.0,734.0
867.0,758.0
492.0,907.0
611.0,624.0
856.0,704.0
920.0,894.0
734.0,953.0
839.0,813.0
980.0,889.0
763.0,1000.0
925.0,838.0
836.0,956.0
1029.0,890.0
1089.0,1038.0
1074.0,1090.0
817.0,1081.0
934.0,882.0
989.0,965.0
856.0,1010.0
620.0,906.0
518.0,719.0
905.0,633.0
728.0,932.0
520.0,802.0
554.0,635.0
455.0,656.0
445.0,577.0
529.0,565.0
686.0,630.0
567.0,755.0
647.0,664.0
655.0,725.0
727.0,731.0
730.0,788.0
761.0,791.0
811.0,816.0
738.0,856.0
818.0,800.0
743.0,862.0
796.0,804.0
683.0,844.0
707.0,754.0
910.0,770.0
791.0,930.0
436.0,838.0
603.0,555.0
780.0,680.0
543.0,819.0
587.0,635.0
480.0,665.0
793.0,579.0
506.0,825.0
475.0,604.0
621.0,574.0
710.0,686.0
614.0,759.0
579.0,685.0
699.0,655.0
824.0,749.0
757.0,850.0
821.0,799.0
898.0,849.0
888.0,909.0
880.0,901.0
881.0,895.0
671.0,896.0
700.0,730.0
753.0,749.0
468.0,789.0
523.0,566.0
683.0,604.0
518.0,729.0
591.0,602.0
598.0,658.0
679.0,664.0
702.0,727.0
757.0,747.0
796.0,792.0
756.0,824.0
801.0,794.0
592.0,829.0
780.0,665.0
798.0,809.0
793.0,825.0
957.0,823.0
1066.0,952.0
1038.0,1040.0
817.0,1021.0
853.0,846.0
633.0,871.0
758.0,697.0
549.0,792.0
642.0,628.0
694.0,698.0
545.0,740.0
651.0,623.0
582.0,705.0
695.0,649.0
586.0,739.0
728.0,651.0
530.0,765.0
442.0,600.0
619.0,531.0
697.0,671.0
523.0,731.0
682.0,592.0
497.0,721.0
567.0,570.0
446.0,628.0
556.0,517.0
558.0,622.0
263.0,613.0
