Observation,Prediction
801.0,904.0
690.0,872.0
718.0,789.0
557.0,800.0
531.0,685.0
559.0,653.0
501.0,670.0
524.0,630.0
559.0,642.0
582.0,668.0
575.0,687.0
633.0,684.0
767.0,725.0
679.0,825.0
816.0,773.0
633.0,866.0
900.0,745.0
812.0,923.0
877.0,880.0
876.0,922.0
952.0,926.0
1266.0,981.0
1333.0,1212.0
1217.0,1286.0
854.0,1212.0
1020.0,944.0
676.0,1033.0
537.0,796.0
526.0,669.0
557.0,646.0
600.0,665.0
487.0,698.0
470.0,621.0
1232.0,600.0
553.0,1144.0
677.0,720.0
814.0,761.0
614.0,863.0
1086.0,732.0
995.0,1054.0
896.0,1026.0
1131.0,953.0
882.0,1113.0
1090.0,953.0
1062.0,1084.0
898.0,1079.0
1195.0,962.0
855.0,1160.0
618.0,940.0
841.0,746.0
839.0,883.0
698.0,897.0
499.0,798.0
823.0,644.0
623.0,859.0
685.0,740.0
830.0,771.0
662.0,878.0
695.0,770.0
770.0,782.0
633.0,837.0
678.0,745.0
765.0,767.0
573.0,832.0
485.0,702.0
768.0,624.0
595.0,818.0
600.0,716.0
667.0,708.0
531.0,755.0
555.0,663.0
537.0,670.0
723.0,657.0
505.0,789.0
563.0,648.0
515.0,673.0
457.0,642.0
515.0,596.0
590.0,632.0
552.0,690.0
557.0,669.0
504.0,670.0
440.0,632.0
624.0,581.0
567.0,707.0
444.0,680.0
563.0,590.0
485.0,664.0
458.0,616.0
573.0,592.0
542.0,671.0
495.0,658.0
408.0,622.0
543.0,556.0
538.0,644.0
408.0,650.0
732.0,557.0
413.0,778.0
704.0,575.0
488.0,760.0
483.0,627.0
568.0,608.0
803.0,666.0
453.0,841.0
685.0,611.0
866.0,750.0
563.0,896.0
518.0,697.0
712.0,641.0
665.0,773.0
583.0,755.0
404.0,694.0
438.0,558.0
597.0,566.0
751.0,681.0
476.0,805.0
422.0,623.0
454.0,563.0
464.0,579.0
503.0,587.0
553.0,616.0
524.0,655.0
521.0,639.0
429.0,635.0
498.0,569.0
707.0,610.0
515.0,764.0
649.0,645.0
676.0,727.0
867.0,756.0
492.0,896.0
611.0,645.0
856.0,700.0
920.0,882.0
734.0,949.0
839.0,825.0
980.0,885.0
763.0,993.0
925.0,851.0
836.0,950.0
1029.0,898.0
1089.0,1030.0
1074.0,1089.0
817.0,1085.0
934.0,902.0
989.0,964.0
856.0,1010.0
620.0,921.0
518.0,742.0
905.0,648.0
728.0,913.0
520.0,818.0
554.0,659.0
455.0,664.0
445.0,594.0
529.0,578.0
686.0,636.0
567.0,756.0
647.0,685.0
655.0,734.0
727.0,745.0
730.0,798.0
761.0,807.0
811.0,830.0
738.0,868.0
818.0,821.0
743.0,872.0
796.0,825.0
683.0,857.0
707.0,781.0
910.0,788.0
791.0,934.0
436.0,866.0
603.0,605.0
780.0,693.0
543.0,829.0
587.0,676.0
480.0,690.0
793.0,614.0
506.0,829.0
475.0,648.0
621.0,605.0
710.0,704.0
614.0,779.0
579.0,719.0
699.0,687.0
824.0,768.0
757.0,868.0
821.0,832.0
898.0,874.0
888.0,934.0
880.0,934.0
881.0,928.0
671.0,928.0
700.0,777.0
753.0,779.0
468.0,817.0
523.0,616.0
683.0,630.0
518.0,746.0
591.0,638.0
598.0,680.0
679.0,688.0
702.0,747.0
757.0,770.0
796.0,812.0
756.0,845.0
801.0,819.0
592.0,849.0
780.0,699.0
798.0,820.0
793.0,845.0
957.0,844.0
1066.0,962.0
1038.0,1054.0
817.0,1042.0
853.0,877.0
633.0,888.0
758.0,726.0
549.0,801.0
642.0,655.0
694.0,706.0
545.0,749.0
651.0,644.0
582.0,711.0
695.0,666.0
586.0,744.0
728.0,671.0
530.0,767.0
442.0,631.0
619.0,554.0
697.0,674.0
523.0,742.0
682.0,623.0
497.0,723.0
567.0,601.0
446.0,637.0
556.0,554.0
558.0,624.0
263.0,632.0
