Observation,Prediction
801.0,971.0
690.0,966.0
718.0,837.0
557.0,837.0
531.0,792.0
559.0,795.0
501.0,926.0
524.0,734.0
559.0,821.0
582.0,795.0
575.0,931.0
633.0,926.0
767.0,904.0
679.0,899.0
816.0,833.0
633.0,905.0
900.0,846.0
812.0,922.0
877.0,966.0
876.0,922.0
952.0,922.0
1266.0,975.0
1333.0,981.0
1217.0,992.0
854.0,981.0
1020.0,937.0
676.0,1070.0
537.0,837.0
526.0,926.0
557.0,747.0
600.0,795.0
487.0,931.0
470.0,734.0
1232.0,751.0
553.0,1088.0
677.0,922.0
814.0,846.0
614.0,899.0
1086.0,922.0
995.0,1070.0
896.0,1070.0
1131.0,918.0
882.0,1088.0
1090.0,937.0
1062.0,943.0
898.0,943.0
1195.0,937.0
855.0,1040.0
618.0,922.0
841.0,846.0
839.0,899.0
698.0,966.0
499.0,833.0
823.0,734.0
623.0,899.0
685.0,904.0
830.0,846.0
662.0,899.0
695.0,833.0
770.0,833.0
633.0,896.0
678.0,922.0
765.0,846.0
573.0,837.0
485.0,792.0
768.0,782.0
595.0,833.0
600.0,792.0
667.0,931.0
531.0,922.0
555.0,821.0
537.0,821.0
723.0,734.0
505.0,833.0
563.0,734.0
515.0,821.0
457.0,734.0
515.0,741.0
590.0,782.0
552.0,795.0
557.0,821.0
504.0,821.0
440.0,734.0
624.0,748.0
567.0,926.0
444.0,795.0
563.0,741.0
485.0,747.0
458.0,751.0
573.0,741.0
542.0,821.0
495.0,747.0
408.0,782.0
543.0,754.0
538.0,734.0
408.0,734.0
732.0,754.0
413.0,846.0
704.0,741.0
488.0,922.0
483.0,734.0
568.0,751.0
803.0,821.0
453.0,896.0
685.0,734.0
866.0,904.0
563.0,905.0
518.0,792.0
712.0,734.0
665.0,846.0
583.0,846.0
404.0,926.0
438.0,754.0
597.0,754.0
751.0,821.0
476.0,833.0
422.0,734.0
454.0,754.0
464.0,748.0
503.0,748.0
553.0,748.0
524.0,734.0
521.0,782.0
429.0,782.0
498.0,754.0
707.0,748.0
515.0,904.0
649.0,734.0
676.0,792.0
867.0,904.0
492.0,966.0
611.0,782.0
856.0,926.0
920.0,966.0
734.0,922.0
839.0,833.0
980.0,905.0
763.0,975.0
925.0,896.0
836.0,922.0
1029.0,899.0
1089.0,1061.0
1074.0,943.0
817.0,999.0
934.0,899.0
989.0,922.0
856.0,975.0
620.0,905.0
518.0,926.0
905.0,751.0
728.0,922.0
520.0,833.0
554.0,751.0
455.0,734.0
445.0,732.0
529.0,723.0
686.0,751.0
567.0,904.0
647.0,734.0
655.0,792.0
727.0,792.0
730.0,833.0
761.0,833.0
811.0,837.0
738.0,899.0
818.0,833.0
743.0,899.0
796.0,833.0
683.0,896.0
707.0,792.0
910.0,846.0
791.0,971.0
436.0,833.0
603.0,732.0
780.0,792.0
543.0,896.0
587.0,741.0
480.0,734.0
793.0,748.0
506.0,846.0
475.0,782.0
621.0,748.0
710.0,734.0
614.0,792.0
579.0,795.0
699.0,734.0
824.0,792.0
757.0,837.0
821.0,833.0
898.0,896.0
888.0,905.0
880.0,966.0
881.0,905.0
671.0,966.0
700.0,846.0
753.0,904.0
468.0,846.0
523.0,751.0
683.0,748.0
518.0,926.0
591.0,782.0
598.0,734.0
679.0,734.0
702.0,926.0
757.0,792.0
796.0,846.0
756.0,833.0
801.0,833.0
592.0,837.0
780.0,926.0
798.0,833.0
793.0,833.0
957.0,837.0
1066.0,966.0
1038.0,937.0
817.0,975.0
853.0,905.0
633.0,899.0
758.0,904.0
549.0,846.0
642.0,821.0
694.0,795.0
545.0,792.0
651.0,734.0
582.0,795.0
695.0,747.0
586.0,792.0
728.0,821.0
530.0,792.0
442.0,734.0
619.0,748.0
697.0,734.0
523.0,931.0
682.0,734.0
497.0,926.0
567.0,751.0
446.0,782.0
556.0,748.0
558.0,751.0
263.0,782.0
