Observation,Prediction
576.0,786.0
591.0,699.0
482.0,711.0
518.0,624.0
490.0,653.0
479.0,631.0
505.0,622.0
492.0,643.0
573.0,633.0
562.0,698.0
524.0,689.0
536.0,659.0
616.0,668.0
604.0,731.0
536.0,722.0
485.0,668.0
488.0,627.0
666.0,630.0
438.0,771.0
505.0,590.0
591.0,643.0
508.0,711.0
538.0,646.0
529.0,669.0
539.0,662.0
484.0,670.0
490.0,626.0
452.0,630.0
500.0,601.0
479.0,639.0
535.0,622.0
513.0,666.0
569.0,648.0
485.0,693.0
467.0,626.0
570.0,612.0
624.0,693.0
593.0,735.0
586.0,711.0
497.0,705.0
624.0,634.0
613.0,734.0
610.0,726.0
653.0,723.0
720.0,757.0
901.0,810.0
1083.0,953.0
945.0,1097.0
1024.0,988.0
1212.0,1050.0
1228.0,1199.0
1561.0,1212.0
1134.0,1475.0
1283.0,1138.0
971.0,1256.0
1139.0,1009.0
1236.0,1142.0
607.0,1218.0
494.0,721.0
537.0,632.0
580.0,666.0
510.0,699.0
602.0,644.0
524.0,716.0
477.0,654.0
668.0,617.0
496.0,768.0
1093.0,631.0
619.0,1104.0
1024.0,729.0
953.0,1049.0
766.0,993.0
651.0,845.0
733.0,754.0
975.0,819.0
1081.0,1010.0
1043.0,1094.0
932.0,1064.0
831.0,976.0
1136.0,896.0
932.0,1138.0
647.0,976.0
709.0,751.0
635.0,800.0
798.0,741.0
682.0,870.0
582.0,779.0
549.0,699.0
614.0,672.0
797.0,724.0
586.0,869.0
591.0,702.0
662.0,706.0
850.0,762.0
903.0,911.0
843.0,953.0
771.0,906.0
994.0,849.0
910.0,1026.0
1020.0,959.0
965.0,1047.0
809.0,1003.0
801.0,880.0
690.0,874.0
718.0,786.0
557.0,808.0
531.0,680.0
559.0,660.0
501.0,682.0
524.0,636.0
559.0,654.0
582.0,682.0
575.0,700.0
633.0,695.0
767.0,741.0
679.0,848.0
816.0,778.0
633.0,887.0
900.0,742.0
812.0,953.0
877.0,884.0
876.0,935.0
952.0,935.0
1266.0,995.0
1333.0,1243.0
1217.0,1296.0
854.0,1205.0
1020.0,918.0
676.0,1049.0
537.0,778.0
526.0,667.0
557.0,659.0
600.0,683.0
487.0,717.0
470.0,627.0
1232.0,613.0
553.0,1216.0
677.0,679.0
814.0,778.0
614.0,886.0
1086.0,727.0
995.0,1101.0
896.0,1029.0
1131.0,951.0
882.0,1136.0
1090.0,940.0
1062.0,1104.0
898.0,1082.0
1195.0,952.0
855.0,1187.0
618.0,918.0
841.0,731.0
839.0,907.0
698.0,906.0
499.0,794.0
823.0,636.0
623.0,892.0
685.0,734.0
830.0,783.0
662.0,897.0
695.0,764.0
770.0,790.0
633.0,849.0
678.0,741.0
765.0,777.0
573.0,845.0
485.0,693.0
768.0,623.0
595.0,848.0
600.0,711.0
667.0,715.0
531.0,768.0
555.0,660.0
537.0,679.0
723.0,665.0
505.0,812.0
563.0,639.0
515.0,685.0
457.0,647.0
515.0,601.0
590.0,646.0
552.0,706.0
557.0,676.0
504.0,680.0
440.0,638.0
624.0,587.0
567.0,733.0
444.0,688.0
563.0,590.0
485.0,684.0
458.0,622.0
573.0,600.0
542.0,692.0
495.0,667.0
408.0,629.0
543.0,560.0
538.0,667.0
408.0,664.0
732.0,560.0
413.0,818.0
704.0,565.0
488.0,796.0
483.0,624.0
568.0,620.0
803.0,688.0
453.0,875.0
685.0,597.0
866.0,781.0
563.0,925.0
518.0,684.0
712.0,649.0
665.0,803.0
583.0,766.0
404.0,701.0
438.0,559.0
597.0,586.0
751.0,712.0
476.0,835.0
422.0,616.0
454.0,574.0
464.0,599.0
503.0,607.0
553.0,638.0
524.0,677.0
521.0,654.0
429.0,652.0
498.0,579.0
707.0,633.0
515.0,799.0
649.0,646.0
676.0,752.0
867.0,774.0
492.0,924.0
611.0,627.0
856.0,722.0
920.0,915.0
734.0,966.0
839.0,819.0
980.0,902.0
763.0,1013.0
925.0,841.0
836.0,970.0
1029.0,899.0
1089.0,1051.0
1074.0,1099.0
817.0,1087.0
934.0,884.0
989.0,976.0
856.0,1020.0
620.0,914.0
518.0,727.0
905.0,646.0
728.0,954.0
520.0,812.0
554.0,646.0
455.0,672.0
445.0,592.0
529.0,584.0
686.0,649.0
567.0,774.0
647.0,678.0
655.0,739.0
727.0,746.0
730.0,803.0
761.0,806.0
811.0,830.0
738.0,869.0
818.0,809.0
743.0,872.0
796.0,811.0
683.0,854.0
707.0,763.0
910.0,782.0
791.0,943.0
436.0,846.0
603.0,561.0
780.0,693.0
543.0,834.0
587.0,644.0
480.0,679.0
793.0,594.0
506.0,841.0
475.0,610.0
621.0,585.0
710.0,702.0
614.0,772.0
579.0,695.0
699.0,666.0
824.0,761.0
757.0,860.0
821.0,805.0
898.0,855.0
888.0,915.0
880.0,905.0
881.0,897.0
671.0,898.0
700.0,732.0
753.0,755.0
468.0,797.0
523.0,572.0
683.0,616.0
518.0,742.0
591.0,613.0
598.0,670.0
679.0,676.0
702.0,740.0
757.0,758.0
796.0,801.0
756.0,832.0
801.0,801.0
592.0,836.0
780.0,672.0
798.0,820.0
793.0,834.0
957.0,830.0
1066.0,960.0
1038.0,1046.0
817.0,1024.0
853.0,851.0
633.0,879.0
758.0,705.0
549.0,803.0
642.0,637.0
694.0,711.0
545.0,752.0
651.0,634.0
582.0,717.0
695.0,661.0
586.0,746.0
728.0,657.0
530.0,771.0
442.0,611.0
619.0,542.0
697.0,680.0
523.0,741.0
682.0,598.0
497.0,726.0
567.0,573.0
446.0,629.0
556.0,529.0
558.0,616.0
263.0,617.0
