Observation,Prediction
801.0,973.0
690.0,873.0
718.0,784.0
557.0,807.0
531.0,678.0
559.0,657.0
501.0,679.0
524.0,632.0
559.0,650.0
582.0,678.0
575.0,696.0
633.0,690.0
767.0,737.0
679.0,844.0
816.0,774.0
633.0,883.0
900.0,737.0
812.0,950.0
877.0,880.0
876.0,932.0
952.0,931.0
1266.0,992.0
1333.0,1243.0
1217.0,1297.0
854.0,1204.0
1020.0,914.0
676.0,1047.0
537.0,772.0
526.0,660.0
557.0,651.0
600.0,676.0
487.0,710.0
470.0,619.0
1232.0,605.0
553.0,1216.0
677.0,672.0
814.0,772.0
614.0,882.0
1086.0,722.0
995.0,1100.0
896.0,1027.0
1131.0,948.0
882.0,1136.0
1090.0,938.0
1062.0,1104.0
898.0,1081.0
1195.0,951.0
855.0,1188.0
618.0,917.0
841.0,728.0
839.0,906.0
698.0,905.0
499.0,792.0
823.0,633.0
623.0,892.0
685.0,732.0
830.0,782.0
662.0,898.0
695.0,763.0
770.0,790.0
633.0,850.0
678.0,739.0
765.0,776.0
573.0,846.0
485.0,693.0
768.0,622.0
595.0,848.0
600.0,710.0
667.0,714.0
531.0,768.0
555.0,659.0
537.0,678.0
723.0,663.0
505.0,812.0
563.0,637.0
515.0,683.0
457.0,645.0
515.0,598.0
590.0,644.0
552.0,705.0
557.0,674.0
504.0,677.0
440.0,635.0
624.0,583.0
567.0,730.0
444.0,685.0
563.0,585.0
485.0,680.0
458.0,618.0
573.0,596.0
542.0,688.0
495.0,662.0
408.0,624.0
543.0,555.0
538.0,663.0
408.0,659.0
732.0,554.0
413.0,814.0
704.0,558.0
488.0,792.0
483.0,618.0
568.0,614.0
803.0,682.0
453.0,870.0
685.0,589.0
866.0,776.0
563.0,921.0
518.0,677.0
712.0,641.0
665.0,797.0
583.0,759.0
404.0,693.0
438.0,549.0
597.0,576.0
751.0,704.0
476.0,828.0
422.0,606.0
454.0,563.0
464.0,588.0
503.0,596.0
553.0,628.0
524.0,668.0
521.0,645.0
429.0,642.0
498.0,568.0
707.0,624.0
515.0,792.0
649.0,638.0
676.0,746.0
867.0,768.0
492.0,920.0
611.0,620.0
856.0,715.0
920.0,912.0
734.0,963.0
839.0,814.0
980.0,898.0
763.0,1011.0
925.0,838.0
836.0,968.0
1029.0,897.0
1089.0,1051.0
1074.0,1100.0
817.0,1088.0
934.0,882.0
989.0,976.0
856.0,1020.0
620.0,914.0
518.0,725.0
905.0,643.0
728.0,954.0
520.0,812.0
554.0,645.0
455.0,672.0
445.0,593.0
529.0,585.0
686.0,652.0
567.0,778.0
647.0,682.0
655.0,747.0
727.0,753.0
730.0,811.0
761.0,814.0
811.0,839.0
738.0,879.0
818.0,820.0
743.0,884.0
796.0,824.0
683.0,867.0
707.0,776.0
910.0,795.0
791.0,957.0
436.0,862.0
603.0,577.0
780.0,711.0
543.0,852.0
587.0,662.0
480.0,697.0
793.0,611.0
506.0,862.0
475.0,632.0
621.0,607.0
710.0,724.0
614.0,794.0
579.0,717.0
699.0,688.0
824.0,785.0
757.0,884.0
821.0,829.0
898.0,880.0
888.0,942.0
880.0,933.0
881.0,927.0
671.0,927.0
700.0,758.0
753.0,781.0
468.0,824.0
523.0,592.0
683.0,636.0
518.0,766.0
591.0,632.0
598.0,689.0
679.0,694.0
702.0,759.0
757.0,776.0
796.0,819.0
756.0,850.0
801.0,818.0
592.0,854.0
780.0,684.0
798.0,835.0
793.0,849.0
957.0,845.0
1066.0,978.0
1038.0,1066.0
817.0,1041.0
853.0,861.0
633.0,890.0
758.0,711.0
549.0,812.0
642.0,642.0
694.0,717.0
545.0,758.0
651.0,637.0
582.0,721.0
695.0,666.0
586.0,755.0
728.0,668.0
530.0,781.0
442.0,623.0
619.0,551.0
697.0,691.0
523.0,754.0
682.0,614.0
497.0,741.0
567.0,593.0
446.0,649.0
556.0,552.0
558.0,638.0
263.0,640.0
