Observation,Prediction
801.0,809.0
690.0,801.0
718.0,690.0
557.0,718.0
531.0,557.0
559.0,531.0
501.0,559.0
524.0,501.0
559.0,524.0
582.0,559.0
575.0,582.0
633.0,575.0
767.0,633.0
679.0,767.0
816.0,679.0
633.0,816.0
900.0,633.0
812.0,900.0
877.0,812.0
876.0,877.0
952.0,876.0
1266.0,952.0
1333.0,1266.0
1217.0,1333.0
854.0,1217.0
1020.0,865.0
676.0,1020.0
537.0,676.0
526.0,537.0
557.0,526.0
600.0,557.0
487.0,600.0
470.0,487.0
1232.0,470.0
553.0,1232.0
677.0,553.0
814.0,677.0
614.0,814.0
1086.0,614.0
995.0,1086.0
896.0,998.0
1131.0,896.0
882.0,1127.0
1090.0,890.0
1062.0,1087.0
898.0,1063.0
1195.0,906.0
855.0,1186.0
618.0,868.0
841.0,635.0
839.0,830.0
698.0,841.0
499.0,724.0
823.0,515.0
623.0,802.0
685.0,649.0
830.0,691.0
662.0,807.0
695.0,680.0
770.0,709.0
633.0,753.0
678.0,642.0
765.0,694.0
573.0,742.0
485.0,608.0
768.0,511.0
595.0,730.0
600.0,595.0
667.0,622.0
531.0,663.0
555.0,529.0
537.0,565.0
723.0,549.0
505.0,689.0
563.0,533.0
515.0,575.0
457.0,507.0
515.0,461.0
590.0,526.0
552.0,577.0
557.0,546.0
504.0,572.0
440.0,512.0
624.0,439.0
567.0,611.0
444.0,581.0
563.0,457.0
485.0,549.0
458.0,499.0
573.0,473.0
542.0,571.0
495.0,548.0
408.0,510.0
543.0,414.0
538.0,534.0
408.0,545.0
732.0,425.0
413.0,702.0
704.0,440.0
488.0,691.0
483.0,508.0
568.0,494.0
803.0,565.0
453.0,791.0
685.0,490.0
866.0,646.0
563.0,788.0
518.0,599.0
712.0,540.0
665.0,650.0
583.0,655.0
404.0,606.0
438.0,436.0
597.0,438.0
751.0,558.0
476.0,733.0
422.0,526.0
454.0,450.0
464.0,428.0
503.0,468.0
553.0,506.0
524.0,559.0
521.0,527.0
429.0,537.0
498.0,458.0
707.0,508.0
515.0,627.0
649.0,511.0
676.0,650.0
867.0,649.0
492.0,780.0
611.0,540.0
856.0,628.0
920.0,730.0
734.0,903.0
839.0,745.0
980.0,838.0
763.0,956.0
925.0,769.0
836.0,935.0
1029.0,806.0
1089.0,1035.0
1074.0,1078.0
817.0,1070.0
934.0,842.0
989.0,941.0
856.0,969.0
620.0,851.0
518.0,681.0
905.0,603.0
728.0,852.0
520.0,746.0
554.0,618.0
455.0,588.0
445.0,504.0
529.0,472.0
686.0,539.0
567.0,688.0
647.0,577.0
655.0,650.0
727.0,617.0
730.0,733.0
761.0,728.0
811.0,761.0
738.0,788.0
818.0,729.0
743.0,814.0
796.0,740.0
683.0,790.0
707.0,690.0
910.0,722.0
791.0,852.0
436.0,774.0
603.0,532.0
780.0,658.0
543.0,690.0
587.0,559.0
480.0,605.0
793.0,486.0
506.0,726.0
475.0,570.0
621.0,538.0
710.0,570.0
614.0,690.0
579.0,658.0
699.0,639.0
824.0,698.0
757.0,798.0
821.0,788.0
898.0,833.0
888.0,876.0
880.0,897.0
881.0,890.0
671.0,882.0
700.0,754.0
753.0,722.0
468.0,713.0
523.0,563.0
683.0,554.0
518.0,614.0
591.0,562.0
598.0,615.0
679.0,602.0
702.0,674.0
757.0,701.0
796.0,761.0
756.0,794.0
801.0,790.0
592.0,800.0
780.0,680.0
798.0,750.0
793.0,779.0
957.0,808.0
1066.0,888.0
1038.0,988.0
817.0,1025.0
853.0,912.0
633.0,865.0
758.0,720.0
549.0,725.0
642.0,610.0
694.0,615.0
545.0,653.0
651.0,600.0
582.0,632.0
695.0,616.0
586.0,670.0
728.0,636.0
530.0,702.0
442.0,621.0
619.0,537.0
697.0,590.0
523.0,660.0
682.0,617.0
497.0,669.0
567.0,575.0
446.0,611.0
556.0,505.0
558.0,571.0
263.0,550.0
