Observation,Prediction
801.0,913.0
690.0,919.0
718.0,829.0
557.0,839.0
531.0,754.0
559.0,741.0
501.0,741.0
524.0,738.0
559.0,738.0
582.0,741.0
575.0,766.0
633.0,801.0
767.0,757.0
679.0,853.0
816.0,769.0
633.0,919.0
900.0,763.0
812.0,920.0
877.0,919.0
876.0,913.0
952.0,913.0
1266.0,919.0
1333.0,1073.0
1217.0,984.0
854.0,971.0
1020.0,936.0
676.0,1061.0
537.0,842.0
526.0,775.0
557.0,738.0
600.0,741.0
487.0,746.0
470.0,738.0
1232.0,798.0
553.0,1066.0
677.0,767.0
814.0,769.0
614.0,850.0
1086.0,763.0
995.0,981.0
896.0,1004.0
1131.0,943.0
882.0,957.0
1090.0,923.0
1062.0,916.0
898.0,956.0
1195.0,943.0
855.0,963.0
618.0,936.0
841.0,763.0
839.0,850.0
698.0,919.0
499.0,893.0
823.0,738.0
623.0,853.0
685.0,763.0
830.0,769.0
662.0,850.0
695.0,769.0
770.0,769.0
633.0,839.0
678.0,763.0
765.0,769.0
573.0,839.0
485.0,775.0
768.0,738.0
595.0,839.0
600.0,757.0
667.0,763.0
531.0,769.0
555.0,762.0
537.0,774.0
723.0,738.0
505.0,763.0
563.0,738.0
515.0,772.0
457.0,738.0
515.0,746.0
590.0,738.0
552.0,766.0
557.0,762.0
504.0,754.0
440.0,738.0
624.0,705.0
567.0,757.0
444.0,756.0
563.0,716.0
485.0,763.0
458.0,738.0
573.0,733.0
542.0,763.0
495.0,738.0
408.0,738.0
543.0,699.0
538.0,738.0
408.0,738.0
732.0,699.0
413.0,757.0
704.0,699.0
488.0,763.0
483.0,738.0
568.0,738.0
803.0,763.0
453.0,922.0
685.0,724.0
866.0,757.0
563.0,850.0
518.0,756.0
712.0,738.0
665.0,763.0
583.0,763.0
404.0,820.0
438.0,699.0
597.0,705.0
751.0,746.0
476.0,839.0
422.0,738.0
454.0,699.0
464.0,709.0
503.0,733.0
553.0,738.0
524.0,738.0
521.0,738.0
429.0,738.0
498.0,714.0
707.0,738.0
515.0,864.0
649.0,738.0
676.0,763.0
867.0,763.0
492.0,763.0
611.0,738.0
856.0,763.0
920.0,769.0
734.0,929.0
839.0,853.0
980.0,903.0
763.0,906.0
925.0,839.0
836.0,943.0
1029.0,840.0
1089.0,989.0
1074.0,948.0
817.0,999.0
934.0,867.0
989.0,943.0
856.0,930.0
620.0,918.0
518.0,835.0
905.0,738.0
728.0,920.0
520.0,868.0
554.0,755.0
455.0,738.0
445.0,724.0
529.0,721.0
686.0,842.0
567.0,769.0
647.0,764.0
655.0,763.0
727.0,746.0
730.0,853.0
761.0,853.0
811.0,839.0
738.0,827.0
818.0,868.0
743.0,867.0
796.0,868.0
683.0,867.0
707.0,836.0
910.0,975.0
791.0,920.0
436.0,827.0
603.0,720.0
780.0,763.0
543.0,839.0
587.0,738.0
480.0,852.0
793.0,738.0
506.0,854.0
475.0,738.0
621.0,738.0
710.0,746.0
614.0,769.0
579.0,763.0
699.0,820.0
824.0,769.0
757.0,867.0
821.0,893.0
898.0,861.0
888.0,929.0
880.0,923.0
881.0,923.0
671.0,913.0
700.0,825.0
753.0,954.0
468.0,868.0
523.0,767.0
683.0,738.0
518.0,757.0
591.0,738.0
598.0,789.0
679.0,789.0
702.0,769.0
757.0,769.0
796.0,896.0
756.0,867.0
801.0,893.0
592.0,867.0
780.0,838.0
798.0,868.0
793.0,827.0
957.0,867.0
1066.0,943.0
1038.0,930.0
817.0,947.0
853.0,871.0
633.0,861.0
758.0,825.0
549.0,868.0
642.0,774.0
694.0,757.0
545.0,763.0
651.0,750.0
582.0,757.0
695.0,852.0
586.0,769.0
728.0,852.0
530.0,769.0
442.0,774.0
619.0,720.0
697.0,757.0
523.0,769.0
682.0,750.0
497.0,763.0
567.0,745.0
446.0,769.0
556.0,720.0
558.0,842.0
263.0,738.0
