Observation,Prediction
801.0,909.0
690.0,866.0
718.0,779.0
557.0,797.0
531.0,673.0
559.0,648.0
501.0,667.0
524.0,622.0
559.0,639.0
582.0,666.0
575.0,685.0
633.0,680.0
767.0,725.0
679.0,831.0
816.0,767.0
633.0,871.0
900.0,733.0
812.0,935.0
877.0,875.0
876.0,924.0
952.0,924.0
1266.0,984.0
1333.0,1230.0
1217.0,1293.0
854.0,1207.0
1020.0,922.0
676.0,1039.0
537.0,775.0
526.0,656.0
557.0,642.0
600.0,665.0
487.0,700.0
470.0,613.0
1232.0,596.0
553.0,1187.0
677.0,685.0
814.0,763.0
614.0,870.0
1086.0,721.0
995.0,1080.0
896.0,1025.0
1131.0,947.0
882.0,1126.0
1090.0,941.0
1062.0,1094.0
898.0,1079.0
1195.0,952.0
855.0,1176.0
618.0,922.0
841.0,729.0
839.0,893.0
698.0,898.0
499.0,789.0
823.0,630.0
623.0,874.0
685.0,729.0
830.0,772.0
662.0,885.0
695.0,760.0
770.0,781.0
633.0,840.0
678.0,736.0
765.0,766.0
573.0,834.0
485.0,688.0
768.0,614.0
595.0,830.0
600.0,705.0
667.0,704.0
531.0,756.0
555.0,652.0
537.0,666.0
723.0,652.0
505.0,796.0
563.0,632.0
515.0,670.0
457.0,634.0
515.0,587.0
590.0,630.0
552.0,689.0
557.0,662.0
504.0,665.0
440.0,624.0
624.0,572.0
567.0,713.0
444.0,674.0
563.0,577.0
485.0,665.0
458.0,608.0
573.0,584.0
542.0,673.0
495.0,652.0
408.0,615.0
543.0,545.0
538.0,647.0
408.0,647.0
732.0,547.0
413.0,794.0
704.0,556.0
488.0,773.0
483.0,614.0
568.0,604.0
803.0,668.0
453.0,853.0
685.0,590.0
866.0,759.0
563.0,906.0
518.0,678.0
712.0,633.0
665.0,781.0
583.0,751.0
404.0,686.0
438.0,544.0
597.0,564.0
751.0,688.0
476.0,813.0
422.0,606.0
454.0,555.0
464.0,577.0
503.0,585.0
553.0,616.0
524.0,656.0
521.0,636.0
429.0,632.0
498.0,561.0
707.0,611.0
515.0,775.0
649.0,634.0
676.0,732.0
867.0,757.0
492.0,907.0
611.0,623.0
856.0,703.0
920.0,896.0
734.0,955.0
839.0,814.0
980.0,890.0
763.0,1002.0
925.0,839.0
836.0,958.0
1029.0,894.0
1089.0,1041.0
1074.0,1094.0
817.0,1086.0
934.0,886.0
989.0,968.0
856.0,1014.0
620.0,913.0
518.0,726.0
905.0,638.0
728.0,934.0
520.0,809.0
554.0,644.0
455.0,662.0
445.0,586.0
529.0,574.0
686.0,639.0
567.0,764.0
647.0,677.0
655.0,736.0
727.0,744.0
730.0,800.0
761.0,805.0
811.0,830.0
738.0,870.0
818.0,815.0
743.0,874.0
796.0,818.0
683.0,857.0
707.0,771.0
910.0,786.0
791.0,944.0
436.0,858.0
603.0,579.0
780.0,696.0
543.0,838.0
587.0,661.0
480.0,687.0
793.0,604.0
506.0,844.0
475.0,629.0
621.0,597.0
710.0,709.0
614.0,783.0
579.0,711.0
699.0,680.0
824.0,771.0
757.0,872.0
821.0,825.0
898.0,872.0
888.0,934.0
880.0,928.0
881.0,922.0
671.0,923.0
700.0,760.0
753.0,772.0
468.0,814.0
523.0,594.0
683.0,625.0
518.0,748.0
591.0,626.0
598.0,677.0
679.0,683.0
702.0,747.0
757.0,767.0
796.0,810.0
756.0,841.0
801.0,812.0
592.0,843.0
780.0,684.0
798.0,818.0
793.0,840.0
957.0,838.0
1066.0,965.0
1038.0,1056.0
817.0,1040.0
853.0,866.0
633.0,885.0
758.0,712.0
549.0,800.0
642.0,640.0
694.0,704.0
545.0,744.0
651.0,630.0
582.0,706.0
695.0,656.0
586.0,741.0
728.0,662.0
530.0,767.0
442.0,621.0
619.0,544.0
697.0,674.0
523.0,741.0
682.0,613.0
497.0,726.0
567.0,592.0
446.0,638.0
556.0,547.0
558.0,625.0
263.0,631.0
