Observation,Prediction
801.0,947.0
690.0,968.0
718.0,900.0
557.0,907.0
531.0,755.0
559.0,741.0
501.0,793.0
524.0,738.0
559.0,741.0
582.0,793.0
575.0,771.0
633.0,786.0
767.0,877.0
679.0,891.0
816.0,890.0
633.0,968.0
900.0,877.0
812.0,956.0
877.0,956.0
876.0,956.0
952.0,956.0
1266.0,955.0
1333.0,1080.0
1217.0,1005.0
854.0,957.0
1020.0,979.0
676.0,1077.0
537.0,910.0
526.0,829.0
557.0,738.0
600.0,741.0
487.0,760.0
470.0,738.0
1232.0,809.0
553.0,1111.0
677.0,774.0
814.0,890.0
614.0,934.0
1086.0,894.0
995.0,1079.0
896.0,979.0
1131.0,976.0
882.0,1072.0
1090.0,956.0
1062.0,1043.0
898.0,1078.0
1195.0,976.0
855.0,1095.0
618.0,984.0
841.0,894.0
839.0,934.0
698.0,956.0
499.0,916.0
823.0,738.0
623.0,946.0
685.0,894.0
830.0,890.0
662.0,946.0
695.0,877.0
770.0,890.0
633.0,858.0
678.0,894.0
765.0,890.0
573.0,858.0
485.0,764.0
768.0,738.0
595.0,858.0
600.0,770.0
667.0,753.0
531.0,890.0
555.0,754.0
537.0,756.0
723.0,738.0
505.0,887.0
563.0,738.0
515.0,766.0
457.0,738.0
515.0,742.0
590.0,738.0
552.0,771.0
557.0,741.0
504.0,772.0
440.0,738.0
624.0,709.0
567.0,894.0
444.0,764.0
563.0,723.0
485.0,791.0
458.0,738.0
573.0,727.0
542.0,791.0
495.0,738.0
408.0,738.0
543.0,701.0
538.0,738.0
408.0,738.0
732.0,701.0
413.0,821.0
704.0,701.0
488.0,896.0
483.0,738.0
568.0,738.0
803.0,791.0
453.0,955.0
685.0,734.0
866.0,890.0
563.0,946.0
518.0,766.0
712.0,738.0
665.0,896.0
583.0,877.0
404.0,764.0
438.0,701.0
597.0,709.0
751.0,760.0
476.0,858.0
422.0,738.0
454.0,701.0
464.0,714.0
503.0,727.0
553.0,738.0
524.0,738.0
521.0,738.0
429.0,738.0
498.0,716.0
707.0,738.0
515.0,896.0
649.0,738.0
676.0,894.0
867.0,877.0
492.0,890.0
611.0,738.0
856.0,772.0
920.0,877.0
734.0,947.0
839.0,885.0
980.0,947.0
763.0,948.0
925.0,876.0
836.0,984.0
1029.0,934.0
1089.0,946.0
1074.0,1078.0
817.0,1059.0
934.0,882.0
989.0,984.0
856.0,962.0
620.0,956.0
518.0,768.0
905.0,738.0
728.0,969.0
520.0,934.0
554.0,767.0
455.0,738.0
445.0,727.0
529.0,731.0
686.0,756.0
567.0,877.0
647.0,803.0
655.0,772.0
727.0,760.0
730.0,934.0
761.0,868.0
811.0,876.0
738.0,858.0
818.0,868.0
743.0,894.0
796.0,868.0
683.0,902.0
707.0,947.0
910.0,936.0
791.0,947.0
436.0,858.0
603.0,731.0
780.0,772.0
543.0,858.0
587.0,738.0
480.0,769.0
793.0,738.0
506.0,858.0
475.0,738.0
621.0,738.0
710.0,758.0
614.0,883.0
579.0,842.0
699.0,848.0
824.0,900.0
757.0,894.0
821.0,911.0
898.0,873.0
888.0,956.0
880.0,956.0
881.0,956.0
671.0,956.0
700.0,787.0
753.0,984.0
468.0,868.0
523.0,782.0
683.0,738.0
518.0,753.0
591.0,738.0
598.0,811.0
679.0,855.0
702.0,782.0
757.0,900.0
796.0,885.0
756.0,902.0
801.0,911.0
592.0,902.0
780.0,911.0
798.0,868.0
793.0,876.0
957.0,911.0
1066.0,965.0
1038.0,947.0
817.0,927.0
853.0,890.0
633.0,873.0
758.0,787.0
549.0,868.0
642.0,779.0
694.0,753.0
545.0,894.0
651.0,749.0
582.0,753.0
695.0,811.0
586.0,894.0
728.0,868.0
530.0,936.0
442.0,810.0
619.0,731.0
697.0,751.0
523.0,900.0
682.0,749.0
497.0,772.0
567.0,753.0
446.0,776.0
556.0,724.0
558.0,767.0
263.0,783.0
