Observation,Prediction
801.0,876.0
690.0,880.0
718.0,919.0
557.0,919.0
531.0,854.0
559.0,719.0
501.0,778.0
524.0,743.0
559.0,743.0
582.0,743.0
575.0,745.0
633.0,893.0
767.0,758.0
679.0,809.0
816.0,822.0
633.0,880.0
900.0,812.0
812.0,919.0
877.0,859.0
876.0,919.0
952.0,919.0
1266.0,986.0
1333.0,999.0
1217.0,915.0
854.0,976.0
1020.0,986.0
676.0,986.0
537.0,758.0
526.0,893.0
557.0,743.0
600.0,743.0
487.0,745.0
470.0,719.0
1232.0,715.0
553.0,972.0
677.0,919.0
814.0,822.0
614.0,854.0
1086.0,812.0
995.0,1075.0
896.0,986.0
1131.0,986.0
882.0,1102.0
1090.0,919.0
1062.0,972.0
898.0,1075.0
1195.0,986.0
855.0,1033.0
618.0,986.0
841.0,919.0
839.0,809.0
698.0,876.0
499.0,859.0
823.0,743.0
623.0,864.0
685.0,919.0
830.0,864.0
662.0,809.0
695.0,919.0
770.0,809.0
633.0,864.0
678.0,812.0
765.0,809.0
573.0,919.0
485.0,812.0
768.0,778.0
595.0,822.0
600.0,893.0
667.0,812.0
531.0,843.0
555.0,743.0
537.0,806.0
723.0,745.0
505.0,812.0
563.0,745.0
515.0,854.0
457.0,715.0
515.0,715.0
590.0,719.0
552.0,778.0
557.0,743.0
504.0,893.0
440.0,743.0
624.0,699.0
567.0,783.0
444.0,783.0
563.0,715.0
485.0,743.0
458.0,743.0
573.0,715.0
542.0,745.0
495.0,778.0
408.0,743.0
543.0,699.0
538.0,743.0
408.0,778.0
732.0,699.0
413.0,758.0
704.0,715.0
488.0,822.0
483.0,743.0
568.0,743.0
803.0,719.0
453.0,845.0
685.0,719.0
866.0,783.0
563.0,919.0
518.0,758.0
712.0,778.0
665.0,758.0
583.0,758.0
404.0,758.0
438.0,715.0
597.0,699.0
751.0,743.0
476.0,919.0
422.0,745.0
454.0,715.0
464.0,699.0
503.0,715.0
553.0,743.0
524.0,745.0
521.0,743.0
429.0,745.0
498.0,703.0
707.0,743.0
515.0,758.0
649.0,715.0
676.0,822.0
867.0,783.0
492.0,876.0
611.0,743.0
856.0,822.0
920.0,809.0
734.0,876.0
839.0,845.0
980.0,876.0
763.0,919.0
925.0,845.0
836.0,986.0
1029.0,809.0
1089.0,1075.0
1074.0,1075.0
817.0,972.0
934.0,880.0
989.0,986.0
856.0,986.0
620.0,859.0
518.0,812.0
905.0,719.0
728.0,919.0
520.0,809.0
554.0,893.0
455.0,745.0
445.0,715.0
529.0,715.0
686.0,783.0
567.0,822.0
647.0,893.0
655.0,812.0
727.0,719.0
730.0,809.0
761.0,919.0
811.0,845.0
738.0,809.0
818.0,919.0
743.0,880.0
796.0,919.0
683.0,859.0
707.0,822.0
910.0,809.0
791.0,876.0
436.0,809.0
603.0,743.0
780.0,809.0
543.0,843.0
587.0,743.0
480.0,758.0
793.0,715.0
506.0,919.0
475.0,778.0
621.0,778.0
710.0,743.0
614.0,919.0
579.0,822.0
699.0,822.0
824.0,919.0
757.0,859.0
821.0,859.0
898.0,876.0
888.0,919.0
880.0,919.0
881.0,919.0
671.0,919.0
700.0,845.0
753.0,854.0
468.0,822.0
523.0,778.0
683.0,745.0
518.0,783.0
591.0,745.0
598.0,758.0
679.0,783.0
702.0,822.0
757.0,864.0
796.0,845.0
756.0,880.0
801.0,880.0
592.0,859.0
780.0,822.0
798.0,809.0
793.0,845.0
957.0,880.0
1066.0,919.0
1038.0,986.0
817.0,921.0
853.0,919.0
633.0,876.0
758.0,919.0
549.0,864.0
642.0,783.0
694.0,854.0
545.0,758.0
651.0,854.0
582.0,758.0
695.0,758.0
586.0,822.0
728.0,812.0
530.0,864.0
442.0,758.0
619.0,719.0
697.0,854.0
523.0,843.0
682.0,758.0
497.0,822.0
567.0,806.0
446.0,758.0
556.0,743.0
558.0,893.0
263.0,778.0
