Observation,Prediction
801.0,1147.0
690.0,1147.0
718.0,782.0
557.0,782.0
531.0,605.0
559.0,508.0
501.0,605.0
524.0,576.0
559.0,549.0
582.0,605.0
575.0,641.0
633.0,626.0
767.0,773.0
679.0,880.0
816.0,888.0
633.0,1147.0
900.0,773.0
812.0,1132.0
877.0,1147.0
876.0,1256.0
952.0,1256.0
1266.0,1067.0
1333.0,1308.0
1217.0,1379.0
854.0,1112.0
1020.0,1021.0
676.0,1013.0
537.0,697.0
526.0,512.0
557.0,576.0
600.0,535.0
487.0,641.0
470.0,449.0
1232.0,505.0
553.0,1312.0
677.0,535.0
814.0,697.0
614.0,1147.0
1086.0,690.0
995.0,1179.0
896.0,1153.0
1131.0,1066.0
882.0,1151.0
1090.0,1072.0
1062.0,1179.0
898.0,1318.0
1195.0,1256.0
855.0,1261.0
618.0,1221.0
841.0,747.0
839.0,1147.0
698.0,1147.0
499.0,888.0
823.0,498.0
623.0,1147.0
685.0,690.0
830.0,697.0
662.0,1147.0
695.0,773.0
770.0,697.0
633.0,798.0
678.0,690.0
765.0,697.0
573.0,798.0
485.0,535.0
768.0,505.0
595.0,798.0
600.0,605.0
667.0,626.0
531.0,697.0
555.0,576.0
537.0,508.0
723.0,576.0
505.0,782.0
563.0,582.0
515.0,535.0
457.0,486.0
515.0,481.0
590.0,486.0
552.0,605.0
557.0,549.0
504.0,508.0
440.0,582.0
624.0,467.0
567.0,690.0
444.0,535.0
563.0,467.0
485.0,535.0
458.0,505.0
573.0,481.0
542.0,535.0
495.0,512.0
408.0,563.0
543.0,440.0
538.0,512.0
408.0,576.0
732.0,440.0
413.0,782.0
704.0,485.0
488.0,888.0
483.0,505.0
568.0,505.0
803.0,535.0
453.0,1228.0
685.0,481.0
866.0,697.0
563.0,1021.0
518.0,535.0
712.0,486.0
665.0,888.0
583.0,773.0
404.0,535.0
438.0,450.0
597.0,480.0
751.0,605.0
476.0,782.0
422.0,479.0
454.0,440.0
464.0,467.0
503.0,467.0
553.0,505.0
524.0,576.0
521.0,582.0
429.0,449.0
498.0,440.0
707.0,538.0
515.0,697.0
649.0,563.0
676.0,690.0
867.0,634.0
492.0,1147.0
611.0,438.0
856.0,535.0
920.0,1147.0
734.0,1256.0
839.0,888.0
980.0,1228.0
763.0,1007.0
925.0,782.0
836.0,1256.0
1029.0,1228.0
1089.0,1153.0
1074.0,1318.0
817.0,1013.0
934.0,798.0
989.0,1072.0
856.0,1068.0
620.0,1147.0
518.0,535.0
905.0,447.0
728.0,1021.0
520.0,697.0
554.0,447.0
455.0,449.0
445.0,491.0
529.0,431.0
686.0,447.0
567.0,634.0
647.0,486.0
655.0,605.0
727.0,641.0
730.0,697.0
761.0,697.0
811.0,782.0
738.0,749.0
818.0,888.0
743.0,782.0
796.0,697.0
683.0,782.0
707.0,634.0
910.0,773.0
791.0,1147.0
436.0,782.0
603.0,525.0
780.0,535.0
543.0,782.0
587.0,526.0
480.0,515.0
793.0,431.0
506.0,782.0
475.0,467.0
621.0,477.0
710.0,508.0
614.0,634.0
579.0,549.0
699.0,486.0
824.0,690.0
757.0,749.0
821.0,697.0
898.0,782.0
888.0,1147.0
880.0,1228.0
881.0,1228.0
671.0,1228.0
700.0,626.0
753.0,690.0
468.0,697.0
523.0,431.0
683.0,516.0
518.0,641.0
591.0,481.0
598.0,526.0
679.0,576.0
702.0,641.0
757.0,634.0
796.0,697.0
756.0,782.0
801.0,697.0
592.0,782.0
780.0,576.0
798.0,888.0
793.0,782.0
957.0,888.0
1066.0,1221.0
1038.0,1068.0
817.0,1132.0
853.0,782.0
633.0,749.0
758.0,535.0
549.0,697.0
642.0,515.0
694.0,535.0
545.0,690.0
651.0,505.0
582.0,535.0
695.0,526.0
586.0,690.0
728.0,526.0
530.0,634.0
442.0,538.0
619.0,491.0
697.0,508.0
523.0,690.0
682.0,447.0
497.0,641.0
567.0,498.0
446.0,515.0
556.0,465.0
558.0,449.0
263.0,449.0
