Observation,Prediction
801.0,898.0
690.0,872.0
718.0,786.0
557.0,800.0
531.0,680.0
559.0,652.0
501.0,670.0
524.0,628.0
559.0,642.0
582.0,669.0
575.0,688.0
633.0,684.0
767.0,727.0
679.0,831.0
816.0,773.0
633.0,871.0
900.0,740.0
812.0,932.0
877.0,879.0
876.0,924.0
952.0,927.0
1266.0,984.0
1333.0,1224.0
1217.0,1291.0
854.0,1210.0
1020.0,931.0
676.0,1036.0
537.0,784.0
526.0,662.0
557.0,645.0
600.0,667.0
487.0,701.0
470.0,618.0
1232.0,599.0
553.0,1172.0
677.0,701.0
814.0,762.0
614.0,869.0
1086.0,726.0
995.0,1071.0
896.0,1027.0
1131.0,950.0
882.0,1122.0
1090.0,946.0
1062.0,1091.0
898.0,1080.0
1195.0,957.0
855.0,1171.0
618.0,931.0
841.0,737.0
839.0,890.0
698.0,899.0
499.0,794.0
823.0,637.0
623.0,870.0
685.0,736.0
830.0,773.0
662.0,884.0
695.0,766.0
770.0,783.0
633.0,840.0
678.0,742.0
765.0,768.0
573.0,836.0
485.0,696.0
768.0,620.0
595.0,827.0
600.0,712.0
667.0,708.0
531.0,757.0
555.0,659.0
537.0,670.0
723.0,657.0
505.0,796.0
563.0,642.0
515.0,674.0
457.0,640.0
515.0,593.0
590.0,634.0
552.0,693.0
557.0,668.0
504.0,670.0
440.0,630.0
624.0,580.0
567.0,714.0
444.0,680.0
563.0,586.0
485.0,668.0
458.0,614.0
573.0,590.0
542.0,674.0
495.0,657.0
408.0,620.0
543.0,551.0
538.0,647.0
408.0,650.0
732.0,552.0
413.0,789.0
704.0,566.0
488.0,769.0
483.0,621.0
568.0,606.0
803.0,669.0
453.0,850.0
685.0,600.0
866.0,757.0
563.0,904.0
518.0,687.0
712.0,637.0
665.0,780.0
583.0,755.0
404.0,692.0
438.0,552.0
597.0,567.0
751.0,688.0
476.0,812.0
422.0,615.0
454.0,560.0
464.0,579.0
503.0,588.0
553.0,618.0
524.0,658.0
521.0,639.0
429.0,635.0
498.0,565.0
707.0,612.0
515.0,773.0
649.0,640.0
676.0,732.0
867.0,758.0
492.0,904.0
611.0,633.0
856.0,703.0
920.0,891.0
734.0,954.0
839.0,819.0
980.0,888.0
763.0,999.0
925.0,844.0
836.0,955.0
1029.0,896.0
1089.0,1038.0
1074.0,1093.0
817.0,1086.0
934.0,893.0
989.0,967.0
856.0,1014.0
620.0,917.0
518.0,733.0
905.0,643.0
728.0,927.0
520.0,815.0
554.0,651.0
455.0,665.0
445.0,591.0
529.0,578.0
686.0,640.0
567.0,763.0
647.0,682.0
655.0,737.0
727.0,747.0
730.0,802.0
761.0,808.0
811.0,831.0
738.0,871.0
818.0,819.0
743.0,875.0
796.0,822.0
683.0,859.0
707.0,776.0
910.0,788.0
791.0,942.0
436.0,863.0
603.0,591.0
780.0,697.0
543.0,837.0
587.0,668.0
480.0,690.0
793.0,610.0
506.0,840.0
475.0,640.0
621.0,602.0
710.0,709.0
614.0,783.0
579.0,716.0
699.0,685.0
824.0,774.0
757.0,873.0
821.0,830.0
898.0,875.0
888.0,937.0
880.0,932.0
881.0,927.0
671.0,927.0
700.0,768.0
753.0,778.0
468.0,818.0
523.0,603.0
683.0,629.0
518.0,752.0
591.0,634.0
598.0,682.0
679.0,689.0
702.0,751.0
757.0,772.0
796.0,814.0
756.0,847.0
801.0,818.0
592.0,851.0
780.0,689.0
798.0,824.0
793.0,845.0
957.0,842.0
1066.0,967.0
1038.0,1058.0
817.0,1043.0
853.0,873.0
633.0,888.0
758.0,720.0
549.0,804.0
642.0,650.0
694.0,708.0
545.0,751.0
651.0,640.0
582.0,712.0
695.0,664.0
586.0,745.0
728.0,667.0
530.0,769.0
442.0,627.0
619.0,549.0
697.0,676.0
523.0,743.0
682.0,618.0
497.0,728.0
567.0,597.0
446.0,641.0
556.0,553.0
558.0,627.0
263.0,634.0
