Observation,Prediction
801.0,941.0
690.0,843.0
718.0,776.0
557.0,763.0
531.0,659.0
559.0,608.0
501.0,605.0
524.0,573.0
559.0,572.0
582.0,591.0
575.0,611.0
633.0,611.0
767.0,628.0
679.0,712.0
816.0,665.0
633.0,763.0
900.0,660.0
812.0,837.0
877.0,787.0
876.0,825.0
952.0,840.0
1266.0,889.0
1333.0,1107.0
1217.0,1180.0
854.0,1175.0
1020.0,948.0
676.0,1026.0
537.0,791.0
526.0,670.0
557.0,661.0
600.0,642.0
487.0,654.0
470.0,574.0
1232.0,551.0
553.0,1035.0
677.0,661.0
814.0,689.0
614.0,771.0
1086.0,654.0
995.0,913.0
896.0,922.0
1131.0,889.0
882.0,1009.0
1090.0,903.0
1062.0,1033.0
898.0,1024.0
1195.0,948.0
855.0,1105.0
618.0,926.0
841.0,771.0
839.0,878.0
698.0,854.0
499.0,778.0
823.0,634.0
623.0,804.0
685.0,687.0
830.0,718.0
662.0,782.0
695.0,694.0
770.0,714.0
633.0,753.0
678.0,681.0
765.0,694.0
573.0,759.0
485.0,633.0
768.0,566.0
595.0,709.0
600.0,644.0
667.0,624.0
531.0,667.0
555.0,591.0
537.0,579.0
723.0,580.0
505.0,678.0
563.0,555.0
515.0,573.0
457.0,554.0
515.0,503.0
590.0,541.0
552.0,570.0
557.0,556.0
504.0,556.0
440.0,525.0
624.0,486.0
567.0,595.0
444.0,564.0
563.0,491.0
485.0,551.0
458.0,511.0
573.0,476.0
542.0,558.0
495.0,540.0
408.0,508.0
543.0,452.0
538.0,530.0
408.0,526.0
732.0,457.0
413.0,679.0
704.0,487.0
488.0,625.0
483.0,529.0
568.0,515.0
803.0,552.0
453.0,699.0
685.0,529.0
866.0,634.0
563.0,762.0
518.0,614.0
712.0,559.0
665.0,655.0
583.0,655.0
404.0,613.0
438.0,464.0
597.0,501.0
751.0,568.0
476.0,677.0
422.0,552.0
454.0,501.0
464.0,486.0
503.0,488.0
553.0,503.0
524.0,535.0
521.0,523.0
429.0,522.0
498.0,474.0
707.0,496.0
515.0,611.0
649.0,535.0
676.0,608.0
867.0,628.0
492.0,761.0
611.0,586.0
856.0,614.0
920.0,743.0
734.0,791.0
839.0,737.0
980.0,790.0
763.0,865.0
925.0,787.0
836.0,859.0
1029.0,834.0
1089.0,924.0
1074.0,1007.0
817.0,1002.0
934.0,909.0
989.0,926.0
856.0,966.0
620.0,899.0
518.0,785.0
905.0,672.0
728.0,844.0
520.0,759.0
554.0,628.0
455.0,631.0
445.0,587.0
529.0,543.0
686.0,552.0
567.0,627.0
647.0,596.0
655.0,622.0
727.0,634.0
730.0,679.0
761.0,697.0
811.0,720.0
738.0,771.0
818.0,729.0
743.0,766.0
796.0,746.0
683.0,771.0
707.0,719.0
910.0,721.0
791.0,806.0
436.0,786.0
603.0,622.0
780.0,649.0
543.0,725.0
587.0,646.0
480.0,619.0
793.0,559.0
506.0,679.0
475.0,591.0
621.0,540.0
710.0,602.0
614.0,646.0
579.0,618.0
699.0,599.0
824.0,638.0
757.0,719.0
821.0,714.0
898.0,773.0
888.0,806.0
880.0,830.0
881.0,842.0
671.0,850.0
700.0,759.0
753.0,750.0
468.0,762.0
523.0,627.0
683.0,615.0
518.0,667.0
591.0,609.0
598.0,614.0
679.0,611.0
702.0,645.0
757.0,664.0
796.0,684.0
756.0,732.0
801.0,732.0
592.0,756.0
780.0,669.0
798.0,745.0
793.0,757.0
957.0,765.0
1066.0,836.0
1038.0,931.0
817.0,954.0
853.0,875.0
633.0,871.0
758.0,762.0
549.0,784.0
642.0,706.0
694.0,684.0
545.0,710.0
651.0,648.0
582.0,663.0
695.0,630.0
586.0,669.0
728.0,627.0
530.0,685.0
442.0,605.0
619.0,532.0
697.0,600.0
523.0,634.0
682.0,581.0
497.0,635.0
567.0,561.0
446.0,579.0
556.0,529.0
558.0,550.0
263.0,552.0
