Observation,Prediction
801.0,890.0
690.0,824.0
718.0,752.0
557.0,764.0
531.0,646.0
559.0,616.0
501.0,599.0
524.0,568.0
559.0,556.0
582.0,566.0
575.0,592.0
633.0,584.0
767.0,620.0
679.0,701.0
816.0,670.0
633.0,748.0
900.0,674.0
812.0,828.0
877.0,793.0
876.0,835.0
952.0,850.0
1266.0,915.0
1333.0,1121.0
1217.0,1200.0
854.0,1174.0
1020.0,970.0
676.0,1035.0
537.0,812.0
526.0,720.0
557.0,650.0
600.0,633.0
487.0,641.0
470.0,558.0
1232.0,542.0
553.0,941.0
677.0,640.0
814.0,701.0
614.0,782.0
1086.0,662.0
995.0,951.0
896.0,931.0
1131.0,886.0
882.0,1033.0
1090.0,908.0
1062.0,1028.0
898.0,1034.0
1195.0,949.0
855.0,1120.0
618.0,929.0
841.0,760.0
839.0,865.0
698.0,858.0
499.0,765.0
823.0,636.0
623.0,792.0
685.0,682.0
830.0,710.0
662.0,797.0
695.0,721.0
770.0,716.0
633.0,751.0
678.0,679.0
765.0,700.0
573.0,740.0
485.0,633.0
768.0,585.0
595.0,714.0
600.0,631.0
667.0,624.0
531.0,665.0
555.0,579.0
537.0,590.0
723.0,570.0
505.0,673.0
563.0,567.0
515.0,578.0
457.0,544.0
515.0,506.0
590.0,522.0
552.0,577.0
557.0,555.0
504.0,563.0
440.0,528.0
624.0,486.0
567.0,586.0
444.0,562.0
563.0,489.0
485.0,546.0
458.0,510.0
573.0,483.0
542.0,551.0
495.0,536.0
408.0,514.0
543.0,453.0
538.0,522.0
408.0,523.0
732.0,458.0
413.0,602.0
704.0,472.0
488.0,632.0
483.0,526.0
568.0,518.0
803.0,555.0
453.0,690.0
685.0,535.0
866.0,634.0
563.0,755.0
518.0,618.0
712.0,579.0
665.0,666.0
583.0,656.0
404.0,618.0
438.0,526.0
597.0,500.0
751.0,572.0
476.0,663.0
422.0,541.0
454.0,495.0
464.0,493.0
503.0,488.0
553.0,500.0
524.0,534.0
521.0,528.0
429.0,522.0
498.0,478.0
707.0,498.0
515.0,598.0
649.0,539.0
676.0,593.0
867.0,622.0
492.0,726.0
611.0,588.0
856.0,616.0
920.0,732.0
734.0,815.0
839.0,740.0
980.0,795.0
763.0,885.0
925.0,798.0
836.0,865.0
1029.0,843.0
1089.0,943.0
1074.0,997.0
817.0,1014.0
934.0,894.0
989.0,935.0
856.0,961.0
620.0,909.0
518.0,766.0
905.0,650.0
728.0,836.0
520.0,769.0
554.0,645.0
455.0,632.0
445.0,561.0
529.0,528.0
686.0,552.0
567.0,633.0
647.0,584.0
655.0,619.0
727.0,628.0
730.0,676.0
761.0,692.0
811.0,721.0
738.0,758.0
818.0,731.0
743.0,776.0
796.0,748.0
683.0,773.0
707.0,720.0
910.0,725.0
791.0,840.0
436.0,789.0
603.0,603.0
780.0,649.0
543.0,727.0
587.0,627.0
480.0,623.0
793.0,557.0
506.0,716.0
475.0,576.0
621.0,546.0
710.0,595.0
614.0,627.0
579.0,620.0
699.0,600.0
824.0,650.0
757.0,734.0
821.0,723.0
898.0,759.0
888.0,810.0
880.0,820.0
881.0,850.0
671.0,851.0
700.0,763.0
753.0,751.0
468.0,765.0
523.0,632.0
683.0,606.0
518.0,659.0
591.0,590.0
598.0,604.0
679.0,605.0
702.0,642.0
757.0,667.0
796.0,707.0
756.0,734.0
801.0,732.0
592.0,764.0
780.0,674.0
798.0,741.0
793.0,764.0
957.0,772.0
1066.0,862.0
1038.0,949.0
817.0,969.0
853.0,875.0
633.0,874.0
758.0,754.0
549.0,778.0
642.0,687.0
694.0,686.0
545.0,698.0
651.0,646.0
582.0,655.0
695.0,618.0
586.0,664.0
728.0,625.0
530.0,677.0
442.0,593.0
619.0,556.0
697.0,590.0
523.0,629.0
682.0,576.0
497.0,624.0
567.0,564.0
446.0,574.0
556.0,528.0
558.0,546.0
263.0,550.0
