Observation,Prediction
801.0,912.0
690.0,917.0
718.0,705.0
557.0,755.0
531.0,528.0
559.0,486.0
501.0,554.0
524.0,496.0
559.0,528.0
582.0,528.0
575.0,602.0
633.0,623.0
767.0,623.0
679.0,756.0
816.0,628.0
633.0,903.0
900.0,644.0
812.0,986.0
877.0,917.0
876.0,994.0
952.0,994.0
1266.0,1048.0
1333.0,1195.0
1217.0,1130.0
854.0,1205.0
1020.0,963.0
676.0,1132.0
537.0,690.0
526.0,539.0
557.0,535.0
600.0,504.0
487.0,560.0
470.0,480.0
1232.0,471.0
553.0,1192.0
677.0,606.0
814.0,608.0
614.0,881.0
1086.0,608.0
995.0,1135.0
896.0,1183.0
1131.0,995.0
882.0,1153.0
1090.0,942.0
1062.0,1133.0
898.0,1177.0
1195.0,1035.0
855.0,1179.0
618.0,997.0
841.0,649.0
839.0,835.0
698.0,917.0
499.0,756.0
823.0,472.0
623.0,828.0
685.0,619.0
830.0,661.0
662.0,848.0
695.0,671.0
770.0,605.0
633.0,726.0
678.0,613.0
765.0,628.0
573.0,760.0
485.0,564.0
768.0,481.0
595.0,686.0
600.0,562.0
667.0,592.0
531.0,615.0
555.0,528.0
537.0,539.0
723.0,486.0
505.0,667.0
563.0,514.0
515.0,543.0
457.0,466.0
515.0,471.0
590.0,461.0
552.0,568.0
557.0,527.0
504.0,531.0
440.0,500.0
624.0,426.0
567.0,589.0
444.0,564.0
563.0,476.0
485.0,519.0
458.0,490.0
573.0,492.0
542.0,564.0
495.0,527.0
408.0,499.0
543.0,453.0
538.0,484.0
408.0,517.0
732.0,447.0
413.0,654.0
704.0,463.0
488.0,673.0
483.0,481.0
568.0,491.0
803.0,567.0
453.0,885.0
685.0,482.0
866.0,576.0
563.0,823.0
518.0,512.0
712.0,469.0
665.0,693.0
583.0,628.0
404.0,594.0
438.0,436.0
597.0,462.0
751.0,540.0
476.0,756.0
422.0,500.0
454.0,443.0
464.0,445.0
503.0,470.0
553.0,496.0
524.0,504.0
521.0,529.0
429.0,482.0
498.0,475.0
707.0,471.0
515.0,621.0
649.0,457.0
676.0,572.0
867.0,563.0
492.0,818.0
611.0,519.0
856.0,607.0
920.0,812.0
734.0,965.0
839.0,764.0
980.0,884.0
763.0,1112.0
925.0,732.0
836.0,1029.0
1029.0,882.0
1089.0,1097.0
1074.0,1133.0
817.0,1099.0
934.0,864.0
989.0,1031.0
856.0,1083.0
620.0,913.0
518.0,619.0
905.0,488.0
728.0,961.0
520.0,732.0
554.0,493.0
455.0,492.0
445.0,454.0
529.0,448.0
686.0,476.0
567.0,563.0
647.0,522.0
655.0,566.0
727.0,544.0
730.0,742.0
761.0,755.0
811.0,743.0
738.0,769.0
818.0,787.0
743.0,835.0
796.0,721.0
683.0,814.0
707.0,620.0
910.0,737.0
791.0,1006.0
436.0,714.0
603.0,483.0
780.0,537.0
543.0,786.0
587.0,487.0
480.0,549.0
793.0,440.0
506.0,792.0
475.0,491.0
621.0,489.0
710.0,507.0
614.0,653.0
579.0,549.0
699.0,580.0
824.0,647.0
757.0,762.0
821.0,722.0
898.0,779.0
888.0,960.0
880.0,973.0
881.0,959.0
671.0,975.0
700.0,698.0
753.0,737.0
468.0,712.0
523.0,470.0
683.0,475.0
518.0,597.0
591.0,505.0
598.0,530.0
679.0,532.0
702.0,610.0
757.0,640.0
796.0,738.0
756.0,748.0
801.0,748.0
592.0,769.0
780.0,591.0
798.0,773.0
793.0,728.0
957.0,816.0
1066.0,1041.0
1038.0,1082.0
817.0,1097.0
853.0,888.0
633.0,819.0
758.0,683.0
549.0,729.0
642.0,558.0
694.0,542.0
545.0,563.0
651.0,515.0
582.0,543.0
695.0,569.0
586.0,577.0
728.0,609.0
530.0,623.0
442.0,507.0
619.0,490.0
697.0,507.0
523.0,655.0
682.0,482.0
497.0,596.0
567.0,486.0
446.0,581.0
556.0,458.0
558.0,488.0
263.0,500.0
