Observation,Prediction
801.0,881.0
690.0,831.0
718.0,733.0
557.0,736.0
531.0,632.0
559.0,579.0
501.0,605.0
524.0,563.0
559.0,570.0
582.0,602.0
575.0,623.0
633.0,610.0
767.0,656.0
679.0,774.0
816.0,698.0
633.0,789.0
900.0,673.0
812.0,835.0
877.0,806.0
876.0,840.0
952.0,847.0
1266.0,903.0
1333.0,1167.0
1217.0,1241.0
854.0,1159.0
1020.0,868.0
676.0,976.0
537.0,731.0
526.0,572.0
557.0,582.0
600.0,606.0
487.0,642.0
470.0,568.0
1232.0,547.0
553.0,1130.0
677.0,684.0
814.0,668.0
614.0,816.0
1086.0,655.0
995.0,972.0
896.0,974.0
1131.0,860.0
882.0,1026.0
1090.0,897.0
1062.0,982.0
898.0,1003.0
1195.0,906.0
855.0,1083.0
618.0,890.0
841.0,673.0
839.0,806.0
698.0,863.0
499.0,733.0
823.0,570.0
623.0,838.0
685.0,690.0
830.0,707.0
662.0,847.0
695.0,713.0
770.0,714.0
633.0,791.0
678.0,661.0
765.0,675.0
573.0,754.0
485.0,623.0
768.0,498.0
595.0,756.0
600.0,640.0
667.0,595.0
531.0,690.0
555.0,569.0
537.0,558.0
723.0,592.0
505.0,721.0
563.0,545.0
515.0,585.0
457.0,546.0
515.0,482.0
590.0,561.0
552.0,613.0
557.0,582.0
504.0,588.0
440.0,534.0
624.0,468.0
567.0,628.0
444.0,583.0
563.0,486.0
485.0,564.0
458.0,511.0
573.0,482.0
542.0,578.0
495.0,562.0
408.0,501.0
543.0,457.0
538.0,555.0
408.0,547.0
732.0,452.0
413.0,688.0
704.0,480.0
488.0,663.0
483.0,544.0
568.0,488.0
803.0,568.0
453.0,765.0
685.0,509.0
866.0,648.0
563.0,844.0
518.0,579.0
712.0,529.0
665.0,700.0
583.0,652.0
404.0,584.0
438.0,471.0
597.0,450.0
751.0,578.0
476.0,739.0
422.0,523.0
454.0,456.0
464.0,510.0
503.0,474.0
553.0,512.0
524.0,582.0
521.0,524.0
429.0,532.0
498.0,464.0
707.0,500.0
515.0,675.0
649.0,553.0
676.0,608.0
867.0,672.0
492.0,816.0
611.0,529.0
856.0,588.0
920.0,814.0
734.0,847.0
839.0,734.0
980.0,808.0
763.0,930.0
925.0,761.0
836.0,874.0
1029.0,820.0
1089.0,952.0
1074.0,1034.0
817.0,1030.0
934.0,819.0
989.0,894.0
856.0,950.0
620.0,834.0
518.0,662.0
905.0,556.0
728.0,848.0
520.0,753.0
554.0,564.0
455.0,583.0
445.0,519.0
529.0,484.0
686.0,555.0
567.0,681.0
647.0,596.0
655.0,652.0
727.0,673.0
730.0,707.0
761.0,711.0
811.0,747.0
738.0,773.0
818.0,724.0
743.0,770.0
796.0,718.0
683.0,758.0
707.0,683.0
910.0,687.0
791.0,857.0
436.0,796.0
603.0,502.0
780.0,607.0
543.0,768.0
587.0,597.0
480.0,595.0
793.0,525.0
506.0,748.0
475.0,579.0
621.0,525.0
710.0,622.0
614.0,697.0
579.0,632.0
699.0,601.0
824.0,699.0
757.0,774.0
821.0,735.0
898.0,787.0
888.0,846.0
880.0,839.0
881.0,846.0
671.0,851.0
700.0,686.0
753.0,676.0
468.0,728.0
523.0,520.0
683.0,538.0
518.0,697.0
591.0,567.0
598.0,613.0
679.0,646.0
702.0,707.0
757.0,707.0
796.0,755.0
756.0,786.0
801.0,743.0
592.0,786.0
780.0,621.0
798.0,732.0
793.0,763.0
957.0,791.0
1066.0,899.0
1038.0,1016.0
817.0,1014.0
853.0,809.0
633.0,811.0
758.0,642.0
549.0,747.0
642.0,570.0
694.0,663.0
545.0,688.0
651.0,606.0
582.0,665.0
695.0,637.0
586.0,708.0
728.0,616.0
530.0,733.0
442.0,573.0
619.0,478.0
697.0,610.0
523.0,694.0
682.0,559.0
497.0,676.0
567.0,542.0
446.0,573.0
556.0,460.0
558.0,599.0
263.0,556.0
