Observation,Prediction
801.0,859.0
690.0,822.0
718.0,765.0
557.0,748.0
531.0,632.0
559.0,595.0
501.0,605.0
524.0,551.0
559.0,553.0
582.0,574.0
575.0,585.0
633.0,582.0
767.0,613.0
679.0,708.0
816.0,668.0
633.0,761.0
900.0,670.0
812.0,826.0
877.0,805.0
876.0,858.0
952.0,849.0
1266.0,909.0
1333.0,1121.0
1217.0,1248.0
854.0,1186.0
1020.0,937.0
676.0,1029.0
537.0,821.0
526.0,681.0
557.0,633.0
600.0,610.0
487.0,637.0
470.0,544.0
1232.0,537.0
553.0,988.0
677.0,642.0
814.0,688.0
614.0,777.0
1086.0,663.0
995.0,980.0
896.0,937.0
1131.0,891.0
882.0,1038.0
1090.0,914.0
1062.0,1037.0
898.0,1043.0
1195.0,930.0
855.0,1114.0
618.0,937.0
841.0,731.0
839.0,850.0
698.0,855.0
499.0,762.0
823.0,621.0
623.0,792.0
685.0,670.0
830.0,702.0
662.0,797.0
695.0,692.0
770.0,709.0
633.0,756.0
678.0,689.0
765.0,688.0
573.0,750.0
485.0,644.0
768.0,557.0
595.0,717.0
600.0,634.0
667.0,620.0
531.0,670.0
555.0,571.0
537.0,590.0
723.0,562.0
505.0,673.0
563.0,549.0
515.0,580.0
457.0,543.0
515.0,498.0
590.0,524.0
552.0,571.0
557.0,553.0
504.0,561.0
440.0,521.0
624.0,487.0
567.0,583.0
444.0,568.0
563.0,478.0
485.0,553.0
458.0,509.0
573.0,491.0
542.0,544.0
495.0,535.0
408.0,512.0
543.0,460.0
538.0,526.0
408.0,532.0
732.0,451.0
413.0,624.0
704.0,471.0
488.0,633.0
483.0,529.0
568.0,511.0
803.0,554.0
453.0,726.0
685.0,512.0
866.0,650.0
563.0,790.0
518.0,614.0
712.0,579.0
665.0,670.0
583.0,657.0
404.0,612.0
438.0,506.0
597.0,478.0
751.0,572.0
476.0,663.0
422.0,535.0
454.0,478.0
464.0,475.0
503.0,480.0
553.0,500.0
524.0,531.0
521.0,521.0
429.0,521.0
498.0,463.0
707.0,499.0
515.0,630.0
649.0,530.0
676.0,612.0
867.0,650.0
492.0,789.0
611.0,567.0
856.0,614.0
920.0,770.0
734.0,856.0
839.0,746.0
980.0,807.0
763.0,902.0
925.0,794.0
836.0,877.0
1029.0,841.0
1089.0,932.0
1074.0,1010.0
817.0,1008.0
934.0,902.0
989.0,936.0
856.0,965.0
620.0,904.0
518.0,712.0
905.0,637.0
728.0,843.0
520.0,760.0
554.0,620.0
455.0,612.0
445.0,549.0
529.0,505.0
686.0,545.0
567.0,630.0
647.0,577.0
655.0,624.0
727.0,632.0
730.0,695.0
761.0,708.0
811.0,724.0
738.0,756.0
818.0,732.0
743.0,793.0
796.0,749.0
683.0,782.0
707.0,716.0
910.0,722.0
791.0,829.0
436.0,793.0
603.0,573.0
780.0,634.0
543.0,735.0
587.0,624.0
480.0,609.0
793.0,538.0
506.0,705.0
475.0,565.0
621.0,531.0
710.0,601.0
614.0,670.0
579.0,618.0
699.0,599.0
824.0,650.0
757.0,754.0
821.0,734.0
898.0,774.0
888.0,828.0
880.0,843.0
881.0,846.0
671.0,854.0
700.0,762.0
753.0,749.0
468.0,764.0
523.0,627.0
683.0,602.0
518.0,659.0
591.0,569.0
598.0,603.0
679.0,602.0
702.0,642.0
757.0,663.0
796.0,694.0
756.0,739.0
801.0,731.0
592.0,756.0
780.0,682.0
798.0,736.0
793.0,759.0
957.0,769.0
1066.0,873.0
1038.0,945.0
817.0,963.0
853.0,876.0
633.0,869.0
758.0,777.0
549.0,779.0
642.0,656.0
694.0,682.0
545.0,696.0
651.0,614.0
582.0,654.0
695.0,614.0
586.0,668.0
728.0,615.0
530.0,686.0
442.0,588.0
619.0,520.0
697.0,595.0
523.0,648.0
682.0,571.0
497.0,628.0
567.0,560.0
446.0,577.0
556.0,516.0
558.0,555.0
263.0,552.0
