Observation,Prediction
801.0,946.0
690.0,870.0
718.0,782.0
557.0,804.0
531.0,675.0
559.0,654.0
501.0,677.0
524.0,630.0
559.0,648.0
582.0,676.0
575.0,694.0
633.0,688.0
767.0,734.0
679.0,841.0
816.0,770.0
633.0,880.0
900.0,734.0
812.0,947.0
877.0,877.0
876.0,928.0
952.0,928.0
1266.0,988.0
1333.0,1238.0
1217.0,1292.0
854.0,1200.0
1020.0,910.0
676.0,1043.0
537.0,769.0
526.0,657.0
557.0,648.0
600.0,673.0
487.0,708.0
470.0,617.0
1232.0,603.0
553.0,1211.0
677.0,670.0
814.0,769.0
614.0,878.0
1086.0,719.0
995.0,1095.0
896.0,1023.0
1131.0,944.0
882.0,1132.0
1090.0,934.0
1062.0,1100.0
898.0,1078.0
1195.0,947.0
855.0,1184.0
618.0,914.0
841.0,724.0
839.0,903.0
698.0,901.0
499.0,789.0
823.0,630.0
623.0,889.0
685.0,729.0
830.0,778.0
662.0,895.0
695.0,760.0
770.0,787.0
633.0,847.0
678.0,738.0
765.0,774.0
573.0,843.0
485.0,690.0
768.0,620.0
595.0,845.0
600.0,707.0
667.0,711.0
531.0,765.0
555.0,656.0
537.0,675.0
723.0,661.0
505.0,809.0
563.0,635.0
515.0,681.0
457.0,643.0
515.0,596.0
590.0,642.0
552.0,702.0
557.0,671.0
504.0,675.0
440.0,632.0
624.0,581.0
567.0,728.0
444.0,682.0
563.0,584.0
485.0,678.0
458.0,616.0
573.0,594.0
542.0,685.0
495.0,660.0
408.0,622.0
543.0,552.0
538.0,660.0
408.0,655.0
732.0,551.0
413.0,811.0
704.0,555.0
488.0,788.0
483.0,615.0
568.0,611.0
803.0,679.0
453.0,867.0
685.0,587.0
866.0,773.0
563.0,917.0
518.0,675.0
712.0,638.0
665.0,794.0
583.0,757.0
404.0,690.0
438.0,547.0
597.0,574.0
751.0,702.0
476.0,825.0
422.0,605.0
454.0,561.0
464.0,587.0
503.0,595.0
553.0,626.0
524.0,666.0
521.0,643.0
429.0,640.0
498.0,566.0
707.0,621.0
515.0,789.0
649.0,635.0
676.0,743.0
867.0,764.0
492.0,917.0
611.0,616.0
856.0,713.0
920.0,909.0
734.0,960.0
839.0,812.0
980.0,895.0
763.0,1008.0
925.0,835.0
836.0,964.0
1029.0,894.0
1089.0,1048.0
1074.0,1096.0
817.0,1084.0
934.0,880.0
989.0,973.0
856.0,1017.0
620.0,911.0
518.0,722.0
905.0,641.0
728.0,951.0
520.0,810.0
554.0,643.0
455.0,670.0
445.0,591.0
529.0,583.0
686.0,650.0
567.0,776.0
647.0,681.0
655.0,745.0
727.0,751.0
730.0,809.0
761.0,811.0
811.0,836.0
738.0,876.0
818.0,818.0
743.0,882.0
796.0,822.0
683.0,864.0
707.0,773.0
910.0,792.0
791.0,954.0
436.0,859.0
603.0,575.0
780.0,708.0
543.0,850.0
587.0,660.0
480.0,696.0
793.0,609.0
506.0,860.0
475.0,630.0
621.0,605.0
710.0,721.0
614.0,792.0
579.0,715.0
699.0,687.0
824.0,782.0
757.0,883.0
821.0,829.0
898.0,880.0
888.0,941.0
880.0,932.0
881.0,926.0
671.0,925.0
700.0,757.0
753.0,780.0
468.0,822.0
523.0,592.0
683.0,635.0
518.0,764.0
591.0,629.0
598.0,688.0
679.0,692.0
702.0,757.0
757.0,775.0
796.0,818.0
756.0,849.0
801.0,816.0
592.0,852.0
780.0,682.0
798.0,832.0
793.0,847.0
957.0,840.0
1066.0,971.0
1038.0,1059.0
817.0,1036.0
853.0,856.0
633.0,884.0
758.0,706.0
549.0,806.0
642.0,637.0
694.0,712.0
545.0,753.0
651.0,632.0
582.0,718.0
695.0,662.0
586.0,751.0
728.0,663.0
530.0,774.0
442.0,616.0
619.0,544.0
697.0,686.0
523.0,749.0
682.0,609.0
497.0,736.0
567.0,588.0
446.0,643.0
556.0,545.0
558.0,634.0
263.0,636.0
