Observation,Prediction
801.0,919.0
690.0,876.0
718.0,788.0
557.0,810.0
531.0,683.0
559.0,662.0
501.0,684.0
524.0,638.0
559.0,656.0
582.0,684.0
575.0,702.0
633.0,696.0
767.0,741.0
679.0,847.0
816.0,777.0
633.0,886.0
900.0,740.0
812.0,952.0
877.0,882.0
876.0,934.0
952.0,933.0
1266.0,993.0
1333.0,1241.0
1217.0,1294.0
854.0,1203.0
1020.0,916.0
676.0,1047.0
537.0,775.0
526.0,665.0
557.0,655.0
600.0,679.0
487.0,714.0
470.0,624.0
1232.0,610.0
553.0,1214.0
677.0,676.0
814.0,775.0
614.0,884.0
1086.0,726.0
995.0,1099.0
896.0,1027.0
1131.0,949.0
882.0,1135.0
1090.0,938.0
1062.0,1103.0
898.0,1081.0
1195.0,952.0
855.0,1186.0
618.0,918.0
841.0,730.0
839.0,908.0
698.0,906.0
499.0,794.0
823.0,636.0
623.0,894.0
685.0,735.0
830.0,785.0
662.0,899.0
695.0,766.0
770.0,792.0
633.0,852.0
678.0,743.0
765.0,779.0
573.0,848.0
485.0,696.0
768.0,627.0
595.0,851.0
600.0,714.0
667.0,718.0
531.0,771.0
555.0,663.0
537.0,682.0
723.0,667.0
505.0,815.0
563.0,642.0
515.0,687.0
457.0,649.0
515.0,603.0
590.0,649.0
552.0,709.0
557.0,678.0
504.0,682.0
440.0,640.0
624.0,589.0
567.0,734.0
444.0,689.0
563.0,591.0
485.0,685.0
458.0,623.0
573.0,601.0
542.0,693.0
495.0,668.0
408.0,630.0
543.0,561.0
538.0,668.0
408.0,664.0
732.0,559.0
413.0,817.0
704.0,563.0
488.0,794.0
483.0,622.0
568.0,618.0
803.0,685.0
453.0,872.0
685.0,593.0
866.0,778.0
563.0,921.0
518.0,681.0
712.0,644.0
665.0,799.0
583.0,762.0
404.0,697.0
438.0,554.0
597.0,581.0
751.0,708.0
476.0,830.0
422.0,611.0
454.0,568.0
464.0,594.0
503.0,601.0
553.0,632.0
524.0,672.0
521.0,649.0
429.0,646.0
498.0,573.0
707.0,628.0
515.0,794.0
649.0,641.0
676.0,748.0
867.0,770.0
492.0,921.0
611.0,623.0
856.0,718.0
920.0,913.0
734.0,964.0
839.0,816.0
980.0,900.0
763.0,1012.0
925.0,840.0
836.0,968.0
1029.0,898.0
1089.0,1051.0
1074.0,1099.0
817.0,1087.0
934.0,884.0
989.0,977.0
856.0,1020.0
620.0,915.0
518.0,728.0
905.0,646.0
728.0,954.0
520.0,814.0
554.0,648.0
455.0,676.0
445.0,597.0
529.0,589.0
686.0,656.0
567.0,781.0
647.0,687.0
655.0,750.0
727.0,757.0
730.0,814.0
761.0,817.0
811.0,841.0
738.0,881.0
818.0,823.0
743.0,886.0
796.0,827.0
683.0,869.0
707.0,779.0
910.0,798.0
791.0,958.0
436.0,865.0
603.0,582.0
780.0,715.0
543.0,855.0
587.0,667.0
480.0,702.0
793.0,616.0
506.0,865.0
475.0,637.0
621.0,612.0
710.0,728.0
614.0,798.0
579.0,722.0
699.0,694.0
824.0,789.0
757.0,888.0
821.0,835.0
898.0,885.0
888.0,946.0
880.0,938.0
881.0,931.0
671.0,931.0
700.0,764.0
753.0,787.0
468.0,829.0
523.0,601.0
683.0,643.0
518.0,772.0
591.0,639.0
598.0,697.0
679.0,702.0
702.0,765.0
757.0,782.0
796.0,826.0
756.0,856.0
801.0,822.0
592.0,858.0
780.0,691.0
798.0,841.0
793.0,854.0
957.0,850.0
1066.0,981.0
1038.0,1068.0
817.0,1045.0
853.0,867.0
633.0,894.0
758.0,716.0
549.0,815.0
642.0,646.0
694.0,721.0
545.0,761.0
651.0,642.0
582.0,725.0
695.0,669.0
586.0,759.0
728.0,672.0
530.0,784.0
442.0,626.0
619.0,554.0
697.0,695.0
523.0,756.0
682.0,617.0
497.0,744.0
567.0,596.0
446.0,652.0
556.0,555.0
558.0,643.0
263.0,644.0
