Observation,Prediction
801.0,852.0
690.0,833.0
718.0,736.0
557.0,750.0
531.0,613.0
559.0,579.0
501.0,599.0
524.0,549.0
559.0,567.0
582.0,593.0
575.0,616.0
633.0,617.0
767.0,664.0
679.0,786.0
816.0,718.0
633.0,836.0
900.0,681.0
812.0,904.0
877.0,838.0
876.0,895.0
952.0,898.0
1266.0,963.0
1333.0,1235.0
1217.0,1318.0
854.0,1232.0
1020.0,913.0
676.0,1017.0
537.0,716.0
526.0,594.0
557.0,563.0
600.0,587.0
487.0,625.0
470.0,546.0
1232.0,509.0
553.0,1156.0
677.0,650.0
814.0,709.0
614.0,813.0
1086.0,663.0
995.0,1063.0
896.0,1000.0
1131.0,926.0
882.0,1122.0
1090.0,913.0
1062.0,1083.0
898.0,1067.0
1195.0,931.0
855.0,1158.0
618.0,907.0
841.0,680.0
839.0,828.0
698.0,851.0
499.0,748.0
823.0,553.0
623.0,798.0
685.0,677.0
830.0,711.0
662.0,818.0
695.0,707.0
770.0,728.0
633.0,772.0
678.0,671.0
765.0,712.0
573.0,771.0
485.0,629.0
768.0,542.0
595.0,757.0
600.0,631.0
667.0,640.0
531.0,687.0
555.0,569.0
537.0,591.0
723.0,576.0
505.0,718.0
563.0,562.0
515.0,598.0
457.0,546.0
515.0,499.0
590.0,551.0
552.0,608.0
557.0,583.0
504.0,595.0
440.0,545.0
624.0,480.0
567.0,636.0
444.0,605.0
563.0,493.0
485.0,582.0
458.0,530.0
573.0,503.0
542.0,597.0
495.0,578.0
408.0,539.0
543.0,455.0
538.0,558.0
408.0,572.0
732.0,463.0
413.0,707.0
704.0,484.0
488.0,699.0
483.0,547.0
568.0,526.0
803.0,589.0
453.0,798.0
685.0,532.0
866.0,679.0
563.0,830.0
518.0,621.0
712.0,565.0
665.0,699.0
583.0,685.0
404.0,624.0
438.0,463.0
597.0,472.0
751.0,598.0
476.0,754.0
422.0,544.0
454.0,473.0
464.0,472.0
503.0,494.0
553.0,528.0
524.0,578.0
521.0,551.0
429.0,557.0
498.0,482.0
707.0,531.0
515.0,669.0
649.0,546.0
676.0,667.0
867.0,675.0
492.0,821.0
611.0,551.0
856.0,640.0
920.0,801.0
734.0,911.0
839.0,754.0
980.0,846.0
763.0,967.0
925.0,778.0
836.0,934.0
1029.0,822.0
1089.0,1034.0
1074.0,1075.0
817.0,1064.0
934.0,835.0
989.0,938.0
856.0,974.0
620.0,854.0
518.0,666.0
905.0,565.0
728.0,884.0
520.0,741.0
554.0,574.0
455.0,584.0
445.0,492.0
529.0,480.0
686.0,554.0
567.0,697.0
647.0,588.0
655.0,660.0
727.0,646.0
730.0,740.0
761.0,736.0
811.0,768.0
738.0,800.0
818.0,739.0
743.0,814.0
796.0,743.0
683.0,793.0
707.0,695.0
910.0,723.0
791.0,876.0
436.0,779.0
603.0,510.0
780.0,654.0
543.0,748.0
587.0,564.0
480.0,600.0
793.0,501.0
506.0,753.0
475.0,556.0
621.0,520.0
710.0,604.0
614.0,700.0
579.0,643.0
699.0,616.0
824.0,698.0
757.0,804.0
821.0,770.0
898.0,818.0
888.0,875.0
880.0,881.0
881.0,875.0
671.0,872.0
700.0,718.0
753.0,712.0
468.0,734.0
523.0,536.0
683.0,551.0
518.0,652.0
591.0,557.0
598.0,608.0
679.0,608.0
702.0,677.0
757.0,702.0
796.0,755.0
756.0,789.0
801.0,771.0
592.0,795.0
780.0,647.0
798.0,759.0
793.0,783.0
957.0,793.0
1066.0,903.0
1038.0,998.0
817.0,1006.0
853.0,859.0
633.0,851.0
758.0,689.0
549.0,742.0
642.0,599.0
694.0,638.0
545.0,679.0
651.0,588.0
582.0,646.0
695.0,609.0
586.0,682.0
728.0,621.0
530.0,710.0
442.0,590.0
619.0,508.0
697.0,609.0
523.0,679.0
682.0,578.0
497.0,670.0
567.0,554.0
446.0,593.0
556.0,498.0
558.0,570.0
263.0,567.0
