838.0
798.0
789.0
825.0
807.0
799.0
769.0
863.0
892.0
986.0
1078.0
1155.0
1117.0
1188.0
1169.0
1212.0
1292.0
1200.0
1128.0
1107.0
1081.0
1094.0
1038.0
904.0
847.0
786.0
789.0
834.0
820.0
803.0
766.0
868.0
898.0
988.0
1082.0
1158.0
1121.0
1200.0
1174.0
1218.0
1298.0
1203.0
1130.0
1118.0
1087.0
1095.0
1046.0
914.0
840.0
793.0
846.0
854.0
829.0
803.0
781.0
875.0
887.0
982.0
1085.0
1164.0
1125.0
1210.0
1180.0
1221.0
1305.0
1201.0
1137.0
1121.0
1088.0
1098.0
1050.0
912.0
851.0
790.0
846.0
856.0
828.0
801.0
780.0
914.0
910.0
986.0
1086.0
1162.0
1135.0
1214.0
1185.0
1226.0
1306.0
1201.0
1139.0
1122.0
1092.0
1104.0
1052.0
919.0
855.0
802.0
853.0
867.0
831.0
804.0
788.0
923.0
914.0
1001.0
1091.0
1168.0
1135.0
1222.0
1189.0
1231.0
1312.0
1210.0
1142.0
1126.0
1094.0
1104.0
1057.0
925.0
848.0
805.0
862.0
867.0
840.0
809.0
785.0
926.0
920.0
1016.0
1092.0
1172.0
1150.0
1227.0
1192.0
1235.0
1312.0
1213.0
1149.0
1131.0
1101.0
1110.0
1059.0
932.0
859.0
814.0
874.0
880.0
839.0
816.0
794.0
929.0
929.0
1018.0
1096.0
1176.0
1159.0
1243.0
1200.0
1242.0
1315.0
1224.0
1163.0
1141.0
1106.0
1114.0
1065.0
939.0
865.0
817.0
871.0
871.0
840.0
813.0
792.0
930.0
932.0
1025.0
1118.0
1185.0
1172.0
1247.0
1202.0
1242.0
1322.0
1233.0
1168.0
1144.0
1111.0
1125.0
1073.0
943.0
874.0
820.0
874.0
873.0
852.0
835.0
800.0
939.0
935.0
1031.0
1128.0
1186.0
1176.0
1258.0
1208.0
1248.0
1328.0
1239.0
1175.0
1151.0
1119.0
1132.0
1072.0
942.0
879.0
813.0
880.0
884.0
854.0
828.0
796.0
942.0
932.0
1036.0
1131.0
1190.0
1182.0
1279.0
1204.0
1254.0
1332.0
1247.0
1178.0
1155.0
1121.0
1131.0
1079.0
957.0
