838.0
785.0
791.0
831.0
785.0
788.0
753.0
884.0
889.0
987.0
1107.0
1203.0
1134.0
1206.0
1212.0
1250.0
1355.0
1255.0
1122.0
1120.0
1097.0
1114.0
1030.0
870.0
849.0
778.0
787.0
838.0
803.0
794.0
751.0
890.0
891.0
988.0
1113.0
1205.0
1134.0
1236.0
1217.0
1255.0
1364.0
1257.0
1128.0
1131.0
1103.0
1111.0
1045.0
880.0
835.0
789.0
854.0
846.0
803.0
786.0
762.0
897.0
876.0
994.0
1123.0
1213.0
1141.0
1245.0
1222.0
1260.0
1371.0
1263.0
1142.0
1133.0
1101.0
1116.0
1050.0
876.0
844.0
782.0
858.0
850.0
805.0
787.0
769.0
937.0
894.0
981.0
1122.0
1215.0
1150.0
1253.0
1215.0
1266.0
1374.0
1259.0
1147.0
1141.0
1112.0
1113.0
1052.0
884.0
845.0
796.0
868.0
861.0
804.0
790.0
770.0
945.0
898.0
1006.0
1128.0
1218.0
1156.0
1260.0
1224.0
1273.0
1376.0
1269.0
1151.0
1144.0
1104.0
1119.0
1053.0
889.0
843.0
799.0
874.0
860.0
818.0
795.0
773.0
952.0
908.0
1021.0
1112.0
1222.0
1173.0
1271.0
1222.0
1277.0
1381.0
1270.0
1160.0
1150.0
1113.0
1123.0
1056.0
889.0
849.0
807.0
889.0
868.0
815.0
806.0
778.0
956.0
928.0
1024.0
1113.0
1227.0
1185.0
1289.0
1233.0
1280.0
1388.0
1281.0
1177.0
1156.0
1121.0
1133.0
1064.0
904.0
855.0
805.0
880.0
862.0
820.0
811.0
777.0
956.0
925.0
1028.0
1155.0
1234.0
1195.0
1284.0
1235.0
1282.0
1394.0
1294.0
1180.0
1164.0
1124.0
1146.0
1074.0
909.0
862.0
805.0
887.0
866.0
835.0
817.0
779.0
966.0
928.0
1040.0
1159.0
1237.0
1201.0
1309.0
1241.0
1289.0
1400.0
1301.0
1177.0
1175.0
1133.0
1146.0
1079.0
901.0
870.0
804.0
896.0
870.0
832.0
819.0
781.0
968.0
925.0
1045.0
1164.0
1233.0
1214.0
1333.0
1264.0
1292.0
1405.0
1299.0
1196.0
1174.0
1135.0
1147.0
1067.0
927.0
