844.0
786.0
788.0
837.0
800.0
795.0
759.0
896.0
900.0
993.0
1078.0
1139.0
1114.0
1179.0
1159.0
1191.0
1254.0
1188.0
1121.0
1104.0
1077.0
1084.0
1037.0
895.0
852.0
772.0
789.0
842.0
816.0
802.0
756.0
901.0
903.0
998.0
1085.0
1144.0
1119.0
1184.0
1164.0
1195.0
1259.0
1191.0
1125.0
1113.0
1084.0
1091.0
1050.0
905.0
844.0
785.0
859.0
856.0
813.0
793.0
766.0
905.0
895.0
1004.0
1089.0
1149.0
1124.0
1191.0
1168.0
1200.0
1265.0
1192.0
1127.0
1113.0
1085.0
1093.0
1051.0
904.0
851.0
781.0
865.0
857.0
814.0
794.0
775.0
946.0
912.0
1003.0
1090.0
1149.0
1131.0
1196.0
1175.0
1206.0
1267.0
1194.0
1131.0
1112.0
1082.0
1093.0
1052.0
912.0
855.0
791.0
871.0
869.0
815.0
799.0
778.0
955.0
921.0
1017.0
1092.0
1151.0
1132.0
1198.0
1179.0
1210.0
1270.0
1200.0
1136.0
1117.0
1088.0
1098.0
1055.0
916.0
854.0
796.0
880.0
872.0
828.0
802.0
779.0
959.0
929.0
1025.0
1096.0
1159.0
1144.0
1205.0
1183.0
1215.0
1272.0
1202.0
1140.0
1120.0
1095.0
1101.0
1056.0
921.0
862.0
802.0
892.0
879.0
826.0
812.0
785.0
963.0
939.0
1027.0
1101.0
1165.0
1153.0
1218.0
1188.0
1221.0
1276.0
1211.0
1152.0
1127.0
1100.0
1107.0
1061.0
931.0
867.0
807.0
890.0
876.0
834.0
816.0
788.0
967.0
940.0
1031.0
1113.0
1167.0
1164.0
1226.0
1192.0
1223.0
1280.0
1217.0
1156.0
1134.0
1105.0
1116.0
1069.0
936.0
872.0
809.0
897.0
880.0
848.0
827.0
789.0
973.0
943.0
1035.0
1117.0
1166.0
1164.0
1230.0
1196.0
1227.0
1285.0
1222.0
1169.0
1141.0
1111.0
1120.0
1072.0
940.0
882.0
808.0
909.0
888.0
847.0
826.0
789.0
975.0
943.0
1040.0
1121.0
1172.0
1168.0
1244.0
1193.0
1227.0
1287.0
1228.0
1167.0
1142.0
1113.0
1121.0
1082.0
954.0
