830.0
784.0
778.0
824.0
791.0
786.0
752.0
865.0
883.0
990.0
1091.0
1172.0
1127.0
1207.0
1184.0
1226.0
1314.0
1219.0
1124.0
1106.0
1077.0
1093.0
1030.0
877.0
835.0
768.0
777.0
827.0
805.0
795.0
753.0
878.0
890.0
992.0
1099.0
1177.0
1132.0
1219.0
1193.0
1231.0
1321.0
1221.0
1131.0
1119.0
1088.0
1091.0
1042.0
886.0
835.0
783.0
843.0
848.0
804.0
784.0
758.0
881.0
883.0
993.0
1101.0
1184.0
1138.0
1229.0
1195.0
1237.0
1326.0
1223.0
1135.0
1123.0
1087.0
1099.0
1047.0
885.0
837.0
781.0
844.0
847.0
804.0
791.0
772.0
923.0
906.0
994.0
1103.0
1183.0
1149.0
1236.0
1199.0
1240.0
1327.0
1224.0
1141.0
1126.0
1091.0
1099.0
1049.0
893.0
840.0
790.0
853.0
858.0
807.0
794.0
774.0
930.0
908.0
1008.0
1106.0
1184.0
1150.0
1237.0
1209.0
1247.0
1331.0
1233.0
1146.0
1128.0
1091.0
1104.0
1052.0
898.0
844.0
792.0
864.0
861.0
819.0
794.0
769.0
939.0
915.0
1015.0
1105.0
1189.0
1163.0
1244.0
1209.0
1250.0
1334.0
1234.0
1146.0
1133.0
1096.0
1105.0
1048.0
901.0
847.0
794.0
874.0
864.0
817.0
804.0
776.0
937.0
927.0
1020.0
1111.0
1194.0
1171.0
1260.0
1216.0
1256.0
1338.0
1246.0
1166.0
1136.0
1106.0
1115.0
1058.0
912.0
849.0
802.0
865.0
866.0
821.0
812.0
785.0
946.0
928.0
1026.0
1137.0
1201.0
1187.0
1268.0
1216.0
1256.0
1342.0
1250.0
1170.0
1145.0
1107.0
1124.0
1065.0
913.0
852.0
810.0
876.0
865.0
836.0
819.0
784.0
951.0
931.0
1032.0
1141.0
1205.0
1190.0
1276.0
1224.0
1263.0
1350.0
1259.0
1177.0
1156.0
1116.0
1130.0
1068.0
916.0
867.0
799.0
890.0
872.0
837.0
816.0
785.0
952.0
928.0
1036.0
1144.0
1206.0
1194.0
1297.0
1228.0
1270.0
1354.0
1263.0
1182.0
1154.0
1119.0
1131.0
1072.0
931.0
