833.0
796.0
782.0
821.0
795.0
780.0
753.0
863.0
890.0
973.0
1081.0
1170.0
1120.0
1184.0
1184.0
1222.0
1314.0
1228.0
1116.0
1105.0
1084.0
1101.0
1031.0
883.0
841.0
779.0
780.0
824.0
806.0
789.0
749.0
864.0
891.0
972.0
1090.0
1174.0
1121.0
1204.0
1194.0
1227.0
1320.0
1230.0
1121.0
1119.0
1091.0
1098.0
1042.0
898.0
832.0
790.0
842.0
846.0
811.0
781.0
762.0
873.0
878.0
969.0
1094.0
1180.0
1127.0
1213.0
1199.0
1231.0
1328.0
1231.0
1134.0
1117.0
1092.0
1100.0
1046.0
894.0
836.0
783.0
843.0
849.0
810.0
784.0
768.0
907.0
902.0
970.0
1091.0
1182.0
1139.0
1221.0
1194.0
1237.0
1328.0
1233.0
1142.0
1127.0
1105.0
1103.0
1049.0
898.0
841.0
792.0
849.0
859.0
814.0
789.0
767.0
915.0
904.0
985.0
1099.0
1185.0
1141.0
1230.0
1199.0
1240.0
1334.0
1241.0
1146.0
1133.0
1097.0
1106.0
1054.0
900.0
839.0
797.0
860.0
863.0
822.0
792.0
773.0
916.0
914.0
1001.0
1092.0
1187.0
1157.0
1239.0
1203.0
1246.0
1338.0
1243.0
1148.0
1135.0
1104.0
1109.0
1052.0
906.0
845.0
807.0
871.0
870.0
819.0
803.0
775.0
921.0
931.0
1005.0
1092.0
1194.0
1167.0
1254.0
1211.0
1249.0
1341.0
1253.0
1167.0
1144.0
1107.0
1116.0
1062.0
915.0
852.0
811.0
862.0
863.0
823.0
804.0
783.0
925.0
929.0
1006.0
1125.0
1200.0
1177.0
1254.0
1212.0
1253.0
1348.0
1264.0
1170.0
1149.0
1113.0
1127.0
1068.0
923.0
859.0
815.0
865.0
869.0
833.0
814.0
781.0
928.0
934.0
1026.0
1134.0
1206.0
1181.0
1269.0
1221.0
1255.0
1354.0
1269.0
1167.0
1156.0
1121.0
1133.0
1075.0
913.0
863.0
805.0
875.0
871.0
835.0
812.0
779.0
932.0
926.0
1023.0
1138.0
1202.0
1192.0
1294.0
1236.0
1263.0
1356.0
1274.0
1184.0
1158.0
1124.0
1135.0
1061.0
936.0
