836.0
794.0
799.0
842.0
799.0
789.0
751.0
889.0
900.0
993.0
1068.0
1130.0
1097.0
1145.0
1131.0
1164.0
1214.0
1160.0
1093.0
1081.0
1063.0
1078.0
1025.0
876.0
848.0
779.0
796.0
847.0
814.0
797.0
749.0
893.0
903.0
993.0
1071.0
1133.0
1098.0
1156.0
1138.0
1167.0
1217.0
1162.0
1096.0
1089.0
1069.0
1078.0
1034.0
892.0
839.0
793.0
868.0
862.0
815.0
789.0
761.0
900.0
888.0
990.0
1074.0
1136.0
1102.0
1161.0
1142.0
1170.0
1221.0
1162.0
1104.0
1092.0
1069.0
1080.0
1037.0
885.0
845.0
786.0
870.0
863.0
815.0
790.0
770.0
940.0
910.0
991.0
1070.0
1137.0
1109.0
1165.0
1142.0
1169.0
1222.0
1163.0
1107.0
1096.0
1076.0
1085.0
1038.0
895.0
848.0
799.0
879.0
875.0
817.0
794.0
773.0
946.0
909.0
1004.0
1077.0
1138.0
1111.0
1170.0
1146.0
1172.0
1224.0
1168.0
1110.0
1098.0
1073.0
1084.0
1041.0
899.0
845.0
803.0
887.0
877.0
830.0
798.0
774.0
948.0
917.0
1013.0
1073.0
1138.0
1120.0
1173.0
1148.0
1175.0
1225.0
1169.0
1113.0
1101.0
1079.0
1086.0
1041.0
904.0
854.0
809.0
897.0
883.0
825.0
807.0
780.0
951.0
934.0
1021.0
1075.0
1140.0
1127.0
1184.0
1152.0
1179.0
1226.0
1176.0
1124.0
1106.0
1082.0
1091.0
1047.0
915.0
859.0
814.0
891.0
874.0
830.0
809.0
783.0
955.0
933.0
1024.0
1096.0
1148.0
1135.0
1184.0
1152.0
1179.0
1229.0
1181.0
1126.0
1111.0
1086.0
1098.0
1053.0
918.0
866.0
817.0
896.0
878.0
844.0
821.0
784.0
960.0
935.0
1035.0
1103.0
1149.0
1138.0
1191.0
1157.0
1182.0
1233.0
1184.0
1129.0
1112.0
1090.0
1100.0
1056.0
913.0
870.0
810.0
901.0
884.0
842.0
821.0
783.0
960.0
931.0
1034.0
1105.0
1149.0
1142.0
1206.0
1164.0
1191.0
1235.0
1187.0
1134.0
1116.0
1092.0
1101.0
1051.0
932.0
