1825.0
1759.0
1609.0
1622.0
1428.0
1360.0
1317.0
1309.0
1309.0
1310.0
1257.0
1164.0
1314.0
1078.0
1511.0
1333.0
1473.0
1677.0
1293.0
1699.0
1759.0
1858.0
1976.0
2061.0
1864.0
1799.0
1597.0
1664.0
1406.0
1388.0
1325.0
1350.0
1337.0
1301.0
1266.0
1151.0
1317.0
1084.0
1473.0
1345.0
1469.0
1681.0
1403.0
1501.0
1766.0
1863.0
1978.0
2061.0
1859.0
1808.0
1600.0
1677.0
1563.0
1418.0
1315.0
1321.0
1340.0
1306.0
1270.0
1152.0
1329.0
1091.0
1520.0
1468.0
1469.0
1472.0
1473.0
1509.0
1908.0
1968.0
1951.0
1898.0
1872.0
1723.0
1652.0
1661.0
1566.0
1422.0
1318.0
1378.0
1389.0
1392.0
1248.0
1160.0
1242.0
1099.0
1545.0
1484.0
1486.0
1495.0
1490.0
1523.0
1931.0
1982.0
1961.0
1909.0
1903.0
1740.0
1664.0
1675.0
1587.0
1432.0
1332.0
1390.0
1397.0
1399.0
1254.0
1170.0
1253.0
1299.0
1577.0
1513.0
1507.0
1513.0
1504.0
1537.0
1945.0
1994.0
1974.0
1927.0
1914.0
1748.0
1675.0
1687.0
1612.0
1447.0
1338.0
1391.0
1401.0
1405.0
1261.0
1171.0
1253.0
1361.0
1626.0
1531.0
1524.0
1532.0
1518.0
1550.0
1965.0
2014.0
1988.0
1940.0
1928.0
1756.0
1683.0
1698.0
1620.0
1449.0
1347.0
1398.0
1410.0
1415.0
1269.0
1178.0
1262.0
1443.0
1690.0
1519.0
1543.0
1543.0
1380.0
1555.0
1906.0
1915.0
1977.0
1943.0
1851.0
1870.0
1636.0
1771.0
1498.0
1445.0
1350.0
1361.0
1390.0
1345.0
1284.0
1187.0
1292.0
1494.0
1706.0
1532.0
1547.0
1555.0
1538.0
1574.0
1938.0
1983.0
1988.0
1956.0
1954.0
1767.0
1713.0
1734.0
1632.0
1462.0
1370.0
1438.0
1428.0
1428.0
1268.0
1196.0
1300.0
1529.0
1732.0
1534.0
1553.0
1561.0
1543.0
1578.0
2049.0
1986.0
1987.0
1957.0
1960.0
1767.0
1719.0
1741.0
1634.0
1464.0
1377.0
1444.0
1433.0
1430.0
1274.0
1203.0
1309.0
1540.0
1734.0
1530.0
1677.0
1571.0
1544.0
1737.0
2068.0
1925.0
1982.0
1957.0
1966.0
1771.0
1726.0
1826.0
1643.0
1466.0
1421.0
1457.0
1445.0
1347.0
1298.0
1188.0
1387.0
1549.0
1785.0
1486.0
1714.0
1663.0
1441.0
1754.0
2031.0
1936.0
1980.0
2168.0
1840.0
1769.0
1651.0
1832.0
1656.0
1459.0
1433.0
1383.0
1447.0
1354.0
1296.0
1201.0
1397.0
1580.0
1815.0
1475.0
1735.0
1671.0
1442.0
1782.0
2043.0
1950.0
1980.0
2175.0
1846.0
1915.0
1678.0
1858.0
1542.0
1474.0
1442.0
1400.0
1472.0
1354.0
1313.0
1202.0
1407.0
1694.0
1792.0
1494.0
1782.0
1634.0
1511.0
1757.0
2089.0
1965.0
1959.0
2204.0
1822.0
1936.0
1692.0
1863.0
1570.0
1472.0
1470.0
1405.0
1479.0
1376.0
1308.0
1224.0
1409.0
1806.0
1776.0
1498.0
1831.0
1581.0
1582.0
1728.0
2142.0
1974.0
1939.0
2243.0
1800.0
1959.0
1708.0
1863.0
1606.0
1463.0
