1854.0
1751.0
1605.0
1633.0
1442.0
1342.0
1283.0
1321.0
1314.0
1319.0
1229.0
1136.0
1283.0
1095.0
1566.0
1342.0
1466.0
1618.0
1328.0
1657.0
1932.0
1937.0
2022.0
2071.0
1892.0
1787.0
1600.0
1670.0
1430.0
1370.0
1291.0
1355.0
1334.0
1315.0
1239.0
1128.0
1288.0
1100.0
1545.0
1356.0
1468.0
1623.0
1406.0
1504.0
1951.0
1943.0
2029.0
2073.0
1892.0
1796.0
1605.0
1683.0
1548.0
1388.0
1286.0
1336.0
1339.0
1320.0
1242.0
1132.0
1298.0
1108.0
1578.0
1447.0
1466.0
1463.0
1462.0
1510.0
2050.0
2026.0
2005.0
1937.0
1909.0
1726.0
1651.0
1671.0
1554.0
1394.0
1292.0
1377.0
1372.0
1381.0
1222.0
1141.0
1243.0
1120.0
1616.0
1467.0
1483.0
1491.0
1481.0
1524.0
2075.0
2043.0
2018.0
1952.0
1949.0
1747.0
1664.0
1689.0
1579.0
1405.0
1305.0
1387.0
1383.0
1389.0
1230.0
1152.0
1253.0
1289.0
1646.0
1499.0
1506.0
1509.0
1499.0
1540.0
2091.0
2057.0
2034.0
1974.0
1963.0
1759.0
1679.0
1705.0
1608.0
1421.0
1315.0
1394.0
1390.0
1400.0
1237.0
1156.0
1257.0
1367.0
1692.0
1520.0
1526.0
1532.0
1514.0
1557.0
2116.0
2082.0
2053.0
1990.0
1981.0
1767.0
1689.0
1717.0
1617.0
1426.0
1323.0
1401.0
1400.0
1410.0
1244.0
1162.0
1265.0
1467.0
1755.0
1517.0
1547.0
1544.0
1423.0
1572.0
2085.0
2010.0
2054.0
2000.0
1925.0
1870.0
1654.0
1780.0
1527.0
1431.0
1325.0
1378.0
1393.0
1366.0
1262.0
1169.0
1291.0
1531.0
1776.0
1532.0
1552.0
1558.0
1538.0
1584.0
2116.0
2065.0
2063.0
2017.0
2014.0
1783.0
1722.0
1752.0
1630.0
1437.0
1344.0
1433.0
1420.0
1423.0
1248.0
1182.0
1297.0
1572.0
1799.0
1537.0
1560.0
1566.0
1543.0
1590.0
2199.0
2071.0
2066.0
2019.0
2022.0
1783.0
1727.0
1760.0
1634.0
1440.0
1348.0
1439.0
1426.0
1428.0
1252.0
1184.0
1306.0
1584.0
1806.0
1536.0
1655.0
1570.0
1546.0
1714.0
2213.0
2028.0
2068.0
2022.0
2030.0
1790.0
1735.0
1829.0
1642.0
1444.0
1383.0
1449.0
1438.0
1374.0
1278.0
1174.0
1366.0
1623.0
1869.0
1509.0
1693.0
1646.0
1479.0
1741.0
2194.0
2045.0
2071.0
2208.0
1936.0
1798.0
1683.0
1842.0
1655.0
1442.0
1395.0
1404.0
1448.0
1384.0
1278.0
1187.0
1378.0
1656.0
1908.0
1508.0
1717.0
1657.0
1486.0
1768.0
2210.0
2060.0
2075.0
2219.0
1946.0
1923.0
1706.0
1871.0
1578.0
1465.0
1406.0
1418.0
1472.0
1387.0
1294.0
1193.0
1388.0
1785.0
1906.0
1530.0
1759.0
1632.0
1544.0
1750.0
2251.0
2080.0
2063.0
2250.0
1934.0
1945.0
1725.0
1879.0
1604.0
1464.0
1434.0
1425.0
1480.0
1405.0
1294.0
1211.0
1391.0
1907.0
1901.0
1539.0
1805.0
1598.0
1600.0
1730.0
2298.0
2094.0
2053.0
2291.0
1920.0
1969.0
1742.0
1884.0
1632.0
1461.0
