1976.0
1789.0
1661.0
1655.0
1534.0
1431.0
1377.0
1359.0
1391.0
1482.0
1440.0
1332.0
1276.0
1211.0
1508.0
1644.0
1764.0
1803.0
1531.0
1675.0
1580.0
1960.0
2057.0
2220.0
2026.0
1823.0
1668.0
1680.0
1528.0
1433.0
1367.0
1415.0
1418.0
1464.0
1451.0
1256.0
1285.0
1200.0
1514.0
1646.0
1748.0
1823.0
1657.0
1544.0
1548.0
1936.0
2076.0
2224.0
2050.0
1826.0
1685.0
1675.0
1653.0
1528.0
1389.0
1335.0
1383.0
1482.0
1457.0
1319.0
1306.0
1211.0
1511.0
1749.0
1819.0
1668.0
1555.0
1620.0
1713.0
2047.0
2069.0
2080.0
1959.0
1804.0
1695.0
1696.0
1654.0
1513.0
1387.0
1412.0
1446.0
1588.0
1478.0
1295.0
1261.0
1213.0
1551.0
1824.0
1845.0
1730.0
1623.0
1614.0
1680.0
2075.0
2081.0
2104.0
1978.0
1853.0
1721.0
1704.0
1637.0
1571.0
1416.0
1362.0
1460.0
1541.0
1495.0
1303.0
1229.0
1383.0
1639.0
1860.0
1868.0
1708.0
1629.0
1613.0
1699.0
2027.0
2092.0
2110.0
1981.0
1830.0
1758.0
1701.0
1693.0
1553.0
1438.0
1421.0
1434.0
1577.0
1530.0
1334.0
1303.0
1433.0
1746.0
1878.0
1803.0
1669.0
1603.0
1613.0
1723.0
2073.0
2081.0
2110.0
2004.0
1837.0
1714.0
1699.0
1715.0
1562.0
1401.0
1424.0
1460.0
1591.0
1509.0
1289.0
1313.0
1484.0
1808.0
1892.0
1830.0
1729.0
1506.0
1574.0
1720.0
2010.0
2061.0
2115.0
1933.0
1949.0
1791.0
1802.0
1650.0
1609.0
1464.0
1442.0
1472.0
1555.0
1518.0
1398.0
1303.0
1540.0
1835.0
1910.0
1872.0
1694.0
1618.0
1639.0
1717.0
2028.0
2095.0
2123.0
2035.0
1899.0
1804.0
1757.0
1756.0
1616.0
1469.0
1422.0
1491.0
1613.0
1464.0
1359.0
1348.0
1538.0
1847.0
1912.0
1853.0
1716.0
1619.0
1674.0
1771.0
2095.0
2091.0
2130.0
2048.0
1868.0
1829.0
1771.0
1748.0
1584.0
1442.0
1475.0
1554.0
1636.0
1526.0
1314.0
1347.0
1548.0
1839.0
1925.0
1948.0
1778.0
1650.0
1751.0
1819.0
2032.0
2021.0
2122.0
2050.0
1901.0
1830.0
1840.0
1763.0
1619.0
1498.0
1486.0
1547.0
1556.0
1543.0
1406.0
1409.0
1575.0
1883.0
1915.0
1916.0
1831.0
1586.0
1719.0
1785.0
2035.0
2027.0
2262.0
2036.0
1835.0
1755.0
1854.0
1830.0
1635.0
1510.0
1442.0
1525.0
1622.0
1531.0
1391.0
1410.0
1604.0
1879.0
1868.0
1945.0
1824.0
1604.0
1765.0
1825.0
2036.0
2034.0
2263.0
2026.0
1982.0
1797.0
1875.0
1734.0
1588.0
1531.0
1524.0
1557.0
1603.0
1553.0
1412.0
1389.0
1621.0
1910.0
1868.0
1966.0
1834.0
1642.0
1732.0
1842.0
2044.0
2009.0
2249.0
2043.0
1971.0
1829.0
1896.0
1746.0
1595.0
1585.0
1533.0
1593.0
1593.0
1509.0
1375.0
1419.0
1714.0
1943.0
1874.0
2002.0
1843.0
1663.0
1740.0
1860.0
2027.0
2036.0
2266.0
2000.0
1981.0
1853.0
1911.0
1783.0
1603.0
