261.0
261.0
261.0
261.0
261.0
269.0
258.0
260.0
260.0
261.0
260.0
261.0
261.0
261.0
269.0
257.0
260.0
260.0
260.0
260.0
260.0
260.0
260.0
260.0
269.0
258.0
260.0
260.0
260.0
260.0
260.0
260.0
260.0
265.0
258.0
259.0
260.0
260.0
260.0
260.0
260.0
260.0
260.0
264.0
258.0
259.0
260.0
260.0
261.0
260.0
260.0
259.0
260.0
260.0
260.0
260.0
260.0
260.0
260.0
260.0
260.0
259.0
269.0
258.0
259.0
260.0
270.0
257.0
259.0
259.0
259.0
269.0
256.0
258.0
260.0
261.0
257.0
258.0
258.0
258.0
266.0
255.0
258.0
258.0
258.0
258.0
258.0
258.0
259.0
258.0
266.0
255.0
257.0
257.0
258.0
258.0
258.0
257.0
258.0
266.0
255.0
253.0
253.0
253.0
252.0
252.0
256.0
257.0
257.0
257.0
251.0
252.0
252.0
252.0
252.0
252.0
252.0
252.0
251.0
252.0
258.0
250.0
251.0
252.0
252.0
252.0
252.0
252.0
252.0
252.0
251.0
252.0
252.0
252.0
251.0
252.0
257.0
250.0
250.0
252.0
251.0
251.0
252.0
251.0
251.0
251.0
251.0
251.0
250.0
251.0
250.0
253.0
250.0
287.0
261.0
251.0
257.0
259.0
259.0
258.0
260.0
259.0
259.0
259.0
259.0
259.0
259.0
259.0
259.0
259.0
258.0
260.0
260.0
258.0
268.0
257.0
259.0
259.0
259.0
259.0
258.0
260.0
260.0
259.0
260.0
259.0
259.0
259.0
259.0
259.0
259.0
271.0
257.0
258.0
259.0
259.0
259.0
259.0
259.0
259.0
259.0
259.0
266.0
260.0
262.0
259.0
262.0
259.0
287.0
295.0
279.0
269.0
266.0
263.0
259.0
255.0
263.0
258.0
265.0
265.0
264.0
263.0
263.0
264.0
281.0
264.0
268.0
267.0
267.0
266.0
265.0
263.0
264.0
263.0
263.0
263.0
262.0
262.0
262.0
262.0
279.0
262.0
265.0
265.0
265.0
264.0
263.0
263.0
263.0
262.0
262.0
261.0
262.0
263.0
260.0
262.0
261.0
278.0
261.0
264.0
265.0
265.0
264.0
263.0
262.0
262.0
262.0
261.0
261.0
260.0
260.0
260.0
260.0
260.0
277.0
259.0
263.0
262.0
263.0
262.0
261.0
261.0
261.0
260.0
259.0
259.0
259.0
257.0
259.0
256.0
261.0
273.0
260.0
261.0
261.0
262.0
261.0
260.0
261.0
260.0
260.0
259.0
259.0
257.0
258.0
257.0
257.0
272.0
257.0
260.0
262.0
261.0
260.0
260.0
258.0
259.0
258.0
258.0
258.0
257.0
260.0
257.0
259.0
271.0
258.0
260.0
263.0
265.0
264.0
263.0
260.0
262.0
260.0
260.0
260.0
259.0
260.0
257.0
259.0
258.0
287.0
305.0
