254.0
254.0
254.0
254.0
255.0
268.0
248.0
249.0
255.0
254.0
255.0
253.0
254.0
253.0
268.0
246.0
249.0
255.0
254.0
254.0
254.0
253.0
253.0
253.0
268.0
247.0
248.0
255.0
254.0
254.0
253.0
253.0
253.0
261.0
247.0
250.0
253.0
252.0
253.0
254.0
253.0
252.0
252.0
259.0
249.0
249.0
254.0
253.0
253.0
252.0
252.0
250.0
254.0
253.0
253.0
252.0
253.0
252.0
252.0
252.0
252.0
251.0
269.0
249.0
249.0
254.0
269.0
248.0
250.0
254.0
252.0
269.0
248.0
246.0
255.0
255.0
248.0
249.0
252.0
250.0
266.0
246.0
247.0
252.0
250.0
250.0
250.0
250.0
252.0
249.0
264.0
246.0
246.0
251.0
250.0
250.0
249.0
250.0
250.0
266.0
246.0
233.0
235.0
234.0
234.0
234.0
246.0
252.0
250.0
246.0
231.0
233.0
234.0
234.0
234.0
235.0
232.0
234.0
233.0
234.0
251.0
235.0
232.0
236.0
234.0
235.0
234.0
233.0
234.0
236.0
232.0
234.0
236.0
234.0
232.0
236.0
248.0
235.0
230.0
236.0
232.0
233.0
234.0
234.0
234.0
232.0
233.0
234.0
231.0
234.0
232.0
241.0
231.0
296.0
270.0
239.0
246.0
258.0
252.0
252.0
253.0
253.0
252.0
251.0
252.0
251.0
251.0
251.0
251.0
251.0
249.0
254.0
253.0
249.0
268.0
247.0
247.0
252.0
252.0
252.0
250.0
253.0
252.0
249.0
252.0
252.0
251.0
251.0
251.0
251.0
252.0
272.0
247.0
246.0
253.0
252.0
252.0
251.0
251.0
252.0
251.0
251.0
265.0
258.0
259.0
251.0
259.0
255.0
309.0
315.0
307.0
285.0
269.0
258.0
251.0
246.0
268.0
263.0
254.0
263.0
256.0
255.0
256.0
257.0
287.0
264.0
261.0
270.0
266.0
261.0
260.0
255.0
255.0
255.0
253.0
252.0
250.0
252.0
251.0
250.0
283.0
260.0
257.0
266.0
261.0
257.0
257.0
255.0
252.0
253.0
253.0
250.0
252.0
253.0
247.0
251.0
250.0
280.0
260.0
255.0
266.0
262.0
258.0
256.0
254.0
253.0
253.0
251.0
250.0
249.0
249.0
248.0
247.0
247.0
276.0
255.0
253.0
259.0
257.0
254.0
252.0
252.0
249.0
250.0
246.0
246.0
245.0
243.0
246.0
241.0
248.0
270.0
254.0
252.0
258.0
257.0
254.0
252.0
251.0
248.0
248.0
245.0
246.0
242.0
244.0
243.0
241.0
270.0
252.0
249.0
258.0
255.0
251.0
251.0
247.0
247.0
245.0
244.0
244.0
243.0
253.0
246.0
247.0
268.0
255.0
252.0
261.0
266.0
261.0
258.0
251.0
258.0
255.0
251.0
251.0
250.0
250.0
245.0
249.0
272.0
316.0
331.0
