263.0
263.0
263.0
262.0
262.0
262.0
262.0
262.0
261.0
262.0
262.0
262.0
262.0
262.0
263.0
263.0
264.0
261.0
262.0
262.0
262.0
262.0
261.0
261.0
262.0
262.0
263.0
261.0
262.0
262.0
262.0
262.0
261.0
262.0
262.0
262.0
261.0
262.0
262.0
262.0
262.0
262.0
261.0
261.0
262.0
262.0
263.0
262.0
262.0
262.0
262.0
262.0
262.0
261.0
262.0
261.0
261.0
261.0
262.0
261.0
261.0
262.0
262.0
263.0
264.0
261.0
264.0
264.0
262.0
261.0
262.0
263.0
262.0
262.0
260.0
262.0
263.0
261.0
261.0
262.0
262.0
262.0
262.0
261.0
262.0
261.0
261.0
261.0
261.0
261.0
262.0
261.0
261.0
261.0
262.0
261.0
261.0
261.0
261.0
262.0
261.0
266.0
266.0
269.0
269.0
269.0
264.0
264.0
260.0
266.0
267.0
270.0
269.0
270.0
270.0
271.0
270.0
270.0
270.0
270.0
268.0
269.0
269.0
268.0
269.0
269.0
269.0
269.0
269.0
271.0
270.0
270.0
271.0
272.0
271.0
271.0
269.0
271.0
271.0
269.0
271.0
270.0
270.0
270.0
270.0
270.0
271.0
271.0
271.0
272.0
271.0
272.0
271.0
280.0
271.0
270.0
267.0
265.0
262.0
262.0
261.0
261.0
262.0
262.0
261.0
261.0
261.0
261.0
262.0
261.0
261.0
261.0
261.0
262.0
262.0
262.0
262.0
260.0
262.0
262.0
261.0
262.0
261.0
262.0
261.0
261.0
261.0
261.0
261.0
261.0
260.0
262.0
263.0
262.0
261.0
262.0
262.0
261.0
261.0
261.0
261.0
261.0
272.0
263.0
263.0
263.0
269.0
263.0
282.0
291.0
294.0
284.0
275.0
273.0
272.0
273.0
275.0
275.0
270.0
272.0
270.0
266.0
265.0
264.0
271.0
271.0
268.0
262.0
266.0
264.0
263.0
264.0
264.0
263.0
263.0
263.0
263.0
264.0
264.0
263.0
267.0
268.0
267.0
262.0
265.0
263.0
262.0
264.0
263.0
261.0
263.0
263.0
263.0
263.0
264.0
263.0
263.0
267.0
267.0
267.0
263.0
264.0
264.0
262.0
263.0
262.0
263.0
262.0
264.0
263.0
263.0
263.0
264.0
264.0
266.0
266.0
266.0
261.0
264.0
263.0
262.0
264.0
263.0
263.0
263.0
264.0
264.0
264.0
264.0
265.0
266.0
267.0
266.0
264.0
261.0
263.0
263.0
262.0
265.0
263.0
263.0
264.0
263.0
264.0
264.0
266.0
265.0
266.0
266.0
264.0
261.0
263.0
263.0
262.0
263.0
263.0
264.0
264.0
264.0
264.0
270.0
265.0
266.0
266.0
266.0
263.0
266.0
273.0
265.0
266.0
267.0
270.0
267.0
267.0
268.0
269.0
268.0
269.0
271.0
270.0
285.0
308.0
