258.0
258.0
259.0
258.0
258.0
264.0
256.0
258.0
257.0
257.0
257.0
257.0
257.0
257.0
264.0
256.0
258.0
257.0
257.0
257.0
257.0
255.0
255.0
256.0
265.0
256.0
257.0
256.0
256.0
256.0
256.0
256.0
256.0
260.0
255.0
256.0
257.0
256.0
256.0
256.0
256.0
255.0
255.0
260.0
255.0
255.0
258.0
256.0
257.0
256.0
256.0
255.0
256.0
256.0
255.0
257.0
256.0
256.0
256.0
257.0
256.0
255.0
263.0
255.0
257.0
256.0
265.0
256.0
256.0
255.0
254.0
262.0
252.0
254.0
255.0
256.0
254.0
252.0
254.0
253.0
259.0
251.0
253.0
252.0
251.0
253.0
252.0
251.0
254.0
252.0
258.0
251.0
252.0
250.0
251.0
251.0
251.0
251.0
251.0
259.0
250.0
245.0
245.0
244.0
244.0
244.0
250.0
251.0
250.0
248.0
244.0
246.0
244.0
244.0
244.0
245.0
244.0
243.0
243.0
245.0
251.0
245.0
244.0
244.0
244.0
244.0
243.0
243.0
244.0
245.0
243.0
243.0
244.0
245.0
243.0
245.0
251.0
243.0
242.0
244.0
243.0
242.0
242.0
243.0
242.0
241.0
242.0
242.0
242.0
242.0
242.0
245.0
242.0
257.0
249.0
237.0
254.0
254.0
256.0
255.0
256.0
255.0
255.0
255.0
255.0
254.0
254.0
254.0
254.0
255.0
253.0
254.0
255.0
254.0
262.0
254.0
255.0
254.0
254.0
255.0
254.0
256.0
255.0
254.0
254.0
256.0
255.0
254.0
255.0
254.0
255.0
265.0
253.0
254.0
253.0
254.0
255.0
253.0
254.0
253.0
254.0
255.0
261.0
255.0
258.0
255.0
259.0
256.0
261.0
278.0
271.0
276.0
267.0
261.0
255.0
253.0
264.0
255.0
269.0
268.0
264.0
264.0
264.0
263.0
278.0
267.0
266.0
265.0
264.0
264.0
264.0
263.0
263.0
262.0
262.0
263.0
261.0
261.0
261.0
262.0
276.0
263.0
265.0
263.0
262.0
262.0
262.0
261.0
262.0
260.0
261.0
261.0
262.0
262.0
261.0
261.0
260.0
275.0
263.0
263.0
263.0
263.0
262.0
262.0
261.0
260.0
260.0
259.0
257.0
258.0
259.0
258.0
258.0
258.0
272.0
261.0
261.0
260.0
260.0
259.0
258.0
260.0
259.0
259.0
256.0
259.0
258.0
255.0
256.0
254.0
259.0
271.0
261.0
262.0
260.0
259.0
258.0
258.0
258.0
257.0
258.0
256.0
256.0
255.0
255.0
254.0
254.0
269.0
260.0
258.0
259.0
257.0
257.0
257.0
256.0
256.0
254.0
255.0
254.0
254.0
258.0
254.0
256.0
268.0
258.0
256.0
261.0
262.0
260.0
261.0
257.0
261.0
259.0
259.0
258.0
258.0
258.0
256.0
257.0
252.0
270.0
299.0
