247.0
247.0
247.0
246.0
247.0
253.0
249.0
244.0
246.0
246.0
246.0
246.0
246.0
246.0
254.0
248.0
244.0
246.0
247.0
246.0
245.0
245.0
245.0
244.0
253.0
248.0
244.0
245.0
246.0
245.0
245.0
245.0
245.0
249.0
246.0
244.0
244.0
245.0
245.0
244.0
244.0
244.0
244.0
247.0
246.0
243.0
245.0
245.0
246.0
244.0
244.0
243.0
243.0
244.0
244.0
244.0
244.0
244.0
245.0
245.0
245.0
244.0
252.0
249.0
244.0
245.0
254.0
249.0
243.0
243.0
243.0
254.0
248.0
241.0
244.0
247.0
244.0
241.0
242.0
241.0
249.0
244.0
239.0
241.0
241.0
241.0
241.0
240.0
242.0
241.0
249.0
244.0
239.0
239.0
240.0
240.0
240.0
240.0
240.0
250.0
244.0
228.0
224.0
223.0
221.0
220.0
231.0
236.0
237.0
230.0
226.0
223.0
221.0
221.0
220.0
221.0
220.0
219.0
218.0
220.0
227.0
225.0
221.0
221.0
221.0
221.0
220.0
220.0
219.0
221.0
219.0
219.0
220.0
221.0
220.0
220.0
226.0
226.0
218.0
220.0
220.0
219.0
219.0
219.0
217.0
217.0
217.0
218.0
217.0
218.0
217.0
220.0
218.0
267.0
255.0
224.0
238.0
240.0
241.0
242.0
244.0
243.0
244.0
244.0
243.0
243.0
243.0
243.0
243.0
243.0
242.0
243.0
244.0
243.0
251.0
247.0
242.0
243.0
243.0
243.0
243.0
242.0
244.0
243.0
243.0
243.0
243.0
243.0
243.0
243.0
243.0
255.0
248.0
241.0
243.0
243.0
242.0
243.0
242.0
242.0
242.0
242.0
254.0
247.0
250.0
243.0
249.0
245.0
276.0
300.0
288.0
284.0
263.0
253.0
240.0
236.0
254.0
245.0
247.0
252.0
247.0
248.0
248.0
248.0
268.0
268.0
263.0
263.0
261.0
258.0
256.0
252.0
250.0
249.0
248.0
247.0
245.0
244.0
244.0
244.0
263.0
262.0
256.0
256.0
255.0
253.0
251.0
249.0
247.0
245.0
245.0
244.0
245.0
245.0
244.0
243.0
243.0
262.0
261.0
255.0
256.0
255.0
254.0
251.0
248.0
247.0
246.0
244.0
243.0
242.0
241.0
240.0
240.0
239.0
258.0
257.0
252.0
252.0
250.0
248.0
246.0
245.0
243.0
242.0
239.0
238.0
238.0
235.0
234.0
232.0
234.0
253.0
254.0
249.0
250.0
249.0
247.0
245.0
244.0
241.0
241.0
238.0
237.0
235.0
232.0
231.0
231.0
251.0
250.0
245.0
248.0
248.0
244.0
243.0
240.0
238.0
237.0
235.0
234.0
234.0
240.0
236.0
238.0
250.0
251.0
245.0
251.0
257.0
252.0
251.0
243.0
249.0
247.0
245.0
242.0
241.0
241.0
239.0
238.0
259.0
282.0
303.0
