265.0
263.0
257.0
254.0
257.0
268.0
245.0
258.0
259.0
263.0
260.0
257.0
255.0
256.0
268.0
243.0
260.0
259.0
263.0
260.0
256.0
254.0
256.0
253.0
270.0
243.0
255.0
259.0
263.0
261.0
256.0
254.0
256.0
262.0
247.0
256.0
257.0
258.0
257.0
255.0
254.0
254.0
253.0
261.0
247.0
254.0
258.0
257.0
257.0
254.0
253.0
253.0
257.0
253.0
253.0
253.0
253.0
253.0
255.0
254.0
254.0
252.0
270.0
243.0
256.0
257.0
276.0
247.0
256.0
256.0
262.0
275.0
243.0
254.0
259.0
262.0
254.0
254.0
253.0
256.0
269.0
240.0
256.0
252.0
255.0
253.0
251.0
249.0
253.0
246.0
266.0
241.0
250.0
253.0
256.0
254.0
250.0
248.0
250.0
267.0
238.0
239.0
238.0
240.0
243.0
239.0
248.0
256.0
252.0
240.0
224.0
236.0
243.0
240.0
239.0
238.0
238.0
238.0
236.0
238.0
250.0
232.0
239.0
242.0
240.0
239.0
237.0
236.0
238.0
237.0
238.0
237.0
238.0
239.0
238.0
240.0
247.0
231.0
239.0
241.0
238.0
241.0
236.0
236.0
237.0
234.0
234.0
238.0
236.0
237.0
238.0
242.0
240.0
278.0
270.0
243.0
247.0
278.0
249.0
241.0
247.0
254.0
250.0
246.0
252.0
251.0
248.0
249.0
251.0
251.0
248.0
255.0
253.0
250.0
268.0
241.0
252.0
255.0
258.0
257.0
252.0
253.0
254.0
250.0
254.0
253.0
252.0
251.0
251.0
253.0
253.0
272.0
240.0
253.0
256.0
261.0
257.0
254.0
252.0
253.0
251.0
253.0
267.0
255.0
255.0
252.0
263.0
258.0
278.0
298.0
290.0
295.0
295.0
271.0
268.0
251.0
272.0
255.0
261.0
254.0
270.0
258.0
264.0
250.0
274.0
253.0
268.0
271.0
270.0
268.0
267.0
258.0
261.0
256.0
262.0
259.0
255.0
255.0
256.0
257.0
281.0
253.0
267.0
269.0
270.0
265.0
264.0
259.0
260.0
254.0
261.0
258.0
255.0
257.0
252.0
259.0
256.0
282.0
254.0
264.0
270.0
271.0
264.0
264.0
257.0
260.0
256.0
258.0
257.0
254.0
253.0
254.0
255.0
254.0
278.0
251.0
264.0
265.0
266.0
260.0
259.0
257.0
256.0
252.0
255.0
254.0
252.0
249.0
252.0
247.0
255.0
270.0
251.0
260.0
264.0
264.0
261.0
259.0
257.0
254.0
252.0
254.0
252.0
249.0
250.0
248.0
247.0
273.0
248.0
257.0
264.0
261.0
258.0
258.0
251.0
254.0
248.0
250.0
251.0
247.0
255.0
251.0
252.0
272.0
250.0
260.0
268.0
266.0
262.0
261.0
255.0
262.0
263.0
254.0
252.0
252.0
254.0
251.0
252.0
273.0
273.0
306.0
