260.0
260.0
260.0
260.0
260.0
268.0
257.0
259.0
260.0
260.0
260.0
260.0
260.0
260.0
268.0
257.0
259.0
260.0
260.0
260.0
260.0
260.0
260.0
260.0
268.0
257.0
258.0
260.0
259.0
260.0
259.0
260.0
260.0
264.0
257.0
259.0
259.0
259.0
259.0
259.0
259.0
259.0
259.0
262.0
258.0
259.0
260.0
259.0
259.0
259.0
259.0
259.0
260.0
259.0
259.0
259.0
259.0
259.0
260.0
259.0
259.0
259.0
268.0
257.0
259.0
259.0
267.0
257.0
258.0
259.0
259.0
268.0
256.0
257.0
260.0
260.0
256.0
257.0
258.0
257.0
265.0
255.0
258.0
258.0
257.0
258.0
257.0
257.0
258.0
257.0
264.0
255.0
257.0
257.0
257.0
257.0
257.0
257.0
257.0
265.0
255.0
250.0
249.0
248.0
248.0
248.0
256.0
257.0
257.0
253.0
247.0
248.0
248.0
248.0
248.0
248.0
247.0
247.0
247.0
248.0
255.0
247.0
248.0
249.0
248.0
248.0
248.0
247.0
247.0
248.0
247.0
247.0
247.0
247.0
246.0
247.0
254.0
246.0
246.0
248.0
247.0
247.0
247.0
247.0
246.0
246.0
246.0
246.0
246.0
246.0
246.0
247.0
245.0
281.0
257.0
247.0
257.0
259.0
259.0
258.0
259.0
259.0
259.0
259.0
259.0
258.0
259.0
259.0
259.0
259.0
258.0
259.0
259.0
258.0
267.0
257.0
258.0
258.0
258.0
259.0
258.0
259.0
259.0
258.0
259.0
259.0
259.0
259.0
259.0
259.0
259.0
270.0
256.0
258.0
258.0
258.0
258.0
258.0
258.0
258.0
258.0
258.0
265.0
260.0
260.0
258.0
262.0
259.0
285.0
287.0
282.0
269.0
262.0
260.0
255.0
251.0
264.0
256.0
262.0
263.0
262.0
262.0
261.0
262.0
282.0
266.0
267.0
267.0
266.0
265.0
264.0
262.0
263.0
262.0
261.0
261.0
260.0
260.0
260.0
259.0
279.0
263.0
265.0
265.0
263.0
263.0
262.0
261.0
261.0
260.0
260.0
260.0
260.0
261.0
258.0
260.0
259.0
278.0
263.0
263.0
265.0
264.0
263.0
262.0
261.0
261.0
260.0
259.0
259.0
258.0
258.0
258.0
257.0
257.0
276.0
261.0
263.0
262.0
261.0
261.0
259.0
259.0
258.0
258.0
257.0
257.0
256.0
255.0
256.0
253.0
257.0
271.0
260.0
261.0
261.0
261.0
260.0
259.0
259.0
258.0
257.0
257.0
256.0
254.0
254.0
254.0
253.0
271.0
258.0
260.0
262.0
260.0
259.0
259.0
256.0
256.0
256.0
255.0
255.0
255.0
258.0
255.0
255.0
269.0
259.0
260.0
263.0
265.0
261.0
260.0
258.0
261.0
259.0
258.0
257.0
256.0
257.0
254.0
256.0
263.0
290.0
314.0
