260.0
261.0
261.0
260.0
262.0
272.0
255.0
260.0
261.0
260.0
261.0
261.0
261.0
261.0
273.0
254.0
260.0
262.0
261.0
261.0
261.0
261.0
261.0
261.0
273.0
255.0
259.0
261.0
261.0
261.0
261.0
261.0
261.0
267.0
257.0
259.0
261.0
260.0
261.0
261.0
261.0
260.0
260.0
266.0
256.0
260.0
262.0
262.0
262.0
261.0
261.0
260.0
262.0
260.0
260.0
260.0
261.0
260.0
261.0
259.0
260.0
259.0
275.0
256.0
260.0
262.0
275.0
256.0
261.0
263.0
260.0
277.0
255.0
260.0
263.0
262.0
258.0
261.0
262.0
259.0
274.0
254.0
261.0
261.0
260.0
260.0
261.0
260.0
262.0
259.0
273.0
255.0
260.0
261.0
261.0
260.0
260.0
261.0
260.0
275.0
255.0
250.0
249.0
248.0
249.0
248.0
258.0
261.0
261.0
257.0
245.0
249.0
250.0
249.0
248.0
248.0
248.0
247.0
247.0
249.0
263.0
247.0
251.0
251.0
249.0
249.0
249.0
248.0
248.0
248.0
249.0
248.0
248.0
249.0
249.0
247.0
262.0
246.0
250.0
251.0
248.0
249.0
248.0
247.0
248.0
246.0
247.0
247.0
247.0
246.0
246.0
248.0
248.0
284.0
270.0
248.0
258.0
261.0
261.0
260.0
262.0
260.0
261.0
261.0
260.0
260.0
260.0
260.0
260.0
261.0
259.0
262.0
260.0
259.0
274.0
254.0
259.0
261.0
260.0
260.0
259.0
261.0
260.0
260.0
261.0
260.0
260.0
260.0
260.0
260.0
260.0
277.0
255.0
260.0
260.0
260.0
260.0
260.0
260.0
260.0
260.0
260.0
270.0
268.0
268.0
260.0
266.0
264.0
290.0
299.0
288.0
286.0
283.0
275.0
262.0
258.0
271.0
264.0
274.0
270.0
263.0
259.0
260.0
259.0
283.0
262.0
266.0
268.0
264.0
264.0
263.0
260.0
260.0
259.0
259.0
257.0
257.0
256.0
256.0
256.0
282.0
260.0
265.0
266.0
261.0
262.0
260.0
259.0
258.0
258.0
257.0
255.0
257.0
258.0
254.0
258.0
255.0
281.0
260.0
264.0
268.0
262.0
263.0
261.0
259.0
259.0
257.0
257.0
257.0
255.0
255.0
255.0
255.0
255.0
280.0
257.0
264.0
263.0
259.0
260.0
258.0
259.0
257.0
257.0
255.0
255.0
254.0
252.0
254.0
249.0
256.0
275.0
258.0
263.0
262.0
260.0
260.0
258.0
258.0
258.0
258.0
254.0
254.0
252.0
253.0
251.0
251.0
276.0
255.0
262.0
264.0
258.0
259.0
259.0
255.0
256.0
254.0
254.0
253.0
253.0
258.0
257.0
258.0
275.0
258.0
263.0
266.0
268.0
270.0
267.0
261.0
266.0
265.0
263.0
261.0
259.0
260.0
257.0
259.0
282.0
292.0
322.0
