261.0
261.0
262.0
261.0
261.0
274.0
254.0
259.0
261.0
260.0
260.0
260.0
260.0
260.0
275.0
253.0
261.0
262.0
260.0
260.0
260.0
260.0
260.0
260.0
275.0
254.0
260.0
261.0
260.0
259.0
260.0
260.0
259.0
268.0
255.0
259.0
260.0
260.0
259.0
259.0
259.0
259.0
259.0
266.0
256.0
258.0
262.0
260.0
260.0
259.0
259.0
258.0
260.0
259.0
259.0
259.0
259.0
259.0
260.0
259.0
260.0
258.0
275.0
255.0
261.0
261.0
275.0
255.0
259.0
260.0
259.0
275.0
252.0
258.0
262.0
261.0
256.0
258.0
258.0
257.0
271.0
251.0
258.0
258.0
258.0
257.0
257.0
257.0
259.0
256.0
269.0
252.0
257.0
257.0
258.0
257.0
257.0
257.0
257.0
271.0
252.0
252.0
250.0
250.0
250.0
250.0
255.0
256.0
256.0
256.0
247.0
251.0
250.0
250.0
250.0
251.0
249.0
249.0
249.0
250.0
258.0
246.0
250.0
250.0
250.0
250.0
250.0
249.0
250.0
251.0
249.0
249.0
251.0
251.0
249.0
250.0
257.0
247.0
249.0
249.0
248.0
249.0
249.0
249.0
249.0
249.0
249.0
250.0
248.0
249.0
248.0
252.0
248.0
272.0
249.0
244.0
255.0
258.0
258.0
258.0
259.0
259.0
259.0
258.0
258.0
258.0
259.0
259.0
258.0
258.0
257.0
260.0
259.0
257.0
274.0
254.0
258.0
259.0
259.0
258.0
258.0
260.0
259.0
257.0
259.0
259.0
259.0
259.0
259.0
259.0
259.0
277.0
253.0
258.0
259.0
259.0
258.0
258.0
258.0
258.0
258.0
258.0
271.0
263.0
261.0
258.0
268.0
261.0
276.0
288.0
274.0
271.0
266.0
266.0
262.0
257.0
267.0
261.0
264.0
265.0
263.0
262.0
262.0
263.0
293.0
263.0
267.0
269.0
267.0
265.0
265.0
262.0
263.0
262.0
262.0
261.0
260.0
261.0
260.0
260.0
289.0
259.0
265.0
266.0
265.0
263.0
263.0
262.0
261.0
259.0
261.0
260.0
260.0
262.0
258.0
261.0
258.0
288.0
259.0
263.0
268.0
266.0
263.0
263.0
262.0
261.0
260.0
259.0
259.0
259.0
258.0
258.0
258.0
258.0
285.0
256.0
263.0
263.0
262.0
261.0
260.0
262.0
259.0
258.0
257.0
257.0
257.0
254.0
257.0
252.0
260.0
278.0
257.0
261.0
262.0
262.0
260.0
259.0
261.0
259.0
258.0
257.0
257.0
254.0
255.0
255.0
253.0
279.0
254.0
260.0
263.0
260.0
259.0
259.0
256.0
257.0
256.0
256.0
255.0
255.0
262.0
257.0
256.0
276.0
256.0
259.0
267.0
271.0
264.0
263.0
262.0
267.0
264.0
261.0
262.0
261.0
261.0
258.0
261.0
264.0
282.0
315.0
