251.0
252.0
252.0
251.0
252.0
269.0
251.0
249.0
251.0
251.0
251.0
251.0
251.0
251.0
271.0
250.0
251.0
253.0
251.0
251.0
251.0
251.0
250.0
250.0
271.0
251.0
250.0
251.0
251.0
251.0
250.0
251.0
250.0
260.0
251.0
249.0
251.0
250.0
251.0
250.0
250.0
250.0
249.0
257.0
250.0
249.0
253.0
251.0
251.0
250.0
250.0
249.0
251.0
250.0
250.0
250.0
250.0
250.0
250.0
250.0
250.0
250.0
270.0
253.0
251.0
251.0
272.0
253.0
249.0
251.0
249.0
272.0
250.0
248.0
253.0
254.0
251.0
248.0
249.0
248.0
264.0
248.0
248.0
249.0
248.0
248.0
248.0
248.0
250.0
248.0
263.0
249.0
247.0
248.0
248.0
248.0
248.0
248.0
248.0
265.0
249.0
247.0
247.0
247.0
247.0
247.0
248.0
249.0
248.0
249.0
246.0
248.0
248.0
247.0
247.0
249.0
247.0
247.0
247.0
247.0
252.0
247.0
247.0
247.0
247.0
247.0
247.0
247.0
247.0
249.0
248.0
247.0
249.0
250.0
248.0
249.0
255.0
248.0
247.0
247.0
247.0
247.0
247.0
247.0
247.0
247.0
247.0
249.0
248.0
248.0
248.0
251.0
249.0
276.0
248.0
247.0
249.0
252.0
250.0
249.0
250.0
250.0
250.0
250.0
249.0
249.0
249.0
249.0
249.0
249.0
248.0
250.0
250.0
249.0
268.0
250.0
248.0
250.0
249.0
250.0
249.0
250.0
250.0
249.0
250.0
250.0
250.0
249.0
250.0
249.0
250.0
274.0
250.0
248.0
250.0
249.0
249.0
249.0
249.0
249.0
249.0
249.0
265.0
254.0
252.0
250.0
260.0
253.0
289.0
290.0
288.0
267.0
258.0
258.0
256.0
255.0
265.0
257.0
258.0
259.0
256.0
254.0
254.0
255.0
289.0
258.0
258.0
260.0
259.0
258.0
256.0
254.0
254.0
254.0
253.0
252.0
251.0
252.0
252.0
251.0
285.0
254.0
255.0
257.0
255.0
255.0
254.0
253.0
252.0
250.0
252.0
252.0
252.0
253.0
250.0
252.0
251.0
284.0
255.0
253.0
258.0
257.0
256.0
254.0
253.0
252.0
252.0
251.0
251.0
251.0
250.0
250.0
250.0
250.0
281.0
252.0
252.0
254.0
253.0
253.0
251.0
253.0
251.0
251.0
250.0
250.0
249.0
248.0
249.0
248.0
252.0
277.0
255.0
251.0
252.0
252.0
252.0
251.0
253.0
251.0
250.0
249.0
249.0
248.0
248.0
249.0
248.0
276.0
251.0
250.0
254.0
251.0
250.0
250.0
249.0
249.0
249.0
248.0
248.0
248.0
257.0
251.0
250.0
272.0
253.0
248.0
260.0
265.0
256.0
255.0
255.0
259.0
257.0
254.0
255.0
254.0
255.0
254.0
256.0
256.0
307.0
319.0
