565.0
576.0
591.0
482.0
518.0
490.0
479.0
505.0
492.0
573.0
562.0
524.0
536.0
616.0
604.0
536.0
485.0
488.0
666.0
438.0
505.0
591.0
508.0
538.0
529.0
539.0
484.0
490.0
452.0
500.0
479.0
535.0
513.0
569.0
485.0
467.0
570.0
624.0
593.0
586.0
497.0
624.0
613.0
610.0
653.0
720.0
901.0
1083.0
945.0
1024.0
1212.0
1228.0
1561.0
1134.0
1283.0
971.0
1139.0
1236.0
607.0
494.0
537.0
580.0
510.0
602.0
524.0
477.0
668.0
496.0
1093.0
619.0
1024.0
953.0
766.0
651.0
733.0
975.0
1081.0
1043.0
932.0
831.0
1136.0
932.0
647.0
709.0
635.0
798.0
682.0
582.0
549.0
614.0
797.0
586.0
591.0
662.0
850.0
903.0
843.0
771.0
994.0
910.0
1020.0
965.0
809.0
801.0
690.0
718.0
557.0
531.0
559.0
501.0
524.0
559.0
582.0
575.0
633.0
767.0
679.0
816.0
633.0
900.0
812.0
877.0
876.0
952.0
1266.0
1333.0
1220.0
854.0
1020.0
676.0
537.0
526.0
557.0
600.0
487.0
470.0
1232.0
553.0
677.0
814.0
614.0
1076.0
