628.0
636.0
477.0
460.0
529.0
434.0
426.0
401.0
401.0
413.0
441.0
421.0
464.0
516.0
400.0
434.0
417.0
439.0
543.0
462.0
448.0
371.0
392.0
381.0
390.0
314.0
328.0
307.0
387.0
380.0
352.0
370.0
362.0
409.0
473.0
360.0
383.0
364.0
381.0
358.0
345.0
324.0
323.0
347.0
323.0
289.0
325.0
322.0
391.0
375.0
479.0
403.0
399.0
419.0
412.0
409.0
370.0
370.0
415.0
395.0
393.0
406.0
439.0
425.0
417.0
402.0
424.0
481.0
484.0
580.0
532.0
492.0
591.0
568.0
501.0
443.0
433.0
388.0
368.0
365.0
392.0
388.0
437.0
495.0
460.0
472.0
522.0
667.0
624.0
627.0
690.0
707.0
718.0
990.0
785.0
644.0
696.0
571.0
509.0
453.0
448.0
423.0
414.0
418.0
402.0
403.0
446.0
419.0
433.0
552.0
1269.0
1015.0
977.0
975.0
1073.0
749.0
659.0
892.0
601.0
631.0
628.0
546.0
438.0
404.0
418.0
419.0
389.0
400.0
402.0
400.0
427.0
404.0
396.0
947.0
792.0
707.0
715.0
774.0
794.0
860.0
1047.0
965.0
1025.0
836.0
680.0
574.0
424.0
353.0
376.0
394.0
390.0
437.0
394.0
372.0
412.0
386.0
407.0
441.0
475.0
520.0
559.0
808.0
865.0
841.0
768.0
1076.0
791.0
771.0
862.0
534.0
408.0
365.0
406.0
393.0
476.0
523.0
460.0
453.0
414.0
405.0
454.0
391.0
393.0
426.0
426.0
391.0
430.0
400.0
405.0
403.0
361.0
375.0
401.0
416.0
447.0
414.0
484.0
1330.0
1291.0
416.0
374.0
400.0
442.0
470.0
361.0
346.0
394.0
360.0
387.0
390.0
371.0
384.0
369.0
411.0
404.0
365.0
359.0
391.0
412.0
358.0
374.0
375.0
360.0
572.0
389.0
359.0
426.0
404.0
386.0
370.0
411.0
402.0
419.0
429.0
414.0
412.0
359.0
678.0
477.0
364.0
546.0
535.0
422.0
482.0
456.0
468.0
546.0
490.0
424.0
446.0
832.0
459.0
489.0
1100.0
919.0
1161.0
1189.0
1165.0
1133.0
1086.0
1135.0
1073.0
1181.0
1113.0
1161.0
652.0
551.0
546.0
484.0
562.0
511.0
599.0
523.0
482.0
579.0
521.0
1035.0
581.0
784.0
1040.0
749.0
1462.0
1432.0
1318.0
1207.0
967.0
1126.0
1142.0
1095.0
940.0
581.0
427.0
482.0
451.0
491.0
495.0
512.0
479.0
496.0
467.0
478.0
477.0
896.0
1160.0
705.0
555.0
975.0
1375.0
1304.0
1026.0
1155.0
972.0
868.0
553.0
439.0
696.0
461.0
418.0
433.0
430.0
538.0
467.0
526.0
486.0
932.0
856.0
956.0
739.0
554.0
571.0
923.0
870.0
939.0
1184.0
1109.0
641.0
624.0
1058.0
520.0
560.0
821.0
513.0
495.0
478.0
480.0
459.0
456.0
468.0
460.0
483.0
410.0
464.0
454.0
437.0
437.0
490.0
466.0
476.0
461.0
463.0
462.0
503.0
484.0
470.0
480.0
639.0
514.0
502.0
433.0
448.0
455.0
457.0
460.0
483.0
495.0
566.0
495.0
583.0
636.0
499.0
518.0
474.0
459.0
460.0
622.0
482.0
618.0
473.0
506.0
480.0
493.0
406.0
446.0
648.0
787.0
517.0
597.0
867.0
1059.0
1186.0
1218.0
1022.0
1132.0
1071.0
1150.0
1719.0
1249.0
1002.0
681.0
564.0
444.0
449.0
474.0
479.0
444.0
432.0
432.0
419.0
514.0
1256.0
1272.0
1021.0
566.0
1214.0
1135.0
1138.0
1164.0
1064.0
1035.0
1377.0
1167.0
1098.0
1203.0
664.0
499.0
474.0
526.0
447.0
441.0
427.0
416.0
407.0
500.0
1166.0
479.0
460.0
465.0
789.0
1050.0
1055.0
836.0
1221.0
971.0
1309.0
1046.0
1089.0
1151.0
1298.0
455.0
429.0
418.0
382.0
374.0
375.0
398.0
407.0
480.0
550.0
404.0
468.0
766.0
415.0
494.0
452.0
860.0
850.0
807.0
804.0
877.0
687.0
560.0
504.0
443.0
435.0
436.0
467.0
461.0
433.0
511.0
429.0
491.0
399.0
547.0
716.0
832.0
966.0
729.0
718.0
766.0
1094.0
1007.0
892.0
864.0
762.0
665.0
449.0
424.0
438.0
481.0
466.0
671.0
487.0
529.0
477.0
547.0
486.0
441.0
455.0
440.0
424.0
472.0
447.0
427.0
494.0
502.0
547.0
494.0
437.0
397.0
445.0
409.0
444.0
458.0
495.0
496.0
430.0
438.0
478.0
531.0
462.0
454.0
442.0
412.0
395.0
415.0
416.0
396.0
381.0
395.0
397.0
390.0
406.0
344.0
336.0
355.0
355.0
393.0
408.0
438.0
399.0
381.0
421.0
427.0
496.0
589.0
768.0
1110.0
656.0
1029.0
1047.0
1035.0
1127.0
1253.0
1359.0
1326.0
1137.0
686.0
581.0
488.0
420.0
595.0
531.0
479.0
569.0
424.0
424.0
515.0
455.0
1065.0
1160.0
484.0
574.0
1100.0
1134.0
1406.0
1274.0
1099.0
988.0
1147.0
671.0
597.0
895.0
483.0
455.0
502.0
568.0
492.0
429.0
431.0
482.0
463.0
398.0
397.0
999.0
1428.0
515.0
1114.0
512.0
1122.0
1145.0
1106.0
1322.0
1012.0
417.0
742.0
529.0
393.0
405.0
451.0
454.0
432.0
435.0
453.0
409.0
513.0
1111.0
567.0
1141.0
1461.0
1226.0
1101.0
1284.0
600.0
593.0
1014.0
1178.0
1059.0
1236.0
1217.0
1077.0
439.0
461.0
554.0
501.0
463.0
440.0
438.0
457.0
541.0
441.0
945.0
1248.0
480.0
1234.0
1037.0
956.0
1119.0
993.0
1145.0
1326.0
1771.0
1198.0
1076.0
453.0
475.0
434.0
739.0
491.0
624.0
495.0
427.0
417.0
432.0
425.0
434.0
363.0
365.0
373.0
361.0
413.0
402.0
469.0
440.0
371.0
414.0
426.0
431.0
392.0
420.0
464.0
585.0
489.0
464.0
485.0
506.0
486.0
508.0
440.0
468.0
487.0
543.0
416.0
458.0
419.0
383.0
425.0
406.0
428.0
450.0
434.0
389.0
408.0
404.0
468.0
399.0
403.0
434.0
417.0
399.0
403.0
459.0
717.0
493.0
915.0
587.0
971.0
1178.0
1123.0
1022.0
1261.0
1481.0
1182.0
1306.0
1000.0
1362.0
659.0
651.0
494.0
498.0
541.0
546.0
516.0
496.0
442.0
572.0
469.0
1183.0
1461.0
998.0
555.0
1361.0
1037.0
1197.0
1535.0
1137.0
1114.0
1280.0
1215.0
1394.0
1163.0
529.0
495.0
534.0
538.0
507.0
727.0
494.0
498.0
531.0
488.0
1205.0
971.0
1095.0
756.0
1234.0
1170.0
1117.0
1346.0
1393.0
1341.0
1286.0
1133.0
1177.0
1293.0
573.0
469.0
492.0
710.0
607.0
660.0
680.0
634.0
1053.0
591.0
854.0
602.0
1298.0
1250.0
1173.0
1110.0
1186.0
972.0
1350.0
1330.0
1381.0
1183.0
1205.0
999.0
567.0
506.0
499.0
476.0
497.0
503.0
495.0
426.0
479.0
577.0
1069.0
1337.0
1081.0
833.0
1324.0
1422.0
1146.0
1093.0
714.0
1239.0
1235.0
1198.0
1208.0
1354.0
532.0
502.0
492.0
548.0
495.0
518.0
505.0
467.0
528.0
498.0
449.0
478.0
468.0
436.0
495.0
426.0
443.0
404.0
476.0
487.0
441.0
479.0
512.0
503.0
543.0
517.0
517.0
504.0
440.0
454.0
446.0
450.0
446.0
511.0
464.0
384.0
353.0
435.0
453.0
385.0
379.0
370.0
367.0
423.0
404.0
393.0
398.0
376.0
383.0
381.0
466.0
414.0
793.0
479.0
454.0
438.0
417.0
510.0
443.0
494.0
1013.0
1130.0
1150.0
1220.0
1002.0
1175.0
1014.0
956.0
1283.0
1283.0
1216.0
1031.0
636.0
586.0
581.0
508.0
575.0
561.0
534.0
424.0
461.0
513.0
770.0
1399.0
1124.0
547.0
1109.0
899.0
1414.0
1182.0
1157.0
639.0
1385.0
1245.0
1260.0
1260.0
1255.0
759.0
654.0
439.0
415.0
387.0
453.0
367.0
374.0
1069.0
553.0
1343.0
637.0
1152.0
1270.0
1522.0
1313.0
1096.0
1410.0
720.0
1220.0
1524.0
1231.0
954.0
1072.0
569.0
488.0
596.0
531.0
485.0
612.0
441.0
412.0
491.0
1177.0
1237.0
560.0
789.0
1097.0
599.0
1245.0
918.0
1272.0
764.0
1365.0
1305.0
947.0
1338.0
1328.0
552.0
790.0
559.0
480.0
530.0
505.0
421.0
412.0
497.0
424.0
377.0
611.0
449.0
465.0
504.0
415.0
472.0
448.0
437.0
484.0
390.0
405.0
384.0
429.0
428.0
421.0
478.0
487.0
490.0
458.0
471.0
441.0
471.0
466.0
414.0
439.0
407.0
407.0
414.0
437.0
458.0
433.0
429.0
433.0
427.0
431.0
406.0
468.0
416.0
514.0
494.0
449.0
394.0
398.0
401.0
351.0
427.0
397.0
377.0
361.0
357.0
366.0
501.0
410.0
375.0
455.0
403.0
352.0
364.0
345.0
381.0
396.0
440.0
509.0
473.0
356.0
401.0
363.0
418.0
401.0
569.0
980.0
901.0
1215.0
1327.0
795.0
822.0
1287.0
1131.0
1418.0
735.0
794.0
1386.0
1386.0
1282.0
1271.0
522.0
518.0
514.0
543.0
635.0
461.0
422.0
464.0
596.0
549.0
857.0
1127.0
1185.0
1242.0
1419.0
647.0
569.0
592.0
1431.0
1392.0
1256.0
1282.0
1114.0
1250.0
784.0
541.0
477.0
504.0
468.0
524.0
488.0
486.0
617.0
460.0
551.0
1202.0
1759.0
1455.0
1225.0
1476.0
1096.0
1446.0
1505.0
1636.0
1383.0
1025.0
1534.0
752.0
873.0
771.0
615.0
566.0
663.0
581.0
675.0
434.0
467.0
524.0
484.0
1069.0
1245.0
1331.0
1254.0
1340.0
1312.0
1548.0
1514.0
1499.0
1524.0
818.0
1014.0
1395.0
1260.0
600.0
583.0
493.0
490.0
480.0
514.0
482.0
969.0
606.0
547.0
486.0
1107.0
1198.0
1297.0
1047.0
1178.0
1193.0
1256.0
1176.0
1243.0
1000.0
1109.0
856.0
533.0
476.0
500.0
455.0
526.0
503.0
480.0
514.0
543.0
474.0
514.0
472.0
514.0
554.0
486.0
492.0
486.0
567.0
796.0
782.0
536.0
495.0
553.0
549.0
509.0
520.0
494.0
411.0
414.0
417.0
366.0
398.0
374.0
357.0
330.0
464.0
493.0
559.0
537.0
468.0
380.0
668.0
371.0
373.0
392.0
369.0
392.0
583.0
513.0
369.0
355.0
343.0
376.0
338.0
333.0
443.0
481.0
1059.0
1230.0
604.0
884.0
958.0
1054.0
1118.0
1233.0
1271.0
1206.0
1385.0
1249.0
1124.0
1154.0
1026.0
573.0
502.0
614.0
485.0
561.0
484.0
473.0
469.0
1202.0
476.0
536.0
859.0
1214.0
1105.0
1200.0
1267.0
1336.0
1301.0
1390.0
1234.0
1276.0
1104.0
1028.0
1184.0
734.0
494.0
501.0
531.0
520.0
461.0
415.0
413.0
484.0
587.0
2062.0
1297.0
1959.0
2330.0
2544.0
1759.0
1839.0
1747.0
1752.0
1350.0
1122.0
939.0
800.0
857.0
557.0
545.0
569.0
446.0
450.0
456.0
426.0
392.0
396.0
382.0
444.0
457.0
456.0
480.0
506.0
473.0
444.0
452.0
504.0
472.0
443.0
438.0
587.0
664.0
517.0
469.0
466.0
464.0
451.0
477.0
470.0
449.0
572.0
580.0
490.0
633.0
603.0
1138.0
1605.0
1422.0
977.0
1435.0
1367.0
923.0
854.0
859.0
594.0
707.0
464.0
405.0
466.0
416.0
446.0
534.0
474.0
474.0
506.0
485.0
390.0
384.0
433.0
444.0
462.0
430.0
459.0
432.0
419.0
406.0
464.0
410.0
394.0
422.0
415.0
374.0
419.0
384.0
422.0
475.0
371.0
399.0
407.0
379.0
350.0
431.0
391.0
315.0
422.0
367.0
383.0
427.0
394.0
359.0
367.0
344.0
467.0
459.0
378.0
614.0
472.0
620.0
444.0
456.0
464.0
427.0
552.0
470.0
938.0
1650.0
1175.0
1937.0
1596.0
1792.0
1674.0
1776.0
1217.0
1016.0
1006.0
928.0
871.0
676.0
666.0
516.0
518.0
518.0
551.0
500.0
432.0
511.0
536.0
1520.0
1390.0
595.0
1308.0
1192.0
1624.0
812.0
2092.0
1634.0
1993.0
1178.0
1100.0
672.0
878.0
1064.0
636.0
553.0
486.0
422.0
392.0
423.0
398.0
389.0
422.0
656.0
722.0
1316.0
3440.0
3691.0
5696.0
2588.0
3866.0
4074.0
4370.0
4010.0
4770.0
4084.0
1572.0
3550.0
699.0
495.0
516.0
515.0
496.0
502.0
500.0
539.0
703.0
725.0
4357.0
4938.0
5300.0
2678.0
4112.0
5050.0
4058.0
4078.0
5294.0
5110.0
4453.0
4725.0
4829.0
4469.0
783.0
628.0
658.0
661.0
582.0
596.0
592.0
670.0
1281.0
3965.0
3529.0
1327.0
4013.0
4948.0
4315.0
4350.0
4583.0
4709.0
5329.0
5896.0
4744.0
4671.0
5156.0
4632.0
776.0
542.0
470.0
493.0
499.0
525.0
462.0
491.0
494.0
530.0
430.0
476.0
442.0
501.0
445.0
496.0
437.0
408.0
434.0
407.0
520.0
427.0
436.0
444.0
432.0
351.0
459.0
419.0
451.0
448.0
374.0
391.0
441.0
364.0
339.0
330.0
410.0
354.0
388.0
376.0
446.0
437.0
393.0
472.0
688.0
332.0
391.0
369.0
333.0
394.0
440.0
421.0
464.0
678.0
504.0
471.0
3456.0
4046.0
4780.0
4526.0
4694.0
1301.0
3808.0
5150.0
6392.0
5919.0
6584.0
6809.0
6198.0
7176.0
2098.0
3030.0
770.0
602.0
635.0
649.0
627.0
612.0
552.0
504.0
1039.0
1034.0
5912.0
2422.0
5243.0
5229.0
2679.0
5540.0
5406.0
4901.0
5129.0
6337.0
6288.0
3253.0
5592.0
4114.0
764.0
588.0
614.0
484.0
494.0
506.0
443.0
490.0
764.0
521.0
2015.0
1948.0
4401.0
6612.0
5910.0
5501.0
6847.0
6673.0
7298.0
7534.0
7472.0
6238.0
7074.0
1650.0
584.0
566.0
632.0
559.0
642.0
546.0
486.0
502.0
564.0
587.0
6162.0
5440.0
1680.0
1739.0
1630.0
1427.0
1554.0
1583.0
1954.0
2042.0
1845.0
1912.0
1540.0
721.0
525.0
601.0
500.0
442.0
454.0
425.0
410.0
457.0
539.0
562.0
1664.0
1428.0
1205.0
1565.0
1824.0
1804.0
1964.0
2031.0
2321.0
1845.0
1924.0
1681.0
1701.0
1558.0
498.0
501.0
532.0
453.0
432.0
498.0
437.0
436.0
464.0
486.0
446.0
425.0
462.0
468.0
463.0
474.0
491.0
505.0
561.0
483.0
478.0
502.0
418.0
492.0
398.0
437.0
455.0
588.0
438.0
494.0
567.0
449.0
461.0
403.0
370.0
484.0
408.0
365.0
440.0
466.0
425.0
425.0
419.0
370.0
449.0
382.0
355.0
409.0
370.0
668.0
494.0
440.0
427.0
557.0
392.0
458.0
546.0
405.0
918.0
845.0
1290.0
1888.0
1298.0
1617.0
2068.0
788.0
1256.0
1142.0
1008.0
1195.0
992.0
1080.0
560.0
555.0
527.0
533.0
521.0
512.0
508.0
573.0
601.0
587.0
519.0
842.0
1181.0
1154.0
956.0
1156.0
1093.0
1110.0
1427.0
1173.0
1053.0
1251.0
894.0
840.0
624.0
679.0
635.0
598.0
615.0
588.0
519.0
526.0
534.0
540.0
536.0
850.0
1070.0
955.0
933.0
920.0
1125.0
983.0
1343.0
1123.0
1210.0
1008.0
953.0
1200.0
527.0
581.0
553.0
536.0
529.0
776.0
575.0
627.0
567.0
557.0
831.0
910.0
1021.0
1343.0
1274.0
1213.0
1074.0
1042.0
1302.0
1071.0
1095.0
1061.0
1076.0
1164.0
531.0
559.0
600.0
547.0
492.0
572.0
443.0
559.0
564.0
522.0
676.0
1117.0
795.0
1076.0
1165.0
1066.0
995.0
1178.0
1149.0
1271.0
1632.0
1602.0
1636.0
1417.0
1132.0
998.0
593.0
561.0
504.0
556.0
543.0
566.0
552.0
536.0
561.0
489.0
969.0
621.0
565.0
576.0
591.0
482.0
518.0
490.0
479.0
505.0
492.0
573.0
562.0
524.0
536.0
616.0
604.0
536.0
485.0
488.0
666.0
438.0
505.0
591.0
508.0
538.0
529.0
539.0
484.0
490.0
452.0
500.0
479.0
535.0
513.0
569.0
485.0
467.0
570.0
624.0
593.0
586.0
497.0
624.0
613.0
610.0
653.0
720.0
901.0
1083.0
945.0
1024.0
1212.0
1228.0
1561.0
1134.0
1283.0
971.0
1139.0
1236.0
607.0
494.0
537.0
580.0
510.0
602.0
524.0
477.0
668.0
496.0
1093.0
619.0
1024.0
953.0
766.0
651.0
733.0
975.0
1081.0
1043.0
932.0
831.0
1136.0
932.0
647.0
709.0
635.0
798.0
682.0
582.0
549.0
614.0
797.0
586.0
591.0
662.0
850.0
903.0
843.0
771.0
994.0
910.0
1020.0
965.0
809.0
801.0
690.0
718.0
557.0
531.0
559.0
501.0
524.0
559.0
582.0
575.0
633.0
767.0
679.0
816.0
633.0
900.0
812.0
877.0
876.0
952.0
1266.0
1333.0
1220.0
854.0
1020.0
676.0
537.0
526.0
557.0
600.0
487.0
470.0
1232.0
553.0
677.0
814.0
614.0
1076.0
998.0
903.0
1131.0
891.0
1086.0
1064.0
906.0
1185.0
871.0
635.0
836.0
839.0
716.0
513.0
800.0
649.0
691.0
807.0
680.0
709.0
755.0
643.0
692.0
755.0
597.0
509.0
747.0
600.0
615.0
667.0
535.0
564.0
547.0
700.0
526.0
574.0
510.0
465.0
525.0
576.0
553.0
569.0
513.0
444.0
617.0
578.0
457.0
548.0
497.0
471.0
573.0
549.0
507.0
416.0
534.0
545.0
424.0
702.0
441.0
691.0
507.0
493.0
566.0
792.0
504.0
655.0
795.0
595.0
539.0
672.0
655.0
604.0
435.0
430.0
560.0
740.0
507.0
444.0
454.0
469.0
506.0
558.0
527.0
535.0
475.0
494.0
627.0
511.0
656.0
646.0
775.0
589.0
629.0
761.0
903.0
746.0
838.0
962.0
762.0
931.0
815.0
1032.0
1078.0
1070.0
841.0
931.0
969.0
883.0
720.0
603.0
833.0
746.0
604.0
587.0
504.0
482.0
539.0
688.0
575.0
648.0
631.0
733.0
728.0
761.0
793.0
733.0
813.0
746.0
802.0
690.0
733.0
864.0
774.0
532.0
658.0
685.0
559.0
605.0
486.0
726.0
570.0
538.0
570.0
690.0
653.0
639.0
698.0
798.0
780.0
833.0
876.0
897.0
890.0
882.0
754.0
722.0
713.0
563.0
554.0
614.0
562.0
615.0
602.0
674.0
701.0
761.0
794.0
790.0
800.0
680.0
750.0
779.0
808.0
888.0
988.0
1025.0
912.0
870.0
726.0
732.0
616.0
622.0
660.0
600.0
634.0
616.0
672.0
636.0
702.0
621.0
532.0
590.0
676.0
602.0
660.0
573.0
602.0
505.0
566.0
550.0
