1058.0
1047.0
1023.0
1024.0
979.0
841.0
807.0
751.0
746.0
785.0
766.0
772.0
712.0
827.0
821.0
939.0
1028.0
1107.0
1047.0
1111.0
1117.0
1149.0
1231.0
1142.0
1062.0
1049.0
1025.0
1029.0
985.0
842.0
810.0
756.0
753.0
794.0
774.0
774.0
722.0
839.0
829.0
947.0
1034.0
1115.0
1060.0
1120.0
1124.0
1161.0
1244.0
1161.0
1071.0
1058.0
1037.0
1042.0
991.0
863.0
823.0
756.0
756.0
803.0
775.0
775.0
738.0
849.0
834.0
953.0
1046.0
1118.0
1065.0
1134.0
1132.0
1167.0
1263.0
1171.0
1080.0
1070.0
1043.0
1051.0
998.0
867.0
823.0
762.0
764.0
809.0
785.0
783.0
743.0
853.0
843.0
957.0
1055.0
1127.0
1084.0
1152.0
1136.0
1178.0
1266.0
1178.0
1087.0
1077.0
1054.0
1060.0
1006.0
870.0
825.0
764.0
773.0
816.0
782.0
787.0
751.0
861.0
861.0
969.0
1062.0
1135.0
1087.0
1168.0
1148.0
1186.0
1273.0
1181.0
1091.0
1081.0
1057.0
1069.0
1011.0
872.0
827.0
758.0
771.0
816.0
796.0
794.0
752.0
867.0
867.0
975.0
1068.0
1139.0
1090.0
1176.0
1154.0
1192.0
1280.0
1183.0
1094.0
1092.0
1066.0
1073.0
1024.0
875.0
831.0
766.0
829.0
834.0
798.0
791.0
754.0
869.0
868.0
977.0
1073.0
1143.0
1096.0
1185.0
1160.0
1197.0
1288.0
1184.0
1104.0
1094.0
1064.0
1076.0
1026.0
878.0
830.0
767.0
843.0
826.0
799.0
795.0
759.0
912.0
875.0
981.0
1071.0
1140.0
1104.0
1191.0
1158.0
1200.0
1289.0
1185.0
1109.0
1099.0
1066.0
1079.0
1028.0
887.0
846.0
772.0
847.0
839.0
802.0
802.0
761.0
923.0
880.0
986.0
1071.0
1143.0
1104.0
1199.0
1163.0
1206.0
1292.0
1190.0
1113.0
1103.0
1069.0
1083.0
1030.0
893.0
849.0
777.0
855.0
838.0
812.0
801.0
764.0
927.0
888.0
1000.0
1073.0
1149.0
1118.0
1205.0
1168.0
1213.0
1295.0
1190.0
1117.0
1106.0
1077.0
1087.0
1031.0
895.0
855.0
780.0
868.0
846.0
815.0
806.0
768.0
932.0
894.0
1003.0
1079.0
1155.0
1127.0
1220.0
1172.0
1219.0
1299.0
1201.0
1132.0
1114.0
1082.0
1093.0
1036.0
907.0
860.0
789.0
870.0
848.0
820.0
811.0
771.0
935.0
894.0
1007.0
1100.0
1164.0
1141.0
1224.0
1175.0
1220.0
1304.0
1210.0
1135.0
1121.0
1088.0
1104.0
1043.0
909.0
860.0
791.0
875.0
854.0
829.0
814.0
772.0
936.0
898.0
1013.0
1108.0
1168.0
1147.0
1236.0
1181.0
1225.0
1310.0
1217.0
1145.0
1127.0
1093.0
1107.0
1047.0
918.0
866.0
797.0
884.0
858.0
831.0
819.0
774.0
938.0
902.0
1014.0
1111.0
1170.0
1153.0
1257.0
1184.0
1229.0
1315.0
1223.0
1147.0
1128.0
1095.0
1107.0
1054.0
923.0
