1074.0
1082.0
1060.0
1057.0
997.0
832.0
802.0
753.0
742.0
777.0
751.0
747.0
688.0
804.0
803.0
930.0
1050.0
1158.0
1068.0
1149.0
1175.0
1208.0
1321.0
1223.0
1080.0
1085.0
1060.0
1063.0
1002.0
834.0
807.0
758.0
748.0
787.0
757.0
750.0
698.0
820.0
809.0
938.0
1058.0
1166.0
1085.0
1162.0
1184.0
1232.0
1339.0
1248.0
1094.0
1094.0
1074.0
1076.0
1009.0
855.0
816.0
760.0
753.0
795.0
758.0
750.0
713.0
832.0
814.0
943.0
1073.0
1165.0
1094.0
1176.0
1197.0
1230.0
1364.0
1262.0
1103.0
1110.0
1082.0
1086.0
1020.0
859.0
820.0
764.0
757.0
800.0
767.0
758.0
720.0
833.0
824.0
950.0
1084.0
1184.0
1115.0
1202.0
1202.0
1248.0
1369.0
1269.0
1114.0
1117.0
1095.0
1100.0
1028.0
862.0
822.0
766.0
766.0
808.0
763.0
763.0
728.0
842.0
847.0
963.0
1090.0
1191.0
1121.0
1222.0
1216.0
1254.0
1378.0
1270.0
1117.0
1124.0
1101.0
1108.0
1035.0
864.0
823.0
762.0
766.0
811.0
777.0
768.0
729.0
849.0
850.0
970.0
1099.0
1197.0
1125.0
1233.0
1225.0
1260.0
1394.0
1273.0
1122.0
1138.0
1109.0
1112.0
1050.0
867.0
828.0
769.0
827.0
825.0
779.0
768.0
732.0
852.0
854.0
972.0
1106.0
1203.0
1133.0
1243.0
1232.0
1265.0
1403.0
1274.0
1146.0
1139.0
1107.0
1115.0
1053.0
868.0
829.0
769.0
843.0
817.0
779.0
775.0
737.0
906.0
862.0
974.0
1104.0
1185.0
1145.0
1253.0
1217.0
1270.0
1405.0
1275.0
1152.0
1152.0
1109.0
1124.0
1054.0
880.0
853.0
776.0
849.0
826.0
781.0
780.0
739.0
918.0
856.0
983.0
1093.0
1189.0
1136.0
1270.0
1223.0
1276.0
1408.0
1279.0
1158.0
1157.0
1112.0
1128.0
1054.0
888.0
855.0
781.0
857.0
828.0
792.0
780.0
743.0
923.0
863.0
1004.0
1097.0
1196.0
1154.0
1277.0
1227.0
1289.0
1407.0
1260.0
1163.0
1160.0
1122.0
1131.0
1054.0
892.0
860.0
786.0
869.0
834.0
795.0
788.0
746.0
928.0
870.0
1008.0
1104.0
1204.0
1168.0
1299.0
1233.0
1299.0
1411.0
1275.0
1183.0
1169.0
1126.0
1141.0
1061.0
902.0
863.0
792.0
873.0
836.0
799.0
793.0
750.0
932.0
872.0
1012.0
1129.0
1230.0
1184.0
1304.0
1237.0
1301.0
1419.0
1286.0
1187.0
1177.0
1134.0
1153.0
1070.0
905.0
865.0
795.0
880.0
844.0
812.0
796.0
753.0
928.0
877.0
1019.0
1139.0
1234.0
1192.0
1318.0
1244.0
1307.0
1431.0
1296.0
1201.0
1183.0
1137.0
1156.0
1074.0
916.0
869.0
799.0
886.0
849.0
813.0
799.0
755.0
929.0
882.0
1023.0
1143.0
1236.0
1200.0
1347.0
1247.0
1313.0
1436.0
1304.0
1203.0
1185.0
1141.0
1157.0
1084.0
920.0
