1057.0
1076.0
1044.0
1044.0
980.0
833.0
851.0
756.0
762.0
780.0
755.0
783.0
696.0
864.0
804.0
980.0
1031.0
1129.0
1043.0
1133.0
1125.0
1157.0
1227.0
1130.0
1056.0
1083.0
1041.0
1054.0
985.0
838.0
865.0
763.0
776.0
790.0
754.0
785.0
711.0
873.0
796.0
976.0
1042.0
1127.0
1052.0
1147.0
1131.0
1164.0
1236.0
1141.0
1064.0
1089.0
1054.0
1059.0
980.0
853.0
860.0
777.0
780.0
802.0
757.0
775.0
731.0
877.0
812.0
977.0
1048.0
1128.0
1059.0
1155.0
1138.0
1170.0
1253.0
1152.0
1071.0
1097.0
1065.0
1067.0
1002.0
861.0
871.0
776.0
786.0
803.0
771.0
790.0
739.0
892.0
823.0
985.0
1055.0
1140.0
1072.0
1168.0
1138.0
1183.0
1256.0
1159.0
1070.0
1103.0
1069.0
1076.0
997.0
865.0
874.0
777.0
789.0
811.0
764.0
789.0
749.0
895.0
860.0
994.0
1067.0
1140.0
1074.0
1180.0
1148.0
1193.0
1259.0
1154.0
1087.0
1106.0
1077.0
1085.0
1013.0
871.0
873.0
779.0
795.0
821.0
782.0
797.0
756.0
907.0
859.0
996.0
1076.0
1151.0
1075.0
1190.0
1144.0
1196.0
1266.0
1164.0
1081.0
1124.0
1078.0
1098.0
1021.0
878.0
870.0
785.0
856.0
816.0
798.0
800.0
759.0
893.0
852.0
1007.0
1077.0
1156.0
1085.0
1192.0
1153.0
1195.0
1280.0
1166.0
1104.0
1118.0
1084.0
1086.0
1024.0
871.0
873.0
778.0
875.0
811.0
803.0
802.0
765.0
949.0
836.0
1015.0
1078.0
1149.0
1091.0
1201.0
1152.0
1199.0
1282.0
1166.0
1108.0
1124.0
1076.0
1104.0
1018.0
881.0
884.0
796.0
884.0
816.0
785.0
803.0
759.0
963.0
836.0
1020.0
1070.0
1160.0
1087.0
1211.0
1147.0
1211.0
1279.0
1172.0
1109.0
1126.0
1086.0
1097.0
1023.0
894.0
892.0
797.0
890.0
804.0
808.0
804.0
772.0
961.0
852.0
1029.0
1077.0
1161.0
1104.0
1209.0
1158.0
1219.0
1277.0
1165.0
1114.0
1126.0
1096.0
1097.0
1023.0
893.0
896.0
798.0
894.0
825.0
812.0
813.0
778.0
970.0
866.0
1042.0
1079.0
1168.0
1113.0
1228.0
1156.0
1225.0
1279.0
1185.0
1127.0
1133.0
1095.0
1111.0
1039.0
910.0
902.0
808.0
899.0
823.0
814.0
821.0
781.0
971.0
862.0
1042.0
1103.0
1173.0
1125.0
1230.0
1166.0
1223.0
1288.0
1183.0
1131.0
1137.0
1101.0
1122.0
1036.0
907.0
896.0
811.0
912.0
833.0
839.0
825.0
782.0
975.0
867.0
1044.0
1111.0
1179.0
1131.0
1241.0
1160.0
1225.0
1293.0
1189.0
1146.0
1142.0
1104.0
1122.0
1046.0
918.0
898.0
826.0
918.0
840.0
832.0
827.0
778.0
973.0
872.0
1042.0
1113.0
1186.0
1140.0
1253.0
1162.0
1233.0
1298.0
1197.0
1137.0
1144.0
1102.0
1120.0
1050.0
917.0
