1100.0
1053.0
1072.0
1062.0
1014.0
919.0
899.0
867.0
878.0
846.0
864.0
865.0
857.0
870.0
939.0
948.0
1069.0
1170.0
1074.0
1119.0
1158.0
1210.0
1301.0
1196.0
1103.0
1062.0
1073.0
1075.0
1023.0
927.0
911.0
872.0
893.0
860.0
876.0
875.0
870.0
875.0
953.0
947.0
1076.0
1176.0
1087.0
1132.0
1165.0
1220.0
1317.0
1211.0
1108.0
1066.0
1084.0
1085.0
1031.0
938.0
918.0
888.0
902.0
876.0
891.0
878.0
875.0
886.0
959.0
951.0
1091.0
1184.0
1095.0
1165.0
1177.0
1231.0
1337.0
1228.0
1124.0
1086.0
1099.0
1105.0
1037.0
951.0
923.0
890.0
908.0
876.0
895.0
891.0
881.0
908.0
963.0
968.0
1103.0
1194.0
1111.0
1181.0
1184.0
1241.0
1343.0
1235.0
1133.0
1098.0
1117.0
1112.0
1051.0
952.0
924.0
899.0
910.0
887.0
910.0
892.0
896.0
929.0
976.0
992.0
1102.0
1199.0
1118.0
1193.0
1198.0
1255.0
1351.0
1240.0
1141.0
1108.0
1120.0
1126.0
1055.0
960.0
921.0
903.0
916.0
897.0
921.0
900.0
910.0
926.0
990.0
999.0
1113.0
1202.0
1119.0
1206.0
1209.0
1264.0
1355.0
1241.0
1138.0
1122.0
1134.0
1130.0
1065.0
968.0
926.0
913.0
918.0
926.0
918.0
900.0
912.0
921.0
986.0
1001.0
1114.0
1207.0
1122.0
1218.0
1215.0
1270.0
1362.0
1247.0
1139.0
1124.0
1119.0
1132.0
1076.0
971.0
931.0
916.0
896.0
956.0
903.0
900.0
934.0
903.0
1003.0
983.0
1105.0
1211.0
1138.0
1241.0
1217.0
1269.0
1373.0
1252.0
1147.0
1118.0
1115.0
1121.0
1076.0
969.0
891.0
920.0
869.0
941.0
904.0
899.0
942.0
910.0
1012.0
990.0
1125.0
1219.0
1147.0
1246.0
1227.0
1275.0
1379.0
1258.0
1154.0
1128.0
1124.0
1126.0
1079.0
972.0
902.0
917.0
867.0
943.0
903.0
903.0
944.0
912.0
1021.0
986.0
1133.0
1217.0
1160.0
1254.0
1231.0
1283.0
1386.0
1262.0
1166.0
1151.0
1133.0
1133.0
1083.0
975.0
906.0
924.0
876.0
951.0
906.0
911.0
949.0
909.0
1022.0
999.0
1136.0
1222.0
1173.0
1275.0
1238.0
1282.0
1391.0
1275.0
1186.0
1167.0
1144.0
1143.0
1091.0
982.0
918.0
929.0
877.0
960.0
912.0
920.0
951.0
921.0
1035.0
1004.0
1158.0
1232.0
1189.0
1268.0
1242.0
1288.0
1397.0
1288.0
1190.0
1175.0
1154.0
1155.0
1104.0
991.0
922.0
938.0
885.0
962.0
919.0
918.0
950.0
944.0
1029.0
1026.0
1170.0
1240.0
1199.0
1289.0
1244.0
1294.0
1402.0
1297.0
1201.0
1186.0
1158.0
1164.0
1106.0
992.0
931.0
935.0
902.0
972.0
932.0
919.0
957.0
944.0
1032.0
1024.0
1176.0
1241.0
1205.0
1308.0
1247.0
1297.0
1410.0
1308.0
1204.0
1189.0
1160.0
1165.0
1114.0
998.0
