2064.0
1713.0
1562.0
1473.0
1477.0
1256.0
1236.0
1191.0
1160.0
1280.0
1155.0
1068.0
1169.0
1197.0
1297.0
1445.0
1479.0
1434.0
1467.0
1567.0
2183.0
1996.0
2142.0
2037.0
2045.0
1715.0
1587.0
1494.0
1491.0
1239.0
1226.0
1195.0
1170.0
1283.0
1176.0
1086.0
1191.0
1219.0
1306.0
1461.0
1497.0
1466.0
1495.0
1603.0
2224.0
2012.0
2158.0
2079.0
2099.0
1726.0
1592.0
1512.0
1497.0
1251.0
1231.0
1200.0
1179.0
1286.0
1179.0
1094.0
1195.0
1232.0
1325.0
1482.0
1554.0
1500.0
1525.0
1622.0
2340.0
2066.0
2209.0
2115.0
2095.0
1738.0
1605.0
1525.0
1514.0
1268.0
1243.0
1215.0
1187.0
1296.0
1186.0
1103.0
1198.0
1236.0
1334.0
1496.0
1567.0
1515.0
1531.0
1624.0
2346.0
2086.0
2237.0
2120.0
2108.0
1748.0
1613.0
1527.0
1515.0
1277.0
1255.0
1219.0
1192.0
1286.0
1188.0
1144.0
1207.0
1249.0
1343.0
1505.0
1626.0
1524.0
1543.0
1640.0
2369.0
2124.0
2248.0
2147.0
2140.0
1793.0
1615.0
1532.0
1524.0
1314.0
1277.0
1225.0
1200.0
1307.0
1202.0
1167.0
1229.0
1269.0
1358.0
1528.0
1597.0
1545.0
1561.0
1750.0
2382.0
2137.0
2266.0
2178.0
2182.0
1789.0
1646.0
1550.0
1539.0
1288.0
1260.0
1239.0
1222.0
1324.0
1220.0
1183.0
1225.0
1270.0
1371.0
1545.0
1618.0
1567.0
1589.0
1687.0
2417.0
2158.0
2297.0
2193.0
2227.0
1846.0
1661.0
1605.0
1558.0
1304.0
1298.0
1252.0
1316.0
1375.0
1255.0
1104.0
1228.0
1278.0
1382.0
1569.0
1646.0
1594.0
1632.0
1716.0
2435.0
2271.0
2389.0
2271.0
2243.0
1733.0
1720.0
1550.0
1562.0
1307.0
1281.0
1274.0
1296.0
1382.0
1258.0
1091.0
1256.0
1297.0
1438.0
1606.0
1674.0
1626.0
1650.0
1740.0
2484.0
2304.0
2383.0
2266.0
2189.0
1860.0
1722.0
1709.0
1627.0
1341.0
1291.0
1269.0
1320.0
1453.0
1259.0
1170.0
1282.0
1320.0
1486.0
1627.0
1690.0
1637.0
1674.0
1763.0
2522.0
2297.0
2397.0
2264.0
2277.0
1852.0
1743.0
1727.0
1644.0
1353.0
1305.0
1311.0
1386.0
1416.0
1264.0
1182.0
1301.0
1337.0
1575.0
1657.0
1708.0
1641.0
1684.0
1775.0
2543.0
2263.0
2374.0
2248.0
2278.0
1845.0
1739.0
1745.0
1653.0
1355.0
1320.0
1315.0
1406.0
1417.0
1264.0
1185.0
1318.0
1342.0
1609.0
1662.0
1713.0
1640.0
1690.0
1787.0
2595.0
2295.0
2372.0
2237.0
2286.0
1843.0
1760.0
1760.0
1670.0
1375.0
1331.0
1562.0
1489.0
1461.0
1269.0
1187.0
1340.0
1385.0
1648.0
1677.0
1731.0
1632.0
1698.0
1820.0
2669.0
2268.0
2301.0
2185.0
2264.0
1977.0
1824.0
1854.0
1750.0
1376.0
1340.0
1628.0
1537.0
1480.0
1282.0
1192.0
1356.0
1372.0
1682.0
1706.0
1721.0
1650.0
1737.0
1845.0
2717.0
2399.0
2346.0
2199.0
2276.0
2001.0
1862.0
1874.0
1761.0
1466.0
