2064.0
1713.0
1562.0
1473.0
1477.0
1251.0
1236.0
1191.0
1160.0
1280.0
1154.0
1068.0
1161.0
1197.0
1297.0
1445.0
1479.0
1434.0
1467.0
1567.0
2183.0
1999.0
2142.0
2037.0
2047.0
1715.0
1587.0
1494.0
1491.0
1238.0
1226.0
1190.0
1168.0
1283.0
1175.0
1086.0
1191.0
1218.0
1306.0
1459.0
1497.0
1466.0
1496.0
1603.0
2222.0
2002.0
2154.0
2080.0
2093.0
1734.0
1593.0
1509.0
1497.0
1247.0
1231.0
1200.0
1179.0
1290.0
1179.0
1093.0
1192.0
1232.0
1325.0
1482.0
1554.0
1500.0
1521.0
1615.0
2344.0
2072.0
2209.0
2103.0
2096.0
1740.0
1605.0
1525.0
1515.0
1260.0
1243.0
1215.0
1187.0
1296.0
1186.0
1103.0
1198.0
1239.0
1334.0
1496.0
1568.0
1516.0
1531.0
1626.0
2346.0
2073.0
2237.0
2121.0
2107.0
1750.0
1612.0
1525.0
1522.0
1277.0
1255.0
1222.0
1192.0
1298.0
1188.0
1144.0
1211.0
1246.0
1343.0
1505.0
1626.0
1530.0
1543.0
1640.0
2369.0
2093.0
2248.0
2147.0
2140.0
1780.0
1615.0
1532.0
1524.0
1315.0
1277.0
1225.0
1200.0
1307.0
1202.0
1187.0
1229.0
1269.0
1358.0
1528.0
1597.0
1540.0
1561.0
1750.0
2382.0
2144.0
2266.0
2179.0
2186.0
1789.0
1638.0
1542.0
1539.0
1288.0
1260.0
1239.0
1206.0
1311.0
1220.0
1183.0
1225.0
1270.0
1373.0
1545.0
1629.0
1567.0
1589.0
1687.0
2418.0
2158.0
2277.0
2193.0
2206.0
1823.0
1661.0
1589.0
1558.0
1302.0
1298.0
1252.0
1326.0
1375.0
1254.0
1104.0
1235.0
1275.0
1385.0
1569.0
1646.0
1610.0
1620.0
1716.0
2435.0
2271.0
2362.0
2245.0
2243.0
1733.0
1722.0
1548.0
1573.0
1302.0
1277.0
1273.0
1295.0
1382.0
1258.0
1092.0
1255.0
1299.0
1438.0
1606.0
1674.0
1626.0
1650.0
1740.0
2486.0
2304.0
2387.0
2263.0
2189.0
1860.0
1722.0
1709.0
1627.0
1342.0
1291.0
1266.0
1320.0
1453.0
1259.0
1170.0
1285.0
1319.0
1486.0
1628.0
1689.0
1638.0
1675.0
1763.0
2520.0
2297.0
2392.0
2264.0
2274.0
1852.0
1743.0
1727.0
1644.0
1353.0
1305.0
1311.0
1388.0
1416.0
1262.0
1182.0
1301.0
1332.0
1575.0
1657.0
1708.0
1641.0
1684.0
1776.0
2553.0
2263.0
2376.0
2248.0
2278.0
1845.0
1739.0
1745.0
1653.0
1357.0
1320.0
1315.0
1406.0
1417.0
1264.0
1190.0
1318.0
1343.0
1609.0
1662.0
1714.0
1640.0
1691.0
1789.0
2600.0
2295.0
2370.0
2242.0
2286.0
1840.0
1759.0
1760.0
1670.0
1375.0
1331.0
1561.0
1489.0
1461.0
1269.0
1185.0
1340.0
1383.0
1648.0
1677.0
1731.0
1630.0
1700.0
1822.0
2664.0
2268.0
2300.0
2182.0
2263.0
1978.0
1824.0
1855.0
1750.0
1378.0
1342.0
1628.0
1537.0
1480.0
1282.0
1192.0
1356.0
1372.0
1682.0
1706.0
1721.0
1647.0
1736.0
1845.0
2717.0
2417.0
2346.0
2209.0
2276.0
2001.0
1862.0
1874.0
1761.0
1466.0
