1864.0
1754.0
1608.0
1638.0
1446.0
1341.0
1280.0
1324.0
1315.0
1321.0
1225.0
1133.0
1282.0
1096.0
1576.0
1344.0
1467.0
1615.0
1334.0
1656.0
1955.0
1952.0
2033.0
2077.0
1902.0
1790.0
1605.0
1675.0
1435.0
1369.0
1288.0
1357.0
1335.0
1317.0
1235.0
1126.0
1287.0
1101.0
1557.0
1358.0
1470.0
1620.0
1409.0
1507.0
1974.0
1958.0
2040.0
2080.0
1902.0
1799.0
1611.0
1688.0
1550.0
1387.0
1284.0
1340.0
1340.0
1322.0
1238.0
1130.0
1298.0
1109.0
1588.0
1448.0
1468.0
1464.0
1464.0
1513.0
2070.0
2039.0
2018.0
1948.0
1920.0
1732.0
1656.0
1678.0
1556.0
1392.0
1289.0
1379.0
1373.0
1382.0
1219.0
1140.0
1245.0
1121.0
1628.0
1468.0
1485.0
1494.0
1483.0
1528.0
2096.0
2057.0
2031.0
1963.0
1960.0
1752.0
1669.0
1696.0
1582.0
1404.0
1303.0
1390.0
1383.0
1390.0
1227.0
1150.0
1256.0
1290.0
1658.0
1501.0
1509.0
1512.0
1502.0
1544.0
2112.0
2072.0
2048.0
1986.0
1975.0
1765.0
1684.0
1712.0
1612.0
1420.0
1313.0
1396.0
1391.0
1401.0
1234.0
1155.0
1259.0
1370.0
1704.0
1522.0
1529.0
1536.0
1517.0
1562.0
2137.0
2097.0
2067.0
2002.0
1994.0
1773.0
1695.0
1725.0
1622.0
1425.0
1321.0
1404.0
1402.0
1411.0
1241.0
1161.0
1268.0
1473.0
1767.0
1520.0
1551.0
1548.0
1429.0
1577.0
2109.0
2028.0
2068.0
2012.0
1939.0
1875.0
1661.0
1786.0
1535.0
1430.0
1324.0
1382.0
1395.0
1369.0
1259.0
1168.0
1293.0
1538.0
1789.0
1536.0
1557.0
1562.0
1541.0
1589.0
2141.0
2082.0
2079.0
2031.0
2027.0
1790.0
1728.0
1760.0
1635.0
1437.0
1342.0
1436.0
1422.0
1425.0
1245.0
1180.0
1299.0
1581.0
1812.0
1541.0
1564.0
1571.0
1547.0
1595.0
2221.0
2088.0
2082.0
2032.0
2036.0
1790.0
1734.0
1768.0
1639.0
1440.0
1347.0
1442.0
1428.0
1430.0
1250.0
1183.0
1309.0
1593.0
1820.0
1540.0
1658.0
1575.0
1550.0
1717.0
2236.0
2046.0
2084.0
2036.0
2044.0
1797.0
1741.0
1835.0
1647.0
1444.0
1381.0
1452.0
1441.0
1378.0
1276.0
1173.0
1367.0
1635.0
1884.0
1515.0
1695.0
1649.0
1487.0
1744.0
2219.0
2064.0
2088.0
2219.0
1953.0
1806.0
1692.0
1849.0
1661.0
1443.0
1393.0
1408.0
1451.0
1389.0
1276.0
1186.0
1379.0
1669.0
1924.0
1515.0
1719.0
1661.0
1494.0
1772.0
2236.0
2080.0
2092.0
2230.0
1964.0
1928.0
1716.0
1879.0
1586.0
1466.0
1404.0
1423.0
1475.0
1393.0
1292.0
1193.0
1390.0
1800.0
1925.0
1537.0
1761.0
1638.0
1551.0
1755.0
2277.0
2100.0
2081.0
2261.0
1953.0
1950.0
1734.0
1887.0
1613.0
1466.0
1433.0
1430.0
1483.0
1410.0
1293.0
1211.0
1393.0
1925.0
1921.0
1546.0
1806.0
1605.0
1607.0
1736.0
2324.0
2114.0
2072.0
2302.0
1940.0
1974.0
1752.0
1893.0
1640.0
1463.0
