1892.0
1803.0
1632.0
1660.0
1445.0
1354.0
1298.0
1326.0
1315.0
1321.0
1236.0
1134.0
1298.0
1073.0
1591.0
1336.0
1488.0
1680.0
1316.0
1717.0
1941.0
1963.0
2079.0
2158.0
1935.0
1847.0
1622.0
1703.0
1428.0
1385.0
1304.0
1364.0
1338.0
1314.0
1247.0
1124.0
1303.0
1079.0
1563.0
1351.0
1488.0
1685.0
1412.0
1524.0
1961.0
1969.0
2085.0
2159.0
1932.0
1856.0
1627.0
1718.0
1574.0
1407.0
1297.0
1341.0
1343.0
1319.0
1249.0
1127.0
1314.0
1087.0
1601.0
1464.0
1484.0
1481.0
1481.0
1530.0
2082.0
2072.0
2053.0
1983.0
1953.0
1765.0
1683.0
1701.0
1581.0
1412.0
1302.0
1389.0
1384.0
1393.0
1224.0
1136.0
1246.0
1098.0
1639.0
1486.0
1501.0
1510.0
1500.0
1544.0
2107.0
2090.0
2066.0
1998.0
1993.0
1787.0
1697.0
1719.0
1606.0
1424.0
1315.0
1399.0
1394.0
1401.0
1232.0
1148.0
1256.0
1293.0
1665.0
1519.0
1525.0
1528.0
1518.0
1560.0
2124.0
2105.0
2083.0
2021.0
2007.0
1799.0
1711.0
1734.0
1636.0
1440.0
1326.0
1406.0
1401.0
1412.0
1239.0
1152.0
1260.0
1375.0
1712.0
1542.0
1546.0
1552.0
1534.0
1578.0
2149.0
2130.0
2102.0
2037.0
2026.0
1807.0
1721.0
1747.0
1645.0
1445.0
1334.0
1412.0
1412.0
1422.0
1247.0
1158.0
1268.0
1478.0
1777.0
1534.0
1570.0
1565.0
1417.0
1594.0
2103.0
2036.0
2098.0
2045.0
1952.0
1936.0
1674.0
1823.0
1530.0
1449.0
1336.0
1382.0
1400.0
1365.0
1266.0
1165.0
1296.0
1545.0
1796.0
1549.0
1574.0
1579.0
1558.0
1605.0
2139.0
2104.0
2107.0
2062.0
2059.0
1822.0
1757.0
1786.0
1658.0
1457.0
1357.0
1449.0
1432.0
1435.0
1249.0
1178.0
1302.0
1587.0
1820.0
1554.0
1582.0
1587.0
1563.0
1611.0
2237.0
2108.0
2109.0
2063.0
2067.0
1821.0
1764.0
1794.0
1662.0
1460.0
1362.0
1455.0
1438.0
1440.0
1253.0
1181.0
1312.0
1599.0
1827.0
1551.0
1701.0
1591.0
1566.0
1765.0
2252.0
2050.0
2109.0
2065.0
2075.0
1828.0
1771.0
1879.0
1671.0
1464.0
1404.0
1466.0
1451.0
1371.0
1283.0
1168.0
1382.0
1631.0
1891.0
1512.0
1745.0
1682.0
1478.0
1793.0
2221.0
2068.0
2111.0
2297.0
1951.0
1835.0
1702.0
1893.0
1684.0
1459.0
1417.0
1407.0
1460.0
1381.0
1282.0
1181.0
1394.0
1666.0
1929.0
1507.0
1771.0
1693.0
1483.0
1824.0
2235.0
2085.0
2112.0
2308.0
1960.0
1992.0
1726.0
1924.0
1582.0
1484.0
1428.0
1423.0
1486.0
1383.0
1300.0
1188.0
1405.0
1803.0
1917.0
1530.0
1821.0
1658.0
1551.0
1799.0
2283.0
2104.0
2094.0
2345.0
1942.0
2018.0
1745.0
1931.0
1612.0
1481.0
1460.0
1429.0
1494.0
1402.0
1298.0
1208.0
1407.0
1933.0
1906.0
1540.0
1876.0
1612.0
1619.0
1769.0
2336.0
2117.0
2079.0
2393.0
1921.0
2045.0
1763.0
1934.0
1645.0
1475.0
