1809.0
1747.0
1642.0
1686.0
1566.0
1415.0
1335.0
1431.0
1486.0
1456.0
1321.0
1179.0
1346.0
1286.0
1618.0
1584.0
1570.0
1681.0
1507.0
1684.0
1871.0
1927.0
1897.0
1931.0
1823.0
1764.0
1631.0
1708.0
1557.0
1448.0
1360.0
1464.0
1503.0
1448.0
1323.0
1184.0
1345.0
1289.0
1611.0
1598.0
1569.0
1688.0
1572.0
1571.0
1863.0
1967.0
1899.0
1923.0
1823.0
1775.0
1642.0
1716.0
1657.0
1461.0
1318.0
1432.0
1521.0
1459.0
1325.0
1184.0
1366.0
1308.0
1635.0
1673.0
1584.0
1534.0
1605.0
1639.0
1906.0
1986.0
1874.0
1831.0
1853.0
1753.0
1671.0
1711.0
1657.0
1475.0
1340.0
1466.0
1553.0
1511.0
1306.0
1169.0
1328.0
1317.0
1667.0
1690.0
1579.0
1562.0
1626.0
1637.0
1910.0
1995.0
1886.0
1837.0
1877.0
1765.0
1674.0
1721.0
1684.0
1501.0
1350.0
1474.0
1564.0
1517.0
1324.0
1190.0
1334.0
1496.0
1730.0
1665.0
1588.0
1595.0
1646.0
1649.0
1919.0
1994.0
1892.0
1849.0
1880.0
1773.0
1680.0
1739.0
1702.0
1507.0
1358.0
1498.0
1573.0
1522.0
1329.0
1190.0
1332.0
1574.0
1774.0
1657.0
1584.0
1630.0
1662.0
1645.0
1933.0
2013.0
1899.0
1857.0
1899.0
1765.0
1699.0
1740.0
1707.0
1520.0
1370.0
1498.0
1588.0
1536.0
1341.0
1209.0
1354.0
1658.0
1831.0
1639.0
1585.0
1646.0
1590.0
1656.0
1917.0
1966.0
1904.0
1869.0
1844.0
1857.0
1679.0
1772.0
1647.0
1512.0
1388.0
1488.0
1575.0
1512.0
1356.0
1226.0
1384.0
1717.0
1840.0
1634.0
1590.0
1673.0
1668.0
1658.0
1914.0
2006.0
1906.0
1880.0
1901.0
1783.0
1724.0
1770.0
1711.0
1525.0
1401.0
1537.0
1601.0
1539.0
1340.0
1225.0
1398.0
1744.0
1855.0
1634.0
1601.0
1687.0
1672.0
1664.0
1967.0
1997.0
1897.0
1880.0
1910.0
1782.0
1727.0
1780.0
1717.0
1530.0
1402.0
1539.0
1601.0
1552.0
1347.0
1236.0
1410.0
1760.0
1860.0
1629.0
1668.0
1685.0
1659.0
1753.0
1981.0
1944.0
1899.0
1892.0
1914.0
1776.0
1734.0
1830.0
1730.0
1513.0
1432.0
1561.0
1610.0
1497.0
1365.0
1253.0
1455.0
1779.0
1890.0
1614.0
1685.0
1752.0
1608.0
1757.0
1989.0
1954.0
1899.0
2009.0
1840.0
1769.0
1715.0
1850.0
1731.0
1516.0
1444.0
1538.0
1617.0
1522.0
1378.0
1269.0
1488.0
1795.0
1899.0
1612.0
1711.0
1765.0
1610.0
1767.0
1994.0
1950.0
1901.0
2014.0
1847.0
1861.0
1725.0
1844.0
1665.0
1549.0
1485.0
1549.0
1621.0
1534.0
1396.0
1276.0
1490.0
1875.0
1898.0
1617.0
1740.0
1747.0
1651.0
1764.0
2008.0
1956.0
1890.0
2030.0
1842.0
1870.0
1735.0
1848.0
1688.0
1547.0
1502.0
1557.0
1625.0
1552.0
1412.0
1299.0
1491.0
1932.0
1891.0
1611.0
1772.0
1727.0
1686.0
1761.0
2017.0
1969.0
1884.0
2049.0
1827.0
1885.0
1753.0
1859.0
1701.0
1546.0
