1832.0
1742.0
1617.0
1690.0
1533.0
1349.0
1290.0
1388.0
1447.0
1409.0
1271.0
1105.0
1331.0
1240.0
1657.0
1565.0
1506.0
1675.0
1440.0
1690.0
1949.0
1977.0
1954.0
1969.0
1853.0
1764.0
1607.0
1715.0
1525.0
1376.0
1303.0
1424.0
1468.0
1404.0
1269.0
1122.0
1322.0
1246.0
1647.0
1583.0
1517.0
1680.0
1497.0
1552.0
1996.0
1986.0
1943.0
1989.0
1845.0
1767.0
1621.0
1719.0
1617.0
1391.0
1276.0
1398.0
1486.0
1414.0
1278.0
1112.0
1335.0
1279.0
1663.0
1641.0
1507.0
1535.0
1561.0
1590.0
2030.0
2026.0
1921.0
1907.0
1876.0
1729.0
1647.0
1715.0
1627.0
1400.0
1298.0
1446.0
1517.0
1463.0
1268.0
1114.0
1282.0
1279.0
1721.0
1668.0
1514.0
1560.0
1600.0
1592.0
2043.0
2032.0
1932.0
1911.0
1921.0
1747.0
1657.0
1740.0
1654.0
1429.0
1295.0
1440.0
1523.0
1464.0
1271.0
1124.0
1305.0
1450.0
1752.0
1652.0
1545.0
1597.0
1591.0
1602.0
2057.0
2041.0
1942.0
1927.0
1927.0
1763.0
1669.0
1734.0
1676.0
1438.0
1291.0
1463.0
1534.0
1482.0
1270.0
1131.0
1316.0
1537.0
1806.0
1663.0
1538.0
1608.0
1629.0
1627.0
2075.0
2038.0
1948.0
1950.0
1934.0
1761.0
1672.0
1755.0
1690.0
1440.0
1311.0
1479.0
1538.0
1491.0
1314.0
1131.0
1321.0
1645.0
1864.0
1633.0
1552.0
1643.0
1542.0
1638.0
2065.0
2008.0
1958.0
1954.0
1893.0
1844.0
1650.0
1795.0
1627.0
1437.0
1317.0
1463.0
1541.0
1458.0
1305.0
1157.0
1360.0
1701.0
1869.0
1629.0
1555.0
1658.0
1635.0
1634.0
2082.0
2043.0
1962.0
1968.0
1950.0
1776.0
1703.0
1784.0
1694.0
1458.0
1352.0
1508.0
1541.0
1505.0
1307.0
1164.0
1358.0
1734.0
1910.0
1643.0
1544.0
1659.0
1645.0
1635.0
2126.0
2037.0
1960.0
1972.0
1957.0
1777.0
1718.0
1793.0
1695.0
1462.0
1347.0
1510.0
1569.0
1501.0
1297.0
1163.0
1365.0
1753.0
1910.0
1632.0
1648.0
1657.0
1618.0
1758.0
2110.0
2002.0
1967.0
1969.0
1960.0
1785.0
1712.0
1845.0
1690.0
1451.0
1375.0
1536.0
1570.0
1458.0
1332.0
1178.0
1432.0
1785.0
1952.0
1609.0
1662.0
1745.0
1573.0
1753.0
2114.0
2017.0
1978.0
2089.0
1882.0
1779.0
1700.0
1868.0
1701.0
1441.0
1383.0
1492.0
1579.0
1492.0
1330.0
1182.0
1454.0
1808.0
1976.0
1615.0
1690.0
1741.0
1584.0
1791.0
2107.0
2020.0
1978.0
2092.0
1895.0
1865.0
1698.0
1868.0
1659.0
1464.0
1421.0
1508.0
1588.0
1490.0
1346.0
1206.0
1461.0
1897.0
1971.0
1610.0
1712.0
1723.0
1623.0
1775.0
2139.0
2030.0
1966.0
2115.0
1878.0
1895.0
1728.0
1866.0
1672.0
1487.0
1439.0
1502.0
1598.0
1508.0
1350.0
1219.0
1467.0
1987.0
1958.0
1607.0
1765.0
1685.0
1660.0
1777.0
2165.0
2024.0
1966.0
2141.0
1862.0
1916.0
1751.0
1863.0
1694.0
1477.0
