1982.0
1786.0
1719.0
1768.0
1555.0
1429.0
1306.0
1419.0
1424.0
1506.0
1307.0
1214.0
1351.0
1236.0
1745.0
1576.0
1687.0
1694.0
1558.0
1712.0
2103.0
2065.0
2080.0
2101.0
1998.0
1829.0
1694.0
1786.0
1543.0
1442.0
1349.0
1474.0
1440.0
1510.0
1326.0
1231.0
1377.0
1268.0
1759.0
1579.0
1669.0
1677.0
1642.0
1635.0
2105.0
2065.0
2121.0
2090.0
2004.0
1837.0
1727.0
1786.0
1652.0
1492.0
1341.0
1461.0
1459.0
1512.0
1333.0
1225.0
1380.0
1272.0
1786.0
1659.0
1674.0
1607.0
1662.0
1643.0
2169.0
2120.0
2118.0
2040.0
2008.0
1810.0
1752.0
1767.0
1669.0
1485.0
1361.0
1472.0
1500.0
1541.0
1342.0
1238.0
1306.0
1257.0
1833.0
1666.0
1712.0
1648.0
1682.0
1649.0
2171.0
2112.0
2128.0
2045.0
2050.0
1816.0
1779.0
1791.0
1700.0
1514.0
1370.0
1482.0
1501.0
1542.0
1341.0
1258.0
1335.0
1471.0
1857.0
1709.0
1703.0
1652.0
1675.0
1678.0
2183.0
2114.0
2132.0
2049.0
2058.0
1838.0
1791.0
1795.0
1728.0
1545.0
1410.0
1464.0
1543.0
1598.0
1352.0
1246.0
1366.0
1570.0
1912.0
1724.0
1720.0
1693.0
1681.0
1676.0
2180.0
2151.0
2135.0
2069.0
2074.0
1863.0
1793.0
1816.0
1730.0
1525.0
1420.0
1465.0
1515.0
1580.0
1385.0
1255.0
1376.0
1669.0
1987.0
1710.0
1737.0
1716.0
1601.0
1701.0
2189.0
2120.0
2131.0
2084.0
2039.0
1912.0
1809.0
1853.0
1674.0
1549.0
1433.0
1505.0
1511.0
1571.0
1398.0
1281.0
1388.0
1754.0
2010.0
1767.0
1716.0
1713.0
1691.0
1736.0
2193.0
2155.0
2160.0
2090.0
2067.0
1867.0
1849.0
1846.0
1760.0
1558.0
1453.0
1505.0
1579.0
1592.0
1407.0
1293.0
1403.0
1805.0
2020.0
1740.0
1755.0
1745.0
1692.0
1716.0
2239.0
2161.0
2142.0
2100.0
2111.0
1889.0
1833.0
1886.0
1748.0
1558.0
1465.0
1535.0
1580.0
1633.0
1411.0
1285.0
1423.0
1813.0
2030.0
1763.0
1807.0
1761.0
1699.0
1786.0
2294.0
2126.0
2141.0
2115.0
2097.0
1880.0
1850.0
1917.0
1782.0
1558.0
1484.0
1566.0
1572.0
1572.0
1414.0
1268.0
1454.0
1850.0
2091.0
1741.0
1808.0
1810.0
1642.0
1799.0
2274.0
2137.0
2123.0
2214.0
2090.0
1862.0
1827.0
1938.0
1790.0
1566.0
1480.0
1566.0
1596.0
1609.0
1415.0
1301.0
1502.0
1910.0
2135.0
1730.0
1848.0
1813.0
1699.0
1817.0
2292.0
2134.0
2145.0
2203.0
2096.0
1966.0
1847.0
1958.0
1742.0
1589.0
1505.0
1569.0
1616.0
1606.0
1450.0
1336.0
1490.0
1976.0
2144.0
1747.0
1856.0
1815.0
1719.0
1838.0
2315.0
2161.0
2139.0
2239.0
2080.0
1973.0
1886.0
1989.0
1741.0
1606.0
1540.0
1575.0
1595.0
1621.0
1461.0
1319.0
1490.0
2094.0
2123.0
1769.0
1867.0
1832.0
1713.0
1830.0
2347.0
2145.0
2135.0
2264.0
2096.0
1973.0
1888.0
1987.0
1779.0
1637.0
