1864.0
1774.0
1623.0
1650.0
1440.0
1363.0
1312.0
1327.0
1322.0
1325.0
1255.0
1150.0
1310.0
1083.0
1573.0
1337.0
1492.0
1686.0
1310.0
1718.0
1890.0
1915.0
2031.0
2108.0
1901.0
1816.0
1612.0
1693.0
1421.0
1394.0
1319.0
1369.0
1346.0
1319.0
1266.0
1139.0
1314.0
1090.0
1542.0
1353.0
1489.0
1690.0
1411.0
1523.0
1910.0
1921.0
2036.0
2108.0
1898.0
1823.0
1617.0
1707.0
1570.0
1416.0
1311.0
1341.0
1351.0
1322.0
1268.0
1142.0
1324.0
1097.0
1581.0
1469.0
1487.0
1484.0
1484.0
1529.0
2035.0
2018.0
2005.0
1941.0
1916.0
1737.0
1671.0
1691.0
1576.0
1421.0
1316.0
1393.0
1393.0
1400.0
1243.0
1151.0
1253.0
1110.0
1617.0
1489.0
1502.0
1512.0
1502.0
1541.0
2059.0
2033.0
2019.0
1952.0
1955.0
1754.0
1685.0
1706.0
1599.0
1432.0
1329.0
1404.0
1402.0
1408.0
1251.0
1163.0
1263.0
1305.0
1642.0
1517.0
1526.0
1528.0
1521.0
1557.0
2075.0
2047.0
2032.0
1974.0
1968.0
1767.0
1697.0
1721.0
1626.0
1447.0
1339.0
1410.0
1409.0
1418.0
1258.0
1167.0
1267.0
1379.0
1689.0
1538.0
1545.0
1552.0
1535.0
1576.0
2099.0
2072.0
2050.0
1989.0
1984.0
1773.0
1707.0
1734.0
1636.0
1452.0
1347.0
1417.0
1420.0
1428.0
1264.0
1173.0
1274.0
1474.0
1754.0
1525.0
1568.0
1563.0
1410.0
1590.0
2049.0
1979.0
2047.0
1998.0
1912.0
1897.0
1662.0
1807.0
1520.0
1455.0
1349.0
1383.0
1406.0
1367.0
1285.0
1181.0
1303.0
1536.0
1772.0
1539.0
1572.0
1577.0
1557.0
1600.0
2086.0
2043.0
2056.0
2013.0
2015.0
1788.0
1741.0
1770.0
1648.0
1462.0
1371.0
1453.0
1438.0
1441.0
1267.0
1194.0
1309.0
1575.0
1796.0
1543.0
1579.0
1584.0
1561.0
1607.0
2188.0
2049.0
2057.0
2014.0
2024.0
1787.0
1748.0
1779.0
1653.0
1465.0
1376.0
1460.0
1445.0
1445.0
1270.0
1199.0
1319.0
1586.0
1802.0
1540.0
1700.0
1588.0
1565.0
1762.0
2202.0
1994.0
2058.0
2017.0
2030.0
1793.0
1756.0
1863.0
1661.0
1469.0
1418.0
1470.0
1456.0
1371.0
1300.0
1184.0
1393.0
1610.0
1862.0
1499.0
1742.0
1680.0
1470.0
1786.0
2170.0
2010.0
2057.0
2237.0
1913.0
1799.0
1686.0
1875.0
1673.0
1465.0
1430.0
1407.0
1466.0
1381.0
1300.0
1196.0
1404.0
1643.0
1897.0
1492.0
1766.0
1689.0
1474.0
1818.0
2183.0
2024.0
2060.0
2245.0
1920.0
1949.0
1710.0
1904.0
1570.0
1488.0
1442.0
1422.0
1490.0
1382.0
1317.0
1203.0
1415.0
1775.0
1881.0
1513.0
1815.0
1654.0
1543.0
1791.0
2232.0
2044.0
2041.0
2282.0
1903.0
1975.0
1728.0
1909.0
1599.0
1484.0
1472.0
1428.0
1498.0
1402.0
1315.0
1223.0
1416.0
1900.0
1866.0
1523.0
1868.0
1605.0
1614.0
1762.0
2283.0
2054.0
2027.0
2326.0
1881.0
2002.0
1745.0
1912.0
1632.0
1479.0
