1630.0
1713.0
1597.0
1587.0
1471.0
1430.0
1414.0
1373.0
1302.0
1351.0
1251.0
1208.0
1315.0
1135.0
1306.0
1207.0
1403.0
1612.0
1332.0
1622.0
1405.0
1516.0
1633.0
1873.0
1631.0
1755.0
1601.0
1598.0
1448.0
1440.0
1426.0
1400.0
1343.0
1355.0
1247.0
1191.0
1302.0
1124.0
1263.0
1236.0
1392.0
1627.0
1430.0
1438.0
1362.0
1562.0
1652.0
1881.0
1619.0
1763.0
1595.0
1599.0
1570.0
1515.0
1435.0
1394.0
1343.0
1358.0
1280.0
1239.0
1312.0
1139.0
1326.0
1356.0
1447.0
1439.0
1446.0
1468.0
1480.0
1678.0
1633.0
1639.0
1616.0
1647.0
1612.0
1599.0
1572.0
1544.0
1424.0
1423.0
1390.0
1418.0
1295.0
1237.0
1285.0
1106.0
1333.0
1350.0
1454.0
1447.0
1464.0
1494.0
1491.0
1668.0
1618.0
1634.0
1583.0
1653.0
1635.0
1585.0
1582.0
1510.0
1430.0
1452.0
1405.0
1424.0
1291.0
1214.0
1231.0
1257.0
1416.0
1397.0
1490.0
1441.0
1463.0
1515.0
1511.0
1672.0
1612.0
1638.0
1601.0
1641.0
1626.0
1587.0
1574.0
1520.0
1464.0
1442.0
1391.0
1422.0
1298.0
1244.0
1283.0
1323.0
1410.0
1440.0
1512.0
1481.0
1472.0
1514.0
1509.0
1697.0
1604.0
1642.0
1596.0
1662.0
1627.0
1588.0
1560.0
1536.0
1468.0
1450.0
1383.0
1417.0
1269.0
1230.0
1283.0
1346.0
1447.0
1479.0
1500.0
1488.0
1356.0
1474.0
1447.0
1562.0
1586.0
1621.0
1496.0
1764.0
1581.0
1648.0
1447.0
1478.0
1433.0
1375.0
1359.0
1377.0
1296.0
1258.0
1275.0
1362.0
1433.0
1464.0
1490.0
1475.0
1503.0
1519.0
1443.0
1629.0
1589.0
1603.0
1593.0
1635.0
1643.0
1621.0
1600.0
1525.0
1458.0
1492.0
1408.0
1444.0
1309.0
1229.0
1314.0
1369.0
1419.0
1479.0
1500.0
1513.0
1489.0
1521.0
1578.0
1628.0
1580.0
1609.0
1598.0
1634.0
1649.0
1615.0
1576.0
1533.0
1459.0
1481.0
1416.0
1448.0
1317.0
1265.0
1303.0
1365.0
1431.0
1452.0
1614.0
1531.0
1481.0
1703.0
1615.0
1523.0
1545.0
1592.0
1589.0
1626.0
1640.0
1717.0
1609.0
1509.0
1505.0
1502.0
1434.0
1369.0
1319.0
1229.0
1363.0
1371.0
1419.0
1433.0
1633.0
1638.0
1412.0
1665.0
1574.0
1530.0
1551.0
1887.0
1434.0
1600.0
1526.0
1683.0
1600.0
1499.0
1503.0
1441.0
1397.0
1388.0
1311.0
1264.0
1351.0
1384.0
1447.0
1414.0
1639.0
1625.0
1394.0
1680.0
1574.0
1532.0
1518.0
1881.0
1409.0
1769.0
1555.0
1705.0
1458.0
1477.0
1473.0
1436.0
1451.0
1381.0
1326.0
1285.0
1360.0
1432.0
1379.0
1403.0
1674.0
1589.0
1419.0
1648.0
1595.0
1501.0
1496.0
1903.0
1387.0
1807.0
1550.0
1707.0
1480.0
1462.0
1510.0
1438.0
1426.0
1394.0
1309.0
1258.0
1355.0
1495.0
1375.0
1387.0
1741.0
1525.0
1463.0
1650.0
1634.0
1528.0
1472.0
1946.0
1353.0
1801.0
1558.0
1691.0
1520.0
1466.0
