805.0
778.0
691.0
698.0
585.0
548.0
581.0
547.0
558.0
591.0
614.0
615.0
660.0
785.0
718.0
815.0
680.0
871.0
825.0
862.0
867.0
920.0
1174.0
1262.0
1175.0
875.0
946.0
685.0
546.0
528.0
568.0
610.0
546.0
507.0
1104.0
665.0
681.0
808.0
653.0
1011.0
982.0
884.0
1069.0
883.0
1013.0
1022.0
879.0
1087.0
878.0
634.0
771.0
813.0
712.0
532.0
760.0
678.0
693.0
801.0
706.0
712.0
762.0
666.0
697.0
762.0
631.0
539.0
738.0
644.0
634.0
683.0
582.0
589.0
582.0
712.0
582.0
594.0
558.0
511.0
551.0
611.0
595.0
601.0
557.0
493.0
631.0
616.0
508.0
583.0
543.0
512.0
595.0
587.0
547.0
468.0
554.0
579.0
479.0
673.0
511.0
661.0
582.0
530.0
583.0
784.0
564.0
658.0
816.0
632.0
563.0
677.0
693.0
632.0
465.0
475.0
608.0
757.0
555.0
475.0
489.0
507.0
531.0
587.0
562.0
570.0
527.0
539.0
608.0
577.0
663.0
685.0
722.0
636.0
636.0
713.0
915.0
764.0
821.0
950.0
779.0
885.0
813.0
980.0
1045.0
1029.0
846.0
884.0
917.0
850.0
697.0
591.0
798.0
755.0
616.0
591.0
534.0
507.0
547.0
700.0
616.0
670.0
672.0
749.0
750.0
775.0
811.0
753.0
808.0
764.0
786.0
716.0
713.0
856.0
806.0
554.0
608.0
729.0
618.0
605.0
534.0
752.0
615.0
544.0
625.0
707.0
681.0
645.0
713.0
819.0
796.0
824.0
880.0
888.0
871.0
854.0
727.0
702.0
721.0
569.0
551.0
646.0
591.0
625.0
633.0
692.0
727.0
770.0
804.0
792.0
804.0
680.0
752.0
796.0
804.0
898.0
981.0
1005.0
877.0
835.0
701.0
723.0
616.0
634.0
690.0
624.0
655.0
639.0
694.0
654.0
722.0
633.0
548.0
618.0
695.0
623.0
670.0
601.0
612.0
537.0
581.0
587.0
