810.0
793.0
707.0
717.0
595.0
562.0
580.0
538.0
550.0
578.0
599.0
596.0
641.0
763.0
692.0
793.0
660.0
854.0
805.0
851.0
854.0
914.0
1161.0
1238.0
1160.0
874.0
966.0
712.0
582.0
556.0
587.0
611.0
534.0
508.0
1076.0
634.0
693.0
800.0
647.0
996.0
960.0
883.0
1054.0
881.0
1023.0
1016.0
890.0
1099.0
872.0
664.0
803.0
821.0
719.0
554.0
775.0
657.0
687.0
797.0
688.0
699.0
754.0
659.0
683.0
749.0
616.0
532.0
732.0
627.0
620.0
668.0
570.0
579.0
565.0
701.0
557.0
583.0
548.0
501.0
540.0
599.0
579.0
581.0
541.0
487.0
619.0
594.0
497.0
574.0
526.0
500.0
582.0
569.0
529.0
463.0
548.0
559.0
465.0
660.0
487.0
645.0
561.0
523.0
572.0
755.0
541.0
656.0
795.0
607.0
563.0
671.0
675.0
610.0
462.0
476.0
602.0
736.0
530.0
470.0
488.0
499.0
522.0
574.0
546.0
551.0
523.0
528.0
580.0
561.0
644.0
667.0
672.0
621.0
632.0
683.0
887.0
743.0
814.0
936.0
768.0
891.0
820.0
980.0
1035.0
1026.0
857.0
902.0
929.0
876.0
739.0
634.0
803.0
745.0
636.0
607.0
542.0
513.0
541.0
689.0
592.0
656.0
661.0
726.0
729.0
755.0
796.0
737.0
797.0
756.0
784.0
714.0
712.0
845.0
793.0
566.0
612.0
725.0
607.0
609.0
536.0
737.0
598.0
546.0
622.0
683.0
660.0
626.0
696.0
792.0
771.0
810.0
865.0
874.0
872.0
860.0
742.0
723.0
737.0
586.0
566.0
644.0
581.0
615.0
623.0
674.0
704.0
746.0
782.0
770.0
793.0
677.0
752.0
785.0
793.0
889.0
965.0
996.0
881.0
862.0
731.0
755.0
643.0
660.0
692.0
621.0
657.0
630.0
684.0
639.0
708.0
619.0
541.0
610.0
677.0
604.0
654.0
586.0
600.0
531.0
574.0
573.0
