774.0
759.0
669.0
675.0
551.0
518.0
550.0
524.0
545.0
592.0
614.0
615.0
664.0
790.0
718.0
818.0
686.0
878.0
833.0
864.0
872.0
924.0
1169.0
1251.0
1153.0
836.0
933.0
672.0
533.0
512.0
545.0
584.0
527.0
503.0
1098.0
654.0
692.0
821.0
630.0
1006.0
983.0
868.0
1068.0
857.0
998.0
1009.0
847.0
1069.0
838.0
614.0
763.0
782.0
671.0
519.0
746.0
625.0
662.0
808.0
686.0
685.0
775.0
667.0
699.0
764.0
622.0
547.0
743.0
642.0
634.0
686.0
588.0
595.0
578.0
725.0
577.0
597.0
571.0
520.0
557.0
617.0
601.0
601.0
561.0
505.0
641.0
615.0
513.0
596.0
547.0
513.0
604.0
591.0
546.0
482.0
566.0
580.0
481.0
679.0
510.0
659.0
586.0
537.0
593.0
777.0
560.0
673.0
822.0
621.0
575.0
689.0
684.0
621.0
477.0
485.0
619.0
759.0
546.0
484.0
502.0
514.0
541.0
591.0
565.0
571.0
547.0
547.0
593.0
583.0
663.0
693.0
678.0
651.0
649.0
695.0
913.0
754.0
835.0
957.0
770.0
895.0
822.0
950.0
1019.0
1009.0
826.0
867.0
888.0
840.0
703.0
595.0
760.0
710.0
610.0
593.0
524.0
487.0
550.0
709.0
602.0
676.0
688.0
752.0
753.0
778.0
824.0
761.0
817.0
780.0
798.0
722.0
716.0
845.0
798.0
545.0
614.0
700.0
582.0
613.0
541.0
743.0
616.0
556.0
644.0
700.0
678.0
649.0
718.0
813.0
795.0
835.0
890.0
891.0
887.0
874.0
722.0
684.0
704.0
551.0
533.0
623.0
566.0
621.0
635.0
689.0
724.0
767.0
807.0
794.0
812.0
704.0
763.0
797.0
798.0
904.0
976.0
1000.0
885.0
830.0
696.0
709.0
602.0
622.0
673.0
597.0
653.0
646.0
684.0
659.0
725.0
640.0
558.0
628.0
696.0
627.0
670.0
610.0
615.0
555.0
587.0
590.0
