807.0
791.0
700.0
713.0
590.0
561.0
580.0
542.0
557.0
586.0
606.0
603.0
648.0
774.0
698.0
800.0
666.0
860.0
810.0
856.0
857.0
915.0
1167.0
1243.0
1163.0
870.0
964.0
707.0
571.0
548.0
584.0
613.0
535.0
513.0
1084.0
637.0
697.0
806.0
646.0
1001.0
962.0
887.0
1058.0
880.0
1024.0
1014.0
887.0
1097.0
865.0
657.0
799.0
813.0
713.0
548.0
776.0
656.0
689.0
803.0
691.0
706.0
758.0
662.0
687.0
754.0
615.0
534.0
739.0
632.0
624.0
672.0
575.0
584.0
568.0
707.0
561.0
588.0
553.0
505.0
543.0
603.0
583.0
585.0
547.0
492.0
623.0
597.0
501.0
578.0
528.0
503.0
586.0
573.0
534.0
468.0
551.0
561.0
469.0
663.0
488.0
647.0
566.0
527.0
576.0
759.0
547.0
660.0
802.0
610.0
566.0
670.0
681.0
613.0
462.0
477.0
608.0
742.0
531.0
472.0
490.0
502.0
524.0
576.0
548.0
556.0
531.0
530.0
574.0
569.0
647.0
671.0
663.0
638.0
634.0
673.0
901.0
745.0
812.0
942.0
768.0
891.0
818.0
980.0
1036.0
1028.0
856.0
894.0
921.0
877.0
740.0
630.0
792.0
746.0
640.0
603.0
545.0
519.0
536.0
692.0
596.0
664.0
669.0
730.0
735.0
761.0
801.0
740.0
801.0
756.0
785.0
715.0
712.0
843.0
799.0
570.0
605.0
726.0
613.0
606.0
536.0
742.0
605.0
550.0
625.0
683.0
666.0
627.0
698.0
796.0
777.0
813.0
866.0
876.0
873.0
855.0
740.0
719.0
732.0
584.0
562.0
640.0
583.0
618.0
627.0
678.0
709.0
750.0
787.0
776.0
797.0
681.0
751.0
786.0
794.0
889.0
963.0
1000.0
885.0
859.0
728.0
747.0
640.0
654.0
691.0
625.0
660.0
633.0
689.0
644.0
711.0
626.0
545.0
611.0
677.0
610.0
656.0
591.0
604.0
536.0
574.0
574.0
