810.0
793.0
706.0
717.0
594.0
561.0
579.0
537.0
550.0
577.0
598.0
595.0
640.0
763.0
692.0
793.0
660.0
854.0
805.0
851.0
855.0
914.0
1162.0
1240.0
1161.0
874.0
967.0
712.0
581.0
555.0
587.0
610.0
533.0
507.0
1077.0
634.0
692.0
800.0
646.0
997.0
961.0
883.0
1056.0
881.0
1024.0
1017.0
891.0
1100.0
872.0
664.0
803.0
821.0
719.0
553.0
775.0
657.0
687.0
797.0
688.0
699.0
754.0
659.0
683.0
749.0
615.0
532.0
732.0
627.0
620.0
668.0
570.0
578.0
565.0
701.0
557.0
583.0
547.0
500.0
539.0
598.0
578.0
581.0
540.0
486.0
618.0
593.0
496.0
573.0
525.0
499.0
582.0
569.0
529.0
462.0
547.0
558.0
464.0
660.0
486.0
645.0
560.0
523.0
572.0
755.0
540.0
655.0
795.0
607.0
563.0
670.0
674.0
609.0
461.0
475.0
601.0
736.0
529.0
469.0
486.0
498.0
522.0
573.0
545.0
551.0
522.0
528.0
580.0
560.0
643.0
667.0
673.0
620.0
632.0
684.0
887.0
743.0
815.0
936.0
768.0
892.0
820.0
981.0
1035.0
1027.0
857.0
903.0
929.0
875.0
738.0
633.0
804.0
744.0
635.0
606.0
541.0
512.0
541.0
688.0
591.0
656.0
660.0
726.0
729.0
755.0
796.0
737.0
798.0
756.0
784.0
713.0
712.0
845.0
793.0
564.0
612.0
724.0
606.0
608.0
535.0
737.0
597.0
545.0
622.0
683.0
660.0
626.0
696.0
792.0
771.0
810.0
865.0
875.0
872.0
860.0
742.0
722.0
737.0
585.0
566.0
644.0
580.0
614.0
623.0
674.0
704.0
746.0
782.0
770.0
793.0
677.0
752.0
784.0
793.0
889.0
966.0
997.0
881.0
862.0
730.0
755.0
642.0
659.0
692.0
621.0
656.0
629.0
684.0
638.0
707.0
618.0
540.0
610.0
676.0
603.0
654.0
585.0
600.0
530.0
574.0
572.0
