794.0
782.0
684.0
701.0
578.0
543.0
581.0
538.0
573.0
601.0
626.0
628.0
681.0
806.0
735.0
830.0
688.0
882.0
832.0
859.0
877.0
910.0
1196.0
1261.0
1187.0
872.0
948.0
679.0
532.0
522.0
557.0
620.0
539.0
520.0
1125.0
684.0
679.0
808.0
647.0
1041.0
980.0
901.0
1068.0
882.0
1027.0
1023.0
881.0
1097.0
875.0
635.0
766.0
814.0
736.0
521.0
763.0
677.0
701.0
821.0
704.0
735.0
756.0
674.0
698.0
755.0
631.0
525.0
744.0
649.0
641.0
692.0
584.0
605.0
575.0
732.0
584.0
602.0
559.0
506.0
566.0
614.0
609.0
604.0
564.0
498.0
639.0
627.0
512.0
584.0
539.0
521.0
604.0
598.0
555.0
468.0
563.0
586.0
484.0
688.0
503.0
673.0
584.0
529.0
607.0
787.0
572.0
649.0
833.0
622.0
568.0
668.0
697.0
634.0
457.0
476.0
615.0
776.0
576.0
470.0
492.0
503.0
541.0
592.0
565.0
570.0
536.0
543.0
622.0
574.0
669.0
698.0
727.0
627.0
628.0
737.0
906.0
770.0
821.0
961.0
767.0
906.0
807.0
999.0
1048.0
1018.0
837.0
878.0
935.0
837.0
690.0
580.0
830.0
755.0
617.0
595.0
529.0
518.0
552.0
724.0
618.0
672.0
673.0
756.0
771.0
784.0
820.0
740.0
809.0
754.0
790.0
706.0
714.0
871.0
788.0
544.0
618.0
739.0
605.0
604.0
528.0
757.0
624.0
552.0
636.0
698.0
694.0
634.0
721.0
823.0
808.0
835.0
889.0
886.0
882.0
852.0
725.0
699.0
716.0
561.0
546.0
636.0
592.0
629.0
633.0
699.0
743.0
779.0
820.0
790.0
809.0
676.0
750.0
796.0
804.0
906.0
979.0
1022.0
868.0
837.0
698.0
721.0
620.0
636.0
689.0
617.0
671.0
640.0
709.0
663.0
719.0
638.0
541.0
623.0
691.0
630.0
666.0
603.0
614.0
546.0
582.0
588.0
