Observation,Prediction
1580.0,1388.0
1495.0,1513.0
1514.0,1487.0
1126.0,1493.0
1083.0,1280.0
1396.0,1222.0
1390.0,1384.0
2238.0,1408.0
1547.0,1880.0
1691.0,1576.0
1695.0,1606.0
1669.0,1613.0
1778.0,1600.0
3086.0,1658.0
2521.0,2388.0
2483.0,2200.0
2354.0,2153.0
2381.0,2076.0
1893.0,2082.0
1878.0,1810.0
2015.0,1757.0
1757.0,1825.0
1389.0,1693.0
1299.0,1467.0
1584.0,1379.0
1506.0,1523.0
1534.0,1503.0
1133.0,1516.0
1087.0,1296.0
1399.0,1235.0
1574.0,1398.0
2269.0,1522.0
1560.0,1928.0
1720.0,1599.0
1733.0,1636.0
1685.0,1649.0
1804.0,1625.0
3119.0,1687.0
2558.0,2431.0
2506.0,2239.0
2378.0,2184.0
2410.0,2106.0
1900.0,2114.0
1897.0,1827.0
2036.0,1780.0
1770.0,1851.0
1395.0,1713.0
1314.0,1480.0
1592.0,1397.0
1525.0,1540.0
1547.0,1525.0
1144.0,1536.0
1096.0,1311.0
1409.0,1249.0
1794.0,1415.0
2328.0,1658.0
1580.0,1998.0
1736.0,1627.0
1745.0,1660.0
1698.0,1670.0
1823.0,1645.0
3158.0,1712.0
2571.0,2481.0
2535.0,2264.0
2403.0,2216.0
2419.0,2135.0
1916.0,2135.0
1915.0,1846.0
2047.0,1803.0
1780.0,1872.0
1406.0,1730.0
1318.0,1494.0
1597.0,1409.0
1541.0,1556.0
1555.0,1546.0
1156.0,1552.0
1112.0,1325.0
1427.0,1267.0
1923.0,1439.0
2353.0,1748.0
1594.0,2040.0
1743.0,1645.0
1765.0,1676.0
1719.0,1693.0
1836.0,1669.0
3173.0,1733.0
2582.0,2513.0
2558.0,2281.0
2442.0,2240.0
2458.0,2169.0
1937.0,2171.0
1926.0,1868.0
2063.0,1820.0
1784.0,1893.0
1414.0,1742.0
1328.0,1508.0
1609.0,1426.0
1550.0,1576.0
1558.0,1563.0
1162.0,1566.0
1114.0,1336.0
1430.0,1278.0
2005.0,1453.0
2358.0,1812.0
1607.0,2065.0
1753.0,1658.0
1776.0,1693.0
1725.0,1711.0
1842.0,1683.0
3193.0,1749.0
2598.0,2546.0
2561.0,2299.0
2446.0,2252.0
2475.0,2180.0
1939.0,2192.0
1935.0,1876.0
2070.0,1834.0
1789.0,1909.0
1420.0,1754.0
1333.0,1517.0
1611.0,1436.0
1558.0,1589.0
1564.0,1577.0
1172.0,1579.0
1115.0,1350.0
1441.0,1288.0
2015.0,1472.0
2365.0,1832.0
1618.0,2082.0
1759.0,1672.0
1781.0,1707.0
1729.0,1724.0
1862.0,1696.0
3196.0,1771.0
2612.0,2565.0
2572.0,2315.0
2454.0,2266.0
2490.0,2192.0
1957.0,2207.0
1944.0,1893.0
2076.0,1849.0
1803.0,1922.0
1426.0,1770.0
1341.0,1530.0
1619.0,1451.0
1576.0,1606.0
1573.0,1599.0
1188.0,1596.0
1122.0,1369.0
1452.0,1303.0
2159.0,1491.0
2466.0,1931.0
1643.0,2163.0
1777.0,1698.0
1810.0,1730.0
1756.0,1752.0
1904.0,1723.0
3223.0,1808.0
2637.0,2598.0
2587.0,2335.0
2489.0,2283.0
2514.0,2221.0
1977.0,2232.0
1974.0,1911.0
2092.0,1876.0
1821.0,1942.0
1450.0,1789.0
1354.0,1551.0
1625.0,1469.0
1593.0,1623.0
1589.0,1620.0
1192.0,1618.0
1142.0,1381.0
1465.0,1327.0
2201.0,1514.0
2534.0,1974.0
1664.0,2219.0
1800.0,1717.0
1827.0,1754.0
1773.0,1774.0
1926.0,1743.0
3242.0,1833.0
2654.0,2633.0
2608.0,2349.0
2511.0,2300.0
2540.0,2240.0
1992.0,2256.0
2010.0,1925.0
2137.0,1906.0
1850.0,1982.0
1481.0,1816.0
1364.0,1578.0
1635.0,1486.0
1620.0,1641.0
1600.0,1646.0
1215.0,1635.0
1155.0,1402.0
1474.0,1345.0
2416.0,1533.0
2576.0,2119.0
1688.0,2264.0
1813.0,1735.0
1845.0,1773.0
1808.0,1795.0
1938.0,1775.0
3258.0,1852.0
2697.0,2664.0
2621.0,2378.0
2529.0,2316.0
2557.0,2258.0
2011.0,2273.0
2044.0,1938.0
2148.0,1935.0
1869.0,1999.0
1492.0,1833.0
1396.0,1591.0
1640.0,1516.0
1629.0,1660.0
1609.0,1663.0
1238.0,1652.0
1166.0,1424.0
1484.0,1364.0
2612.0,1554.0
2583.0,2262.0
1703.0,2286.0
1832.0,1741.0
1864.0,1794.0
1823.0,1817.0
1953.0,1793.0
3290.0,1872.0
2731.0,2702.0
2637.0,2397.0
2566.0,2329.0
2573.0,2284.0
2030.0,2288.0
2070.0,1952.0
2165.0,1960.0
1880.0,2019.0
1508.0,1846.0
1431.0,1606.0
