Observation,Prediction
1580.0,1505.0
1495.0,1608.0
1514.0,1559.0
1126.0,1565.0
1083.0,1235.0
1396.0,1142.0
1390.0,1401.0
2238.0,1430.0
1547.0,2157.0
1691.0,1682.0
1695.0,1735.0
1669.0,1744.0
1778.0,1716.0
3086.0,1805.0
2521.0,2943.0
2483.0,2624.0
2354.0,2552.0
2381.0,2431.0
1893.0,2435.0
1878.0,2023.0
2015.0,1946.0
1757.0,2045.0
1389.0,1841.0
1299.0,1500.0
1584.0,1375.0
1506.0,1594.0
1534.0,1560.0
1133.0,1580.0
1087.0,1244.0
1399.0,1151.0
1574.0,1413.0
2269.0,1594.0
1560.0,2223.0
1720.0,1699.0
1733.0,1760.0
1685.0,1775.0
1804.0,1743.0
3119.0,1834.0
2558.0,2991.0
2506.0,2654.0
2378.0,2576.0
2410.0,2452.0
1900.0,2464.0
1897.0,2030.0
2036.0,1966.0
1770.0,2062.0
1395.0,1861.0
1314.0,1514.0
1592.0,1390.0
1525.0,1605.0
1547.0,1576.0
1144.0,1584.0
1096.0,1261.0
1409.0,1168.0
1794.0,1413.0
2328.0,1778.0
1580.0,2265.0
1736.0,1729.0
1745.0,1782.0
1698.0,1784.0
1823.0,1749.0
3158.0,1848.0
2571.0,2952.0
2535.0,2659.0
2403.0,2598.0
2419.0,2476.0
1916.0,2470.0
1915.0,2050.0
2047.0,1985.0
1780.0,2078.0
1406.0,1870.0
1318.0,1529.0
1597.0,1395.0
1541.0,1604.0
1555.0,1588.0
1156.0,1600.0
1112.0,1270.0
1427.0,1177.0
1923.0,1403.0
2353.0,1859.0
1594.0,2291.0
1743.0,1761.0
1765.0,1782.0
1719.0,1792.0
1836.0,1776.0
3173.0,1857.0
2582.0,2999.0
2558.0,2671.0
2442.0,2608.0
2458.0,2512.0
1937.0,2494.0
1926.0,2089.0
2063.0,1997.0
1784.0,2068.0
1414.0,1872.0
1328.0,1544.0
1609.0,1408.0
1550.0,1572.0
1558.0,1570.0
1162.0,1581.0
1114.0,1276.0
1430.0,1174.0
2005.0,1390.0
2358.0,1868.0
1607.0,2249.0
1753.0,1770.0
1776.0,1777.0
1725.0,1783.0
1842.0,1754.0
3193.0,1824.0
2598.0,2895.0
2561.0,2660.0
2446.0,2601.0
2475.0,2502.0
1939.0,2499.0
1935.0,2100.0
2070.0,1997.0
1789.0,2062.0
1420.0,1874.0
1333.0,1556.0
1611.0,1407.0
1558.0,1560.0
1564.0,1574.0
1172.0,1574.0
1115.0,1287.0
1441.0,1177.0
2015.0,1381.0
2365.0,1851.0
1618.0,2232.0
1759.0,1783.0
1781.0,1783.0
1729.0,1797.0
1862.0,1755.0
3196.0,1830.0
2612.0,2902.0
2572.0,2658.0
2454.0,2608.0
2490.0,2500.0
1957.0,2500.0
1944.0,2122.0
2076.0,2004.0
1803.0,2062.0
1426.0,1883.0
1341.0,1566.0
1619.0,1409.0
1576.0,1566.0
1573.0,1576.0
1188.0,1578.0
1122.0,1302.0
1452.0,1183.0
2159.0,1380.0
2466.0,1927.0
1643.0,2317.0
1777.0,1836.0
1810.0,1802.0
1756.0,1812.0
1904.0,1775.0
3223.0,1872.0
2637.0,2876.0
2587.0,2689.0
2489.0,2622.0
2514.0,2533.0
1977.0,2525.0
1974.0,2141.0
2092.0,2030.0
1821.0,2081.0
1450.0,1899.0
1354.0,1584.0
1625.0,1427.0
1593.0,1576.0
1589.0,1591.0
1192.0,1589.0
1142.0,1309.0
1465.0,1197.0
2201.0,1395.0
2534.0,1979.0
1664.0,2379.0
1800.0,1861.0
1827.0,1828.0
1773.0,1832.0
1926.0,1790.0
3242.0,1894.0
2654.0,2864.0
2608.0,2706.0
2511.0,2638.0
2540.0,2550.0
1992.0,2547.0
2010.0,2152.0
2137.0,2058.0
1850.0,2120.0
1481.0,1929.0
1364.0,1613.0
1635.0,1441.0
1620.0,1588.0
1600.0,1614.0
1215.0,1608.0
1155.0,1330.0
1474.0,1209.0
2416.0,1407.0
2576.0,2139.0
1688.0,2456.0
1813.0,1900.0
1845.0,1845.0
1808.0,1851.0
1938.0,1824.0
3258.0,1911.0
2697.0,2892.0
2621.0,2739.0
2529.0,2658.0
2557.0,2568.0
2011.0,2566.0
2044.0,2166.0
2148.0,2083.0
1869.0,2135.0
1492.0,1947.0
1396.0,1622.0
1640.0,1466.0
1629.0,1599.0
1609.0,1624.0
1238.0,1617.0
1166.0,1346.0
1484.0,1220.0
2612.0,1414.0
2583.0,2253.0
1703.0,2503.0
1832.0,1915.0
1864.0,1864.0
1823.0,1871.0
1953.0,1840.0
3290.0,1928.0
2731.0,2927.0
2637.0,2774.0
2566.0,2680.0
2573.0,2604.0
2030.0,2581.0
2070.0,2186.0
2165.0,2111.0
1880.0,2156.0
1508.0,1958.0
1431.0,1640.0
