Observation,Prediction
1580.0,1432.0
1495.0,1522.0
1514.0,1485.0
1126.0,1489.0
1083.0,1278.0
1396.0,1219.0
1390.0,1380.0
2238.0,1404.0
1547.0,1871.0
1691.0,1572.0
1695.0,1601.0
1669.0,1608.0
1778.0,1596.0
3086.0,1653.0
2521.0,2379.0
2483.0,2194.0
2354.0,2147.0
2381.0,2071.0
1893.0,2076.0
1878.0,1805.0
2015.0,1752.0
1757.0,1820.0
1389.0,1689.0
1299.0,1464.0
1584.0,1376.0
1506.0,1518.0
1534.0,1500.0
1133.0,1512.0
1087.0,1293.0
1399.0,1232.0
1574.0,1394.0
2269.0,1517.0
1560.0,1921.0
1720.0,1596.0
1733.0,1632.0
1685.0,1645.0
1804.0,1621.0
3119.0,1682.0
2558.0,2422.0
2506.0,2234.0
2378.0,2179.0
2410.0,2100.0
1900.0,2108.0
1897.0,1824.0
2036.0,1776.0
1770.0,1846.0
1395.0,1710.0
1314.0,1478.0
1592.0,1395.0
1525.0,1537.0
1547.0,1522.0
1144.0,1533.0
1096.0,1309.0
1409.0,1246.0
1794.0,1411.0
2328.0,1653.0
1580.0,1991.0
1736.0,1624.0
1745.0,1655.0
1698.0,1666.0
1823.0,1641.0
3158.0,1707.0
2571.0,2466.0
2535.0,2258.0
2403.0,2210.0
2419.0,2130.0
1916.0,2130.0
1915.0,1844.0
2047.0,1799.0
1780.0,1867.0
1406.0,1727.0
1318.0,1494.0
1597.0,1408.0
1541.0,1552.0
1555.0,1544.0
1156.0,1550.0
1112.0,1327.0
1427.0,1266.0
1923.0,1436.0
2353.0,1743.0
1594.0,2034.0
1743.0,1643.0
1765.0,1672.0
1719.0,1689.0
1836.0,1666.0
3173.0,1729.0
2582.0,2499.0
2558.0,2275.0
2442.0,2234.0
2458.0,2164.0
1937.0,2166.0
1926.0,1866.0
2063.0,1817.0
1784.0,1889.0
1414.0,1740.0
1328.0,1507.0
1609.0,1424.0
1550.0,1572.0
1558.0,1560.0
1162.0,1563.0
1114.0,1338.0
1430.0,1279.0
2005.0,1451.0
2358.0,1804.0
1607.0,2056.0
1753.0,1659.0
1776.0,1690.0
1725.0,1707.0
1842.0,1681.0
3193.0,1744.0
2598.0,2528.0
2561.0,2292.0
2446.0,2245.0
2475.0,2174.0
1939.0,2184.0
1935.0,1875.0
2070.0,1831.0
1789.0,1903.0
1420.0,1752.0
1333.0,1519.0
1611.0,1438.0
1558.0,1587.0
1564.0,1576.0
1172.0,1579.0
1115.0,1355.0
1441.0,1292.0
2015.0,1471.0
2365.0,1824.0
1618.0,2074.0
1759.0,1672.0
1781.0,1704.0
1729.0,1721.0
1862.0,1693.0
3196.0,1767.0
2612.0,2548.0
2572.0,2307.0
2454.0,2259.0
2490.0,2185.0
1957.0,2200.0
1944.0,1891.0
2076.0,1845.0
1803.0,1916.0
1426.0,1768.0
1341.0,1531.0
1619.0,1452.0
1576.0,1603.0
1573.0,1597.0
1188.0,1594.0
1122.0,1371.0
1452.0,1305.0
2159.0,1489.0
2466.0,1923.0
1643.0,2154.0
1777.0,1698.0
1810.0,1727.0
1756.0,1749.0
1904.0,1720.0
3223.0,1804.0
2637.0,2583.0
2587.0,2329.0
2489.0,2276.0
2514.0,2215.0
1977.0,2225.0
1974.0,1909.0
2092.0,1873.0
1821.0,1938.0
1450.0,1787.0
1354.0,1552.0
1625.0,1470.0
1593.0,1620.0
1589.0,1618.0
1192.0,1616.0
1142.0,1384.0
1465.0,1329.0
2201.0,1512.0
2534.0,1965.0
1664.0,2210.0
1800.0,1718.0
1827.0,1752.0
1773.0,1771.0
1926.0,1741.0
3242.0,1828.0
2654.0,2615.0
2608.0,2342.0
2511.0,2294.0
2540.0,2235.0
1992.0,2250.0
2010.0,1923.0
2137.0,1903.0
1850.0,1977.0
1481.0,1814.0
1364.0,1578.0
1635.0,1486.0
1620.0,1638.0
1600.0,1644.0
1215.0,1633.0
1155.0,1404.0
1474.0,1346.0
2416.0,1532.0
2576.0,2110.0
1688.0,2256.0
1813.0,1735.0
1845.0,1770.0
1808.0,1792.0
1938.0,1772.0
3258.0,1848.0
2697.0,2647.0
2621.0,2371.0
2529.0,2310.0
2557.0,2251.0
2011.0,2265.0
2044.0,1937.0
2148.0,1932.0
1869.0,1994.0
1492.0,1832.0
1396.0,1592.0
1640.0,1516.0
1629.0,1656.0
1609.0,1661.0
1238.0,1649.0
1166.0,1425.0
1484.0,1363.0
2612.0,1552.0
2583.0,2249.0
1703.0,2278.0
1832.0,1743.0
1864.0,1792.0
1823.0,1814.0
1953.0,1791.0
3290.0,1868.0
2731.0,2689.0
2637.0,2394.0
2566.0,2325.0
2573.0,2280.0
2030.0,2284.0
2070.0,1950.0
2165.0,1956.0
1880.0,2015.0
1508.0,1844.0
1431.0,1606.0
