Observation,Prediction
1580.0,1446.0
1495.0,1530.0
1514.0,1479.0
1126.0,1491.0
1083.0,1254.0
1396.0,1228.0
1390.0,1419.0
2238.0,1416.0
1547.0,1930.0
1691.0,1512.0
1695.0,1599.0
1669.0,1602.0
1778.0,1587.0
3086.0,1653.0
2521.0,2450.0
2483.0,2108.0
2354.0,2090.0
2381.0,2014.0
1893.0,2034.0
1878.0,1734.0
2015.0,1725.0
1757.0,1810.0
1389.0,1652.0
1299.0,1426.0
1584.0,1371.0
1506.0,1546.0
1534.0,1499.0
1133.0,1516.0
1087.0,1271.0
1399.0,1242.0
1574.0,1433.0
2269.0,1540.0
1560.0,1966.0
1720.0,1533.0
1733.0,1630.0
1685.0,1639.0
1804.0,1610.0
3119.0,1682.0
2558.0,2487.0
2506.0,2147.0
2378.0,2119.0
2410.0,2044.0
1900.0,2068.0
1897.0,1752.0
2036.0,1751.0
1770.0,1838.0
1395.0,1673.0
1314.0,1441.0
1592.0,1390.0
1525.0,1563.0
1547.0,1522.0
1144.0,1536.0
1096.0,1287.0
1409.0,1258.0
1794.0,1451.0
2328.0,1690.0
1580.0,2021.0
1736.0,1559.0
1745.0,1655.0
1698.0,1661.0
1823.0,1632.0
3158.0,1709.0
2571.0,2538.0
2535.0,2175.0
2403.0,2158.0
2419.0,2078.0
1916.0,2091.0
1915.0,1776.0
2047.0,1776.0
1780.0,1859.0
1406.0,1694.0
1318.0,1460.0
1597.0,1405.0
1541.0,1579.0
1555.0,1544.0
1156.0,1554.0
1112.0,1305.0
1427.0,1277.0
1923.0,1474.0
2353.0,1783.0
1594.0,2051.0
1743.0,1580.0
1765.0,1672.0
1719.0,1686.0
1836.0,1659.0
3173.0,1731.0
2582.0,2564.0
2558.0,2199.0
2442.0,2188.0
2458.0,2118.0
1937.0,2131.0
1926.0,1803.0
2063.0,1797.0
1784.0,1883.0
1414.0,1708.0
1328.0,1477.0
1609.0,1424.0
1550.0,1600.0
1558.0,1563.0
1162.0,1568.0
1114.0,1321.0
1430.0,1290.0
2005.0,1488.0
2358.0,1848.0
1607.0,2071.0
1753.0,1600.0
1776.0,1692.0
1725.0,1706.0
1842.0,1675.0
3193.0,1748.0
2598.0,2594.0
2561.0,2223.0
2446.0,2203.0
2475.0,2133.0
1939.0,2154.0
1935.0,1817.0
2070.0,1815.0
1789.0,1900.0
1420.0,1724.0
1333.0,1492.0
1611.0,1437.0
1558.0,1612.0
1564.0,1579.0
1172.0,1583.0
1115.0,1336.0
1441.0,1300.0
2015.0,1506.0
2365.0,1866.0
1618.0,2086.0
1759.0,1619.0
1781.0,1707.0
1729.0,1721.0
1862.0,1689.0
3196.0,1772.0
2612.0,2610.0
2572.0,2245.0
2454.0,2223.0
2490.0,2151.0
1957.0,2176.0
1944.0,1839.0
2076.0,1831.0
1803.0,1916.0
1426.0,1743.0
1341.0,1506.0
1619.0,1452.0
1576.0,1628.0
1573.0,1601.0
1188.0,1599.0
1122.0,1356.0
1452.0,1314.0
2159.0,1522.0
2466.0,1968.0
1643.0,2163.0
1777.0,1644.0
1810.0,1729.0
1756.0,1750.0
1904.0,1716.0
3223.0,1809.0
2637.0,2641.0
2587.0,2273.0
2489.0,2246.0
2514.0,2187.0
1977.0,2206.0
1974.0,1863.0
2092.0,1862.0
1821.0,1937.0
1450.0,1765.0
1354.0,1530.0
1625.0,1468.0
1593.0,1641.0
1589.0,1621.0
1192.0,1619.0
1142.0,1367.0
1465.0,1336.0
2201.0,1540.0
2534.0,2006.0
1664.0,2222.0
1800.0,1668.0
1827.0,1754.0
1773.0,1771.0
1926.0,1737.0
3242.0,1834.0
2654.0,2674.0
2608.0,2300.0
2511.0,2273.0
2540.0,2213.0
1992.0,2234.0
2010.0,1884.0
2137.0,1896.0
1850.0,1978.0
1481.0,1794.0
1364.0,1559.0
1635.0,1484.0
1620.0,1657.0
1600.0,1648.0
1215.0,1635.0
1155.0,1389.0
1474.0,1350.0
2416.0,1554.0
2576.0,2154.0
1688.0,2258.0
1813.0,1693.0
1845.0,1773.0
1808.0,1793.0
1938.0,1770.0
3258.0,1853.0
2697.0,2692.0
2621.0,2338.0
2529.0,2292.0
2557.0,2235.0
2011.0,2256.0
2044.0,1906.0
2148.0,1927.0
1869.0,1994.0
1492.0,1816.0
1396.0,1576.0
1640.0,1515.0
1629.0,1671.0
1609.0,1664.0
1238.0,1652.0
1166.0,1415.0
1484.0,1368.0
2612.0,1572.0
2583.0,2290.0
1703.0,2274.0
1832.0,1713.0
1864.0,1795.0
1823.0,1816.0
1953.0,1790.0
3290.0,1873.0
2731.0,2723.0
2637.0,2368.0
2566.0,2312.0
2573.0,2270.0
2030.0,2277.0
2070.0,1928.0
2165.0,1954.0
1880.0,2016.0
1508.0,1834.0
1431.0,1596.0
