Observation,Prediction
1580.0,1375.0
1495.0,1533.0
1514.0,1481.0
1126.0,1493.0
1083.0,1256.0
1396.0,1230.0
1390.0,1422.0
2238.0,1419.0
1547.0,1933.0
1691.0,1515.0
1695.0,1602.0
1669.0,1605.0
1778.0,1590.0
3086.0,1656.0
2521.0,2455.0
2483.0,2112.0
2354.0,2094.0
2381.0,2017.0
1893.0,2037.0
1878.0,1736.0
2015.0,1727.0
1757.0,1812.0
1389.0,1654.0
1299.0,1428.0
1584.0,1373.0
1506.0,1549.0
1534.0,1501.0
1133.0,1518.0
1087.0,1273.0
1399.0,1245.0
1574.0,1436.0
2269.0,1543.0
1560.0,1968.0
1720.0,1536.0
1733.0,1633.0
1685.0,1641.0
1804.0,1613.0
3119.0,1685.0
2558.0,2491.0
2506.0,2150.0
2378.0,2123.0
2410.0,2046.0
1900.0,2069.0
1897.0,1754.0
2036.0,1753.0
1770.0,1839.0
1395.0,1675.0
1314.0,1445.0
1592.0,1395.0
1525.0,1566.0
1547.0,1525.0
1144.0,1539.0
1096.0,1291.0
1409.0,1262.0
1794.0,1454.0
2328.0,1691.0
1580.0,2020.0
1736.0,1561.0
1745.0,1656.0
1698.0,1663.0
1823.0,1634.0
3158.0,1711.0
2571.0,2532.0
2535.0,2173.0
2403.0,2155.0
2419.0,2077.0
1916.0,2090.0
1915.0,1777.0
2047.0,1778.0
1780.0,1860.0
1406.0,1695.0
1318.0,1463.0
1597.0,1409.0
1541.0,1582.0
1555.0,1548.0
1156.0,1557.0
1112.0,1311.0
1427.0,1283.0
1923.0,1478.0
2353.0,1784.0
1594.0,2052.0
1743.0,1582.0
1765.0,1674.0
1719.0,1688.0
1836.0,1660.0
3173.0,1733.0
2582.0,2560.0
2558.0,2196.0
2442.0,2185.0
2458.0,2115.0
1937.0,2129.0
1926.0,1805.0
2063.0,1798.0
1784.0,1884.0
1414.0,1711.0
1328.0,1479.0
1609.0,1426.0
1550.0,1602.0
1558.0,1565.0
1162.0,1570.0
1114.0,1324.0
1430.0,1293.0
2005.0,1491.0
2358.0,1848.0
1607.0,2069.0
1753.0,1603.0
1776.0,1693.0
1725.0,1708.0
1842.0,1677.0
3193.0,1749.0
2598.0,2587.0
2561.0,2219.0
2446.0,2201.0
2475.0,2131.0
1939.0,2151.0
1935.0,1817.0
2070.0,1815.0
1789.0,1900.0
1420.0,1725.0
1333.0,1496.0
1611.0,1442.0
1558.0,1615.0
1564.0,1582.0
1172.0,1586.0
1115.0,1343.0
1441.0,1307.0
2015.0,1510.0
2365.0,1866.0
1618.0,2084.0
1759.0,1621.0
1781.0,1709.0
1729.0,1723.0
1862.0,1691.0
3196.0,1773.0
2612.0,2599.0
2572.0,2240.0
2454.0,2219.0
2490.0,2147.0
1957.0,2173.0
1944.0,1840.0
2076.0,1832.0
1803.0,1915.0
1426.0,1745.0
1341.0,1510.0
1619.0,1457.0
1576.0,1631.0
1573.0,1604.0
1188.0,1603.0
1122.0,1364.0
1452.0,1323.0
2159.0,1528.0
2466.0,1966.0
1643.0,2158.0
1777.0,1648.0
1810.0,1731.0
1756.0,1751.0
1904.0,1718.0
3223.0,1810.0
2637.0,2628.0
2587.0,2266.0
2489.0,2238.0
2514.0,2179.0
1977.0,2197.0
1974.0,1863.0
2092.0,1862.0
1821.0,1935.0
1450.0,1767.0
1354.0,1536.0
1625.0,1477.0
1593.0,1646.0
1589.0,1626.0
1192.0,1624.0
1142.0,1378.0
1465.0,1347.0
2201.0,1547.0
2534.0,2003.0
1664.0,2212.0
1800.0,1672.0
1827.0,1756.0
1773.0,1773.0
1926.0,1740.0
3242.0,1835.0
2654.0,2651.0
2608.0,2287.0
2511.0,2262.0
2540.0,2206.0
1992.0,2226.0
2010.0,1883.0
2137.0,1895.0
1850.0,1975.0
1481.0,1796.0
1364.0,1566.0
1635.0,1492.0
1620.0,1662.0
1600.0,1653.0
1215.0,1641.0
1155.0,1400.0
1474.0,1362.0
2416.0,1562.0
2576.0,2149.0
1688.0,2251.0
1813.0,1697.0
1845.0,1775.0
1808.0,1795.0
1938.0,1772.0
3258.0,1853.0
2697.0,2680.0
2621.0,2330.0
2529.0,2285.0
2557.0,2229.0
2011.0,2249.0
2044.0,1906.0
2148.0,1927.0
1869.0,1992.0
1492.0,1818.0
1396.0,1583.0
1640.0,1523.0
1629.0,1676.0
1609.0,1669.0
1238.0,1656.0
1166.0,1424.0
1484.0,1377.0
2612.0,1577.0
2583.0,2283.0
1703.0,2267.0
1832.0,1716.0
1864.0,1796.0
1823.0,1817.0
1953.0,1792.0
3290.0,1873.0
2731.0,2705.0
2637.0,2359.0
2566.0,2303.0
2573.0,2263.0
2030.0,2269.0
2070.0,1928.0
2165.0,1954.0
1880.0,2014.0
1508.0,1835.0
1431.0,1602.0
