Observation,Prediction
1580.0,1397.0
1495.0,1532.0
1514.0,1479.0
1126.0,1491.0
1083.0,1249.0
1396.0,1222.0
1390.0,1418.0
2238.0,1414.0
1547.0,1942.0
1691.0,1512.0
1695.0,1602.0
1669.0,1605.0
1778.0,1589.0
3086.0,1657.0
2521.0,2472.0
2483.0,2122.0
2354.0,2102.0
2381.0,2025.0
1893.0,2045.0
1878.0,1738.0
2015.0,1730.0
1757.0,1816.0
1389.0,1655.0
1299.0,1424.0
1584.0,1368.0
1506.0,1547.0
1534.0,1498.0
1133.0,1516.0
1087.0,1265.0
1399.0,1236.0
1574.0,1432.0
2269.0,1541.0
1560.0,1976.0
1720.0,1534.0
1733.0,1633.0
1685.0,1642.0
1804.0,1612.0
3119.0,1686.0
2558.0,2509.0
2506.0,2160.0
2378.0,2133.0
2410.0,2055.0
1900.0,2078.0
1897.0,1757.0
2036.0,1755.0
1770.0,1844.0
1395.0,1676.0
1314.0,1440.0
1592.0,1389.0
1525.0,1564.0
1547.0,1522.0
1144.0,1537.0
1096.0,1284.0
1409.0,1253.0
1794.0,1450.0
2328.0,1692.0
1580.0,2029.0
1736.0,1559.0
1745.0,1657.0
1698.0,1663.0
1823.0,1634.0
3158.0,1713.0
2571.0,2553.0
2535.0,2185.0
2403.0,2166.0
2419.0,2085.0
1916.0,2098.0
1915.0,1780.0
2047.0,1780.0
1780.0,1864.0
1406.0,1696.0
1318.0,1459.0
1597.0,1403.0
1541.0,1580.0
1555.0,1544.0
1156.0,1554.0
1112.0,1302.0
1427.0,1274.0
1923.0,1473.0
2353.0,1787.0
1594.0,2060.0
1743.0,1580.0
1765.0,1675.0
1719.0,1689.0
1836.0,1660.0
3173.0,1734.0
2582.0,2583.0
2558.0,2209.0
2442.0,2197.0
2458.0,2126.0
1937.0,2139.0
1926.0,1807.0
2063.0,1800.0
1784.0,1889.0
1414.0,1712.0
1328.0,1475.0
1609.0,1420.0
1550.0,1600.0
1558.0,1562.0
1162.0,1567.0
1114.0,1315.0
1430.0,1284.0
2005.0,1486.0
2358.0,1852.0
1607.0,2077.0
1753.0,1601.0
1776.0,1693.0
1725.0,1708.0
1842.0,1676.0
3193.0,1751.0
2598.0,2609.0
2561.0,2232.0
2446.0,2212.0
2475.0,2141.0
1939.0,2163.0
1935.0,1820.0
2070.0,1818.0
1789.0,1904.0
1420.0,1725.0
1333.0,1490.0
1611.0,1435.0
1558.0,1613.0
1564.0,1579.0
1172.0,1583.0
1115.0,1334.0
1441.0,1297.0
2015.0,1505.0
2365.0,1869.0
1618.0,2093.0
1759.0,1618.0
1781.0,1708.0
1729.0,1722.0
1862.0,1690.0
3196.0,1774.0
2612.0,2620.0
2572.0,2252.0
2454.0,2229.0
2490.0,2156.0
1957.0,2182.0
1944.0,1841.0
2076.0,1834.0
1803.0,1919.0
1426.0,1745.0
1341.0,1504.0
1619.0,1451.0
1576.0,1628.0
1573.0,1601.0
1188.0,1599.0
1122.0,1355.0
1452.0,1313.0
2159.0,1523.0
2466.0,1971.0
1643.0,2167.0
1777.0,1645.0
1810.0,1730.0
1756.0,1751.0
1904.0,1717.0
3223.0,1811.0
2637.0,2647.0
2587.0,2276.0
2489.0,2249.0
2514.0,2188.0
1977.0,2206.0
1974.0,1864.0
2092.0,1863.0
1821.0,1939.0
1450.0,1767.0
1354.0,1531.0
1625.0,1470.0
1593.0,1642.0
1589.0,1622.0
1192.0,1620.0
1142.0,1368.0
1465.0,1336.0
2201.0,1541.0
2534.0,2008.0
1664.0,2222.0
1800.0,1669.0
1827.0,1755.0
1773.0,1773.0
1926.0,1739.0
3242.0,1836.0
2654.0,2672.0
2608.0,2300.0
2511.0,2275.0
2540.0,2215.0
1992.0,2236.0
2010.0,1885.0
2137.0,1897.0
1850.0,1978.0
1481.0,1796.0
1364.0,1560.0
1635.0,1486.0
1620.0,1659.0
1600.0,1650.0
1215.0,1637.0
1155.0,1392.0
1474.0,1353.0
2416.0,1557.0
2576.0,2155.0
1688.0,2259.0
1813.0,1695.0
1845.0,1774.0
1808.0,1794.0
1938.0,1771.0
3258.0,1854.0
2697.0,2691.0
2621.0,2337.0
2529.0,2291.0
2557.0,2235.0
2011.0,2255.0
2044.0,1907.0
2148.0,1928.0
1869.0,1996.0
1492.0,1818.0
1396.0,1578.0
1640.0,1517.0
1629.0,1672.0
1609.0,1666.0
1238.0,1653.0
1166.0,1416.0
1484.0,1371.0
2612.0,1574.0
2583.0,2289.0
1703.0,2273.0
1832.0,1715.0
1864.0,1797.0
1823.0,1817.0
1953.0,1792.0
3290.0,1874.0
2731.0,2724.0
2637.0,2370.0
2566.0,2313.0
2573.0,2270.0
2030.0,2277.0
2070.0,1930.0
2165.0,1956.0
1880.0,2017.0
1508.0,1835.0
1431.0,1597.0
