Observation,Prediction
1580.0,1494.0
1495.0,1526.0
1514.0,1560.0
1126.0,1570.0
1083.0,1356.0
1396.0,1291.0
1390.0,1521.0
2238.0,1559.0
1547.0,2014.0
1691.0,1706.0
1695.0,1742.0
1669.0,1726.0
1778.0,1695.0
3086.0,1739.0
2521.0,2398.0
2483.0,2172.0
2354.0,2175.0
2381.0,2152.0
1893.0,2099.0
1878.0,1772.0
2015.0,1733.0
1757.0,1810.0
1389.0,1784.0
1299.0,1499.0
1584.0,1467.0
1506.0,1601.0
1534.0,1605.0
1133.0,1652.0
1087.0,1351.0
1399.0,1425.0
1574.0,1540.0
2269.0,1654.0
1560.0,2076.0
1720.0,1768.0
1733.0,1815.0
1685.0,1803.0
1804.0,1710.0
3119.0,1760.0
2558.0,2484.0
2506.0,2289.0
2378.0,2219.0
2410.0,2100.0
1900.0,2173.0
1897.0,1877.0
2036.0,1734.0
1770.0,1859.0
1395.0,1696.0
1314.0,1542.0
1592.0,1466.0
1525.0,1644.0
1547.0,1628.0
1144.0,1638.0
1096.0,1438.0
1409.0,1439.0
1794.0,1505.0
2328.0,1755.0
1580.0,2108.0
1736.0,1736.0
1745.0,1856.0
1698.0,1749.0
1823.0,1766.0
3158.0,1844.0
2571.0,2522.0
2535.0,2334.0
2403.0,2260.0
2419.0,2182.0
1916.0,2121.0
1915.0,1848.0
2047.0,1820.0
1780.0,1927.0
1406.0,1781.0
1318.0,1504.0
1597.0,1495.0
1541.0,1656.0
1555.0,1647.0
1156.0,1651.0
1112.0,1433.0
1427.0,1383.0
1923.0,1598.0
2353.0,1882.0
1594.0,2161.0
1743.0,1797.0
1765.0,1787.0
1719.0,1830.0
1836.0,1805.0
3173.0,1830.0
2582.0,2574.0
2558.0,2341.0
2442.0,2252.0
2458.0,2177.0
1937.0,2168.0
1926.0,1842.0
2063.0,1839.0
1784.0,1972.0
1414.0,1824.0
1328.0,1557.0
1609.0,1481.0
1550.0,1654.0
1558.0,1647.0
1162.0,1667.0
1114.0,1490.0
1430.0,1454.0
2005.0,1592.0
2358.0,1974.0
1607.0,2178.0
1753.0,1788.0
1776.0,1785.0
1725.0,1792.0
1842.0,1782.0
3193.0,1842.0
2598.0,2610.0
2561.0,2380.0
2446.0,2267.0
2475.0,2202.0
1939.0,2178.0
1935.0,1882.0
2070.0,1893.0
1789.0,1966.0
1420.0,1825.0
1333.0,1613.0
1611.0,1543.0
1558.0,1703.0
1564.0,1659.0
1172.0,1675.0
1115.0,1489.0
1441.0,1384.0
2015.0,1626.0
2365.0,1936.0
1618.0,2165.0
1759.0,1706.0
1781.0,1842.0
1729.0,1833.0
1862.0,1796.0
3196.0,1877.0
2612.0,2633.0
2572.0,2350.0
2454.0,2296.0
2490.0,2238.0
1957.0,2214.0
1944.0,1927.0
2076.0,1913.0
1803.0,1931.0
1426.0,1843.0
1341.0,1573.0
1619.0,1532.0
1576.0,1693.0
1573.0,1690.0
1188.0,1686.0
1122.0,1462.0
1452.0,1444.0
2159.0,1605.0
2466.0,2050.0
1643.0,2215.0
1777.0,1759.0
1810.0,1789.0
1756.0,1843.0
1904.0,1838.0
3223.0,1906.0
2637.0,2662.0
2587.0,2344.0
2489.0,2323.0
2514.0,2245.0
1977.0,2247.0
1974.0,1947.0
2092.0,1894.0
1821.0,1996.0
1450.0,1828.0
1354.0,1610.0
1625.0,1528.0
1593.0,1712.0
1589.0,1698.0
1192.0,1693.0
1142.0,1474.0
1465.0,1404.0
2201.0,1603.0
2534.0,2059.0
1664.0,2308.0
1800.0,1852.0
1827.0,1853.0
1773.0,1856.0
1926.0,1862.0
3242.0,1941.0
2654.0,2685.0
2608.0,2409.0
2511.0,2329.0
2540.0,2298.0
1992.0,2299.0
2010.0,1973.0
2137.0,1926.0
1850.0,2048.0
1481.0,1884.0
1364.0,1634.0
1635.0,1568.0
1620.0,1698.0
1600.0,1716.0
1215.0,1704.0
1155.0,1477.0
1474.0,1439.0
2416.0,1645.0
2576.0,2205.0
1688.0,2341.0
1813.0,1786.0
1845.0,1842.0
1808.0,1871.0
1938.0,1833.0
3258.0,1936.0
2697.0,2711.0
2621.0,2409.0
2529.0,2324.0
2557.0,2327.0
2011.0,2312.0
2044.0,1988.0
2148.0,1940.0
1869.0,2071.0
1492.0,1892.0
1396.0,1632.0
1640.0,1592.0
1629.0,1746.0
1609.0,1741.0
1238.0,1710.0
1166.0,1488.0
1484.0,1442.0
2612.0,1644.0
2583.0,2339.0
1703.0,2349.0
1832.0,1787.0
1864.0,1868.0
1823.0,1878.0
1953.0,1865.0
3290.0,1959.0
2731.0,2750.0
2637.0,2443.0
2566.0,2389.0
2573.0,2330.0
2030.0,2333.0
2070.0,2019.0
2165.0,2028.0
1880.0,2064.0
1508.0,1907.0
1431.0,1680.0
