Observation,Prediction
1580.0,1554.0
1495.0,1588.0
1514.0,1558.0
1126.0,1560.0
1083.0,1325.0
1396.0,1338.0
1390.0,1433.0
2238.0,1534.0
1547.0,1987.0
1691.0,1696.0
1695.0,1706.0
1669.0,1695.0
1778.0,1690.0
3086.0,1735.0
2521.0,2443.0
2483.0,2288.0
2354.0,2278.0
2381.0,2076.0
1893.0,2011.0
1878.0,1740.0
2015.0,1756.0
1757.0,1828.0
1389.0,1747.0
1299.0,1532.0
1584.0,1442.0
1506.0,1589.0
1534.0,1613.0
1133.0,1600.0
1087.0,1377.0
1399.0,1325.0
1574.0,1483.0
2269.0,1625.0
1560.0,2032.0
1720.0,1760.0
1733.0,1732.0
1685.0,1769.0
1804.0,1701.0
3119.0,1758.0
2558.0,2462.0
2506.0,2294.0
2378.0,2283.0
2410.0,2073.0
1900.0,2113.0
1897.0,1890.0
2036.0,1760.0
1770.0,1812.0
1395.0,1778.0
1314.0,1509.0
1592.0,1470.0
1525.0,1617.0
1547.0,1634.0
1144.0,1656.0
1096.0,1464.0
1409.0,1376.0
1794.0,1518.0
2328.0,1814.0
1580.0,2155.0
1736.0,1778.0
1745.0,1829.0
1698.0,1811.0
1823.0,1732.0
3158.0,1789.0
2571.0,2562.0
2535.0,2335.0
2403.0,2291.0
2419.0,2164.0
1916.0,2225.0
1915.0,1876.0
2047.0,1828.0
1780.0,1862.0
1406.0,1725.0
1318.0,1553.0
1597.0,1481.0
1541.0,1628.0
1555.0,1611.0
1156.0,1640.0
1112.0,1442.0
1427.0,1438.0
1923.0,1540.0
2353.0,1850.0
1594.0,2145.0
1743.0,1750.0
1765.0,1829.0
1719.0,1808.0
1836.0,1749.0
3173.0,1827.0
2582.0,2558.0
2558.0,2337.0
2442.0,2262.0
2458.0,2216.0
1937.0,2225.0
1926.0,1916.0
2063.0,1882.0
1784.0,1928.0
1414.0,1732.0
1328.0,1570.0
1609.0,1477.0
1550.0,1660.0
1558.0,1620.0
1162.0,1641.0
1114.0,1456.0
1430.0,1417.0
2005.0,1533.0
2358.0,1908.0
1607.0,2164.0
1753.0,1705.0
1776.0,1844.0
1725.0,1854.0
1842.0,1794.0
3193.0,1879.0
2598.0,2607.0
2561.0,2328.0
2446.0,2259.0
2475.0,2205.0
1939.0,2165.0
1935.0,1927.0
2070.0,1843.0
1789.0,1986.0
1420.0,1796.0
1333.0,1616.0
1611.0,1530.0
1558.0,1675.0
1564.0,1673.0
1172.0,1677.0
1115.0,1498.0
1441.0,1450.0
2015.0,1633.0
2365.0,1925.0
1618.0,2158.0
1759.0,1825.0
1781.0,1769.0
1729.0,1809.0
1862.0,1803.0
3196.0,1839.0
2612.0,2604.0
2572.0,2372.0
2454.0,2283.0
2490.0,2220.0
1957.0,2264.0
1944.0,1952.0
2076.0,1894.0
1803.0,2003.0
1426.0,1799.0
1341.0,1602.0
1619.0,1533.0
1576.0,1675.0
1573.0,1683.0
1188.0,1697.0
1122.0,1464.0
1452.0,1440.0
2159.0,1581.0
2466.0,2011.0
1643.0,2247.0
1777.0,1794.0
1810.0,1860.0
1756.0,1829.0
1904.0,1801.0
3223.0,1879.0
2637.0,2640.0
2587.0,2354.0
2489.0,2301.0
2514.0,2276.0
1977.0,2210.0
1974.0,1914.0
2092.0,1937.0
1821.0,1934.0
1450.0,1833.0
1354.0,1609.0
1625.0,1536.0
1593.0,1662.0
1589.0,1709.0
1192.0,1705.0
1142.0,1478.0
1465.0,1422.0
2201.0,1617.0
2534.0,2056.0
1664.0,2275.0
1800.0,1793.0
1827.0,1854.0
1773.0,1833.0
1926.0,1860.0
3242.0,1923.0
2654.0,2678.0
2608.0,2395.0
2511.0,2324.0
2540.0,2291.0
1992.0,2256.0
2010.0,1969.0
2137.0,1970.0
1850.0,2032.0
1481.0,1848.0
1364.0,1613.0
1635.0,1531.0
1620.0,1718.0
1600.0,1717.0
1215.0,1715.0
1155.0,1466.0
1474.0,1428.0
2416.0,1616.0
2576.0,2200.0
1688.0,2319.0
1813.0,1800.0
1845.0,1862.0
1808.0,1883.0
1938.0,1833.0
3258.0,1918.0
2697.0,2718.0
2621.0,2436.0
2529.0,2322.0
2557.0,2320.0
2011.0,2336.0
2044.0,1989.0
2148.0,1989.0
1869.0,2067.0
1492.0,1878.0
1396.0,1667.0
1640.0,1584.0
1629.0,1750.0
1609.0,1742.0
1238.0,1728.0
1166.0,1498.0
1484.0,1460.0
2612.0,1658.0
2583.0,2328.0
1703.0,2339.0
1832.0,1797.0
1864.0,1864.0
1823.0,1887.0
1953.0,1852.0
3290.0,1949.0
2731.0,2736.0
2637.0,2429.0
2566.0,2350.0
2573.0,2317.0
2030.0,2310.0
2070.0,1991.0
2165.0,2034.0
1880.0,2085.0
1508.0,1915.0
1431.0,1658.0
