Observation,Prediction
1580.0,1365.0
1495.0,1545.0
1514.0,1500.0
1126.0,1522.0
1083.0,1258.0
1396.0,1183.0
1390.0,1375.0
2238.0,1389.0
1547.0,1991.0
1691.0,1614.0
1695.0,1676.0
1669.0,1680.0
1778.0,1663.0
3086.0,1746.0
2521.0,2640.0
2483.0,2417.0
2354.0,2382.0
2381.0,2287.0
1893.0,2288.0
1878.0,1959.0
2015.0,1883.0
1757.0,1951.0
1389.0,1783.0
1299.0,1507.0
1584.0,1389.0
1506.0,1555.0
1534.0,1522.0
1133.0,1540.0
1087.0,1267.0
1399.0,1190.0
1574.0,1381.0
2269.0,1519.0
1560.0,2037.0
1720.0,1638.0
1733.0,1704.0
1685.0,1714.0
1804.0,1666.0
3119.0,1771.0
2558.0,2676.0
2506.0,2440.0
2378.0,2406.0
2410.0,2310.0
1900.0,2315.0
1897.0,1969.0
2036.0,1901.0
1770.0,1971.0
1395.0,1782.0
1314.0,1514.0
1592.0,1399.0
1525.0,1565.0
1547.0,1539.0
1144.0,1554.0
1096.0,1278.0
1409.0,1200.0
1794.0,1393.0
2328.0,1678.0
1580.0,2108.0
1736.0,1668.0
1745.0,1727.0
1698.0,1730.0
1823.0,1698.0
3158.0,1789.0
2571.0,2691.0
2535.0,2438.0
2403.0,2426.0
2419.0,2332.0
1916.0,2303.0
1915.0,1981.0
2047.0,1897.0
1780.0,1996.0
1406.0,1808.0
1318.0,1520.0
1597.0,1404.0
1541.0,1584.0
1555.0,1554.0
1156.0,1565.0
1112.0,1289.0
1427.0,1215.0
1923.0,1434.0
2353.0,1781.0
1594.0,2147.0
1743.0,1685.0
1765.0,1771.0
1719.0,1780.0
1836.0,1718.0
3173.0,1804.0
2582.0,2720.0
2558.0,2450.0
2442.0,2446.0
2458.0,2363.0
1937.0,2345.0
1926.0,1994.0
2063.0,1922.0
1784.0,2024.0
1414.0,1815.0
1328.0,1522.0
1609.0,1418.0
1550.0,1571.0
1558.0,1565.0
1162.0,1551.0
1114.0,1294.0
1430.0,1218.0
2005.0,1440.0
2358.0,1840.0
1607.0,2165.0
1753.0,1680.0
1776.0,1749.0
1725.0,1762.0
1842.0,1727.0
3193.0,1804.0
2598.0,2770.0
2561.0,2466.0
2446.0,2453.0
2475.0,2368.0
1939.0,2342.0
1935.0,1997.0
2070.0,1930.0
1789.0,2016.0
1420.0,1811.0
1333.0,1535.0
1611.0,1424.0
1558.0,1576.0
1564.0,1575.0
1172.0,1579.0
1115.0,1302.0
1441.0,1224.0
2015.0,1435.0
2365.0,1856.0
1618.0,2177.0
1759.0,1704.0
1781.0,1790.0
1729.0,1769.0
1862.0,1732.0
3196.0,1822.0
2612.0,2786.0
2572.0,2517.0
2454.0,2466.0
2490.0,2377.0
1957.0,2392.0
1944.0,2010.0
2076.0,1939.0
1803.0,2048.0
1426.0,1834.0
1341.0,1539.0
1619.0,1443.0
1576.0,1608.0
1573.0,1590.0
1188.0,1568.0
1122.0,1323.0
1452.0,1226.0
2159.0,1466.0
2466.0,1968.0
1643.0,2271.0
1777.0,1734.0
1810.0,1820.0
1756.0,1797.0
1904.0,1759.0
3223.0,1860.0
2637.0,2833.0
2587.0,2517.0
2489.0,2482.0
2514.0,2407.0
1977.0,2370.0
1974.0,2027.0
2092.0,1965.0
1821.0,2066.0
1450.0,1837.0
1354.0,1555.0
1625.0,1452.0
1593.0,1618.0
1589.0,1607.0
1192.0,1608.0
1142.0,1322.0
1465.0,1244.0
2201.0,1486.0
2534.0,2009.0
1664.0,2332.0
1800.0,1754.0
1827.0,1806.0
1773.0,1816.0
1926.0,1758.0
3242.0,1880.0
2654.0,2861.0
2608.0,2561.0
2511.0,2511.0
2540.0,2432.0
1992.0,2395.0
2010.0,2052.0
2137.0,1999.0
1850.0,2110.0
1481.0,1877.0
1364.0,1582.0
1635.0,1471.0
1620.0,1630.0
1600.0,1630.0
1215.0,1621.0
1155.0,1343.0
1474.0,1257.0
2416.0,1503.0
2576.0,2177.0
1688.0,2380.0
1813.0,1734.0
1845.0,1874.0
1808.0,1843.0
1938.0,1788.0
3258.0,1897.0
2697.0,2886.0
2621.0,2596.0
2529.0,2527.0
2557.0,2449.0
2011.0,2411.0
2044.0,2058.0
2148.0,2028.0
1869.0,2127.0
1492.0,1890.0
1396.0,1601.0
1640.0,1502.0
1629.0,1641.0
1609.0,1633.0
1238.0,1631.0
1166.0,1363.0
1484.0,1275.0
2612.0,1522.0
2583.0,2333.0
1703.0,2392.0
1832.0,1736.0
1864.0,1905.0
1823.0,1868.0
1953.0,1822.0
3290.0,1913.0
2731.0,2924.0
2637.0,2626.0
2566.0,2543.0
2573.0,2482.0
2030.0,2428.0
2070.0,2075.0
2165.0,2042.0
1880.0,2146.0
1508.0,1906.0
1431.0,1607.0
