Observation,Prediction
1580.0,1542.0
1495.0,1616.0
1514.0,1553.0
1126.0,1567.0
1083.0,1226.0
1396.0,1137.0
1390.0,1407.0
2238.0,1443.0
1547.0,2180.0
1691.0,1681.0
1695.0,1728.0
1669.0,1737.0
1778.0,1719.0
3086.0,1805.0
2521.0,2942.0
2483.0,2616.0
2354.0,2541.0
2381.0,2426.0
1893.0,2432.0
1878.0,2016.0
2015.0,1943.0
1757.0,2038.0
1389.0,1844.0
1299.0,1498.0
1584.0,1372.0
1506.0,1586.0
1534.0,1561.0
1133.0,1578.0
1087.0,1244.0
1399.0,1142.0
1574.0,1406.0
2269.0,1588.0
1560.0,2204.0
1720.0,1697.0
1733.0,1759.0
1685.0,1779.0
1804.0,1743.0
3119.0,1828.0
2558.0,2953.0
2506.0,2652.0
2378.0,2570.0
2410.0,2451.0
1900.0,2457.0
1897.0,2024.0
2036.0,1957.0
1770.0,2060.0
1395.0,1857.0
1314.0,1507.0
1592.0,1387.0
1525.0,1601.0
1547.0,1572.0
1144.0,1595.0
1096.0,1257.0
1409.0,1160.0
1794.0,1407.0
2328.0,1769.0
1580.0,2278.0
1736.0,1731.0
1745.0,1768.0
1698.0,1784.0
1823.0,1737.0
3158.0,1838.0
2571.0,2938.0
2535.0,2663.0
2403.0,2593.0
2419.0,2466.0
1916.0,2460.0
1915.0,2057.0
2047.0,1979.0
1780.0,2066.0
1406.0,1865.0
1318.0,1531.0
1597.0,1388.0
1541.0,1573.0
1555.0,1569.0
1156.0,1587.0
1112.0,1274.0
1427.0,1178.0
1923.0,1406.0
2353.0,1836.0
1594.0,2269.0
1743.0,1748.0
1765.0,1776.0
1719.0,1793.0
1836.0,1758.0
3173.0,1830.0
2582.0,2938.0
2558.0,2656.0
2442.0,2602.0
2458.0,2502.0
1937.0,2491.0
1926.0,2078.0
2063.0,1991.0
1784.0,2068.0
1414.0,1867.0
1328.0,1540.0
1609.0,1402.0
1550.0,1593.0
1558.0,1577.0
1162.0,1584.0
1114.0,1277.0
1430.0,1178.0
2005.0,1394.0
2358.0,1901.0
1607.0,2272.0
1753.0,1762.0
1776.0,1788.0
1725.0,1798.0
1842.0,1760.0
3193.0,1835.0
2598.0,2935.0
2561.0,2671.0
2446.0,2605.0
2475.0,2503.0
1939.0,2508.0
1935.0,2090.0
2070.0,1992.0
1789.0,2078.0
1420.0,1872.0
1333.0,1538.0
1611.0,1406.0
1558.0,1594.0
1564.0,1589.0
1172.0,1585.0
1115.0,1287.0
1441.0,1177.0
2015.0,1414.0
2365.0,1913.0
1618.0,2268.0
1759.0,1774.0
1781.0,1787.0
1729.0,1804.0
1862.0,1763.0
3196.0,1842.0
2612.0,2965.0
2572.0,2679.0
2454.0,2618.0
2490.0,2507.0
1957.0,2513.0
1944.0,2116.0
2076.0,2002.0
1803.0,2066.0
1426.0,1880.0
1341.0,1561.0
1619.0,1413.0
1576.0,1564.0
1573.0,1583.0
1188.0,1582.0
1122.0,1304.0
1452.0,1182.0
2159.0,1379.0
2466.0,1931.0
1643.0,2338.0
1777.0,1838.0
1810.0,1806.0
1756.0,1813.0
1904.0,1775.0
3223.0,1878.0
2637.0,2877.0
2587.0,2695.0
2489.0,2622.0
2514.0,2536.0
1977.0,2531.0
1974.0,2131.0
2092.0,2029.0
1821.0,2080.0
1450.0,1899.0
1354.0,1585.0
1625.0,1426.0
1593.0,1582.0
1589.0,1596.0
1192.0,1600.0
1142.0,1311.0
1465.0,1196.0
2201.0,1407.0
2534.0,2006.0
1664.0,2403.0
1800.0,1855.0
1827.0,1828.0
1773.0,1839.0
1926.0,1799.0
3242.0,1894.0
2654.0,2915.0
2608.0,2709.0
2511.0,2638.0
2540.0,2553.0
1992.0,2549.0
2010.0,2153.0
2137.0,2058.0
1850.0,2121.0
1481.0,1930.0
1364.0,1613.0
1635.0,1440.0
1620.0,1587.0
1600.0,1614.0
1215.0,1608.0
1155.0,1329.0
1474.0,1210.0
2416.0,1406.0
2576.0,2176.0
1688.0,2478.0
1813.0,1899.0
1845.0,1844.0
1808.0,1858.0
1938.0,1824.0
3258.0,1911.0
2697.0,2923.0
2621.0,2747.0
2529.0,2664.0
2557.0,2573.0
2011.0,2565.0
2044.0,2160.0
2148.0,2090.0
1869.0,2146.0
1492.0,1945.0
1396.0,1616.0
1640.0,1465.0
1629.0,1610.0
1609.0,1632.0
1238.0,1624.0
1166.0,1348.0
1484.0,1221.0
2612.0,1420.0
2583.0,2298.0
1703.0,2507.0
1832.0,1904.0
1864.0,1865.0
1823.0,1870.0
1953.0,1846.0
3290.0,1928.0
2731.0,2938.0
2637.0,2778.0
2566.0,2684.0
2573.0,2605.0
2030.0,2587.0
2070.0,2192.0
2165.0,2109.0
1880.0,2156.0
1508.0,1956.0
1431.0,1631.0
