Observation,Prediction
1580.0,1551.0
1495.0,1609.0
1514.0,1536.0
1126.0,1563.0
1083.0,1400.0
1396.0,1335.0
1390.0,1502.0
2238.0,1537.0
1547.0,1975.0
1691.0,1670.0
1695.0,1685.0
1669.0,1768.0
1778.0,1692.0
3086.0,1744.0
2521.0,2481.0
2483.0,2228.0
2354.0,2228.0
2381.0,2165.0
1893.0,2096.0
1878.0,1865.0
2015.0,1825.0
1757.0,1922.0
1389.0,1793.0
1299.0,1520.0
1584.0,1440.0
1506.0,1611.0
1534.0,1592.0
1133.0,1660.0
1087.0,1442.0
1399.0,1304.0
1574.0,1490.0
2269.0,1687.0
1560.0,2064.0
1720.0,1710.0
1733.0,1780.0
1685.0,1745.0
1804.0,1722.0
3119.0,1767.0
2558.0,2493.0
2506.0,2311.0
2378.0,2293.0
2410.0,2198.0
1900.0,2128.0
1897.0,1899.0
2036.0,1850.0
1770.0,1913.0
1395.0,1717.0
1314.0,1536.0
1592.0,1474.0
1525.0,1549.0
1547.0,1604.0
1144.0,1648.0
1096.0,1409.0
1409.0,1380.0
1794.0,1522.0
2328.0,1742.0
1580.0,2106.0
1736.0,1771.0
1745.0,1767.0
1698.0,1741.0
1823.0,1717.0
3158.0,1800.0
2571.0,2560.0
2535.0,2309.0
2403.0,2287.0
2419.0,2227.0
1916.0,2150.0
1915.0,1922.0
2047.0,1859.0
1780.0,1912.0
1406.0,1774.0
1318.0,1558.0
1597.0,1490.0
1541.0,1642.0
1555.0,1640.0
1156.0,1652.0
1112.0,1453.0
1427.0,1422.0
1923.0,1584.0
2353.0,1858.0
1594.0,2119.0
1743.0,1796.0
1765.0,1758.0
1719.0,1796.0
1836.0,1754.0
3173.0,1847.0
2582.0,2581.0
2558.0,2302.0
2442.0,2259.0
2458.0,2212.0
1937.0,2183.0
1926.0,1912.0
2063.0,1866.0
1784.0,1946.0
1414.0,1821.0
1328.0,1563.0
1609.0,1527.0
1550.0,1637.0
1558.0,1646.0
1162.0,1671.0
1114.0,1465.0
1430.0,1376.0
2005.0,1579.0
2358.0,1972.0
1607.0,2166.0
1753.0,1771.0
1776.0,1811.0
1725.0,1786.0
1842.0,1807.0
3193.0,1860.0
2598.0,2607.0
2561.0,2292.0
2446.0,2298.0
2475.0,2200.0
1939.0,2218.0
1935.0,1886.0
2070.0,1908.0
1789.0,1988.0
1420.0,1826.0
1333.0,1604.0
1611.0,1527.0
1558.0,1688.0
1564.0,1654.0
1172.0,1675.0
1115.0,1460.0
1441.0,1446.0
2015.0,1583.0
2365.0,1946.0
1618.0,2162.0
1759.0,1825.0
1781.0,1881.0
1729.0,1817.0
1862.0,1816.0
3196.0,1885.0
2612.0,2629.0
2572.0,2425.0
2454.0,2336.0
2490.0,2241.0
1957.0,2227.0
1944.0,1946.0
2076.0,1903.0
1803.0,1950.0
1426.0,1825.0
1341.0,1593.0
1619.0,1541.0
1576.0,1706.0
1573.0,1658.0
1188.0,1668.0
1122.0,1462.0
1452.0,1420.0
2159.0,1624.0
2466.0,2050.0
1643.0,2256.0
1777.0,1772.0
1810.0,1815.0
1756.0,1856.0
1904.0,1824.0
3223.0,1893.0
2637.0,2683.0
2587.0,2382.0
2489.0,2303.0
2514.0,2266.0
1977.0,2266.0
1974.0,1917.0
2092.0,1912.0
1821.0,1978.0
1450.0,1808.0
1354.0,1585.0
1625.0,1540.0
1593.0,1660.0
1589.0,1704.0
1192.0,1688.0
1142.0,1500.0
1465.0,1428.0
2201.0,1589.0
2534.0,2055.0
1664.0,2297.0
1800.0,1767.0
1827.0,1831.0
1773.0,1908.0
1926.0,1826.0
3242.0,1898.0
2654.0,2698.0
2608.0,2363.0
2511.0,2356.0
2540.0,2272.0
1992.0,2294.0
2010.0,1968.0
2137.0,1958.0
1850.0,2007.0
1481.0,1879.0
1364.0,1615.0
1635.0,1559.0
1620.0,1702.0
1600.0,1711.0
1215.0,1688.0
1155.0,1457.0
1474.0,1419.0
2416.0,1679.0
2576.0,2204.0
1688.0,2343.0
1813.0,1789.0
1845.0,1835.0
1808.0,1857.0
1938.0,1863.0
3258.0,1936.0
2697.0,2725.0
2621.0,2430.0
2529.0,2385.0
2557.0,2297.0
2011.0,2336.0
2044.0,1973.0
2148.0,2000.0
1869.0,2052.0
1492.0,1867.0
1396.0,1664.0
1640.0,1599.0
1629.0,1731.0
1609.0,1732.0
1238.0,1725.0
1166.0,1496.0
1484.0,1421.0
2612.0,1675.0
2583.0,2359.0
1703.0,2323.0
1832.0,1779.0
1864.0,1884.0
1823.0,1878.0
1953.0,1852.0
3290.0,1955.0
2731.0,2763.0
2637.0,2429.0
2566.0,2368.0
2573.0,2334.0
2030.0,2331.0
2070.0,2024.0
2165.0,2027.0
1880.0,2100.0
1508.0,1914.0
1431.0,1675.0
