Observation,Prediction
1580.0,1448.0
1495.0,1527.0
1514.0,1489.0
1126.0,1493.0
1083.0,1283.0
1396.0,1222.0
1390.0,1381.0
2238.0,1406.0
1547.0,1871.0
1691.0,1579.0
1695.0,1605.0
1669.0,1612.0
1778.0,1600.0
3086.0,1656.0
2521.0,2375.0
2483.0,2200.0
2354.0,2152.0
2381.0,2076.0
1893.0,2081.0
1878.0,1814.0
2015.0,1758.0
1757.0,1823.0
1389.0,1694.0
1299.0,1470.0
1584.0,1380.0
1506.0,1521.0
1534.0,1503.0
1133.0,1515.0
1087.0,1299.0
1399.0,1236.0
1574.0,1396.0
2269.0,1519.0
1560.0,1920.0
1720.0,1603.0
1733.0,1636.0
1685.0,1648.0
1804.0,1624.0
3119.0,1685.0
2558.0,2416.0
2506.0,2237.0
2378.0,2182.0
2410.0,2104.0
1900.0,2111.0
1897.0,1830.0
2036.0,1780.0
1770.0,1848.0
1395.0,1715.0
1314.0,1485.0
1592.0,1400.0
1525.0,1538.0
1547.0,1525.0
1144.0,1536.0
1096.0,1316.0
1409.0,1252.0
1794.0,1414.0
2328.0,1653.0
1580.0,1988.0
1736.0,1631.0
1745.0,1659.0
1698.0,1669.0
1823.0,1644.0
3158.0,1709.0
2571.0,2457.0
2535.0,2260.0
2403.0,2213.0
2419.0,2133.0
1916.0,2131.0
1915.0,1849.0
2047.0,1802.0
1780.0,1868.0
1406.0,1731.0
1318.0,1501.0
1597.0,1414.0
1541.0,1554.0
1555.0,1547.0
1156.0,1553.0
1112.0,1333.0
1427.0,1272.0
1923.0,1437.0
2353.0,1741.0
1594.0,2032.0
1743.0,1650.0
1765.0,1676.0
1719.0,1691.0
1836.0,1669.0
3173.0,1730.0
2582.0,2487.0
2558.0,2275.0
2442.0,2234.0
2458.0,2165.0
1937.0,2166.0
1926.0,1871.0
2063.0,1820.0
1784.0,1890.0
1414.0,1743.0
1328.0,1512.0
1609.0,1428.0
1550.0,1574.0
1558.0,1563.0
1162.0,1566.0
1114.0,1344.0
1430.0,1283.0
2005.0,1453.0
2358.0,1803.0
1607.0,2055.0
1753.0,1664.0
1776.0,1693.0
1725.0,1710.0
1842.0,1683.0
3193.0,1746.0
2598.0,2525.0
2561.0,2295.0
2446.0,2248.0
2475.0,2176.0
1939.0,2186.0
1935.0,1879.0
2070.0,1834.0
1789.0,1905.0
1420.0,1755.0
1333.0,1523.0
1611.0,1440.0
1558.0,1588.0
1564.0,1579.0
1172.0,1581.0
1115.0,1357.0
1441.0,1292.0
2015.0,1470.0
2365.0,1825.0
1618.0,2075.0
1759.0,1677.0
1781.0,1707.0
1729.0,1723.0
1862.0,1696.0
3196.0,1769.0
2612.0,2548.0
2572.0,2312.0
2454.0,2263.0
2490.0,2190.0
1957.0,2204.0
1944.0,1896.0
2076.0,1849.0
1803.0,1919.0
1426.0,1771.0
1341.0,1535.0
1619.0,1455.0
1576.0,1605.0
1573.0,1599.0
1188.0,1597.0
1122.0,1374.0
1452.0,1307.0
2159.0,1490.0
2466.0,1923.0
1643.0,2155.0
1777.0,1704.0
1810.0,1730.0
1756.0,1752.0
1904.0,1723.0
3223.0,1806.0
2637.0,2582.0
2587.0,2332.0
2489.0,2279.0
2514.0,2217.0
1977.0,2227.0
1974.0,1914.0
2092.0,1876.0
1821.0,1940.0
1450.0,1790.0
1354.0,1556.0
1625.0,1474.0
1593.0,1622.0
1589.0,1620.0
1192.0,1618.0
1142.0,1388.0
1465.0,1332.0
2201.0,1514.0
2534.0,1964.0
1664.0,2209.0
1800.0,1724.0
1827.0,1754.0
1773.0,1773.0
1926.0,1743.0
3242.0,1830.0
2654.0,2611.0
2608.0,2344.0
2511.0,2295.0
2540.0,2235.0
1992.0,2248.0
2010.0,1927.0
2137.0,1905.0
1850.0,1978.0
1481.0,1817.0
1364.0,1584.0
1635.0,1491.0
1620.0,1641.0
1600.0,1647.0
1215.0,1636.0
1155.0,1408.0
1474.0,1350.0
2416.0,1532.0
2576.0,2108.0
1688.0,2256.0
1813.0,1741.0
1845.0,1773.0
1808.0,1794.0
1938.0,1775.0
3258.0,1850.0
2697.0,2642.0
2621.0,2373.0
2529.0,2310.0
2557.0,2253.0
2011.0,2267.0
2044.0,1941.0
2148.0,1934.0
1869.0,1996.0
1492.0,1835.0
1396.0,1596.0
1640.0,1519.0
1629.0,1659.0
1609.0,1664.0
1238.0,1653.0
1166.0,1431.0
1484.0,1370.0
2612.0,1554.0
2583.0,2244.0
1703.0,2277.0
1832.0,1750.0
1864.0,1794.0
1823.0,1816.0
1953.0,1793.0
3290.0,1870.0
2731.0,2678.0
2637.0,2393.0
2566.0,2323.0
2573.0,2278.0
2030.0,2282.0
2070.0,1954.0
2165.0,1958.0
1880.0,2016.0
1508.0,1848.0
1431.0,1613.0
