Observation,Prediction
1580.0,1604.0
1495.0,1612.0
1514.0,1556.0
1126.0,1560.0
1083.0,1240.0
1396.0,1151.0
1390.0,1402.0
2238.0,1433.0
1547.0,2149.0
1691.0,1685.0
1695.0,1728.0
1669.0,1745.0
1778.0,1713.0
3086.0,1804.0
2521.0,2913.0
2483.0,2629.0
2354.0,2546.0
2381.0,2434.0
1893.0,2434.0
1878.0,2026.0
2015.0,1946.0
1757.0,2052.0
1389.0,1851.0
1299.0,1514.0
1584.0,1376.0
1506.0,1590.0
1534.0,1559.0
1133.0,1582.0
1087.0,1250.0
1399.0,1155.0
1574.0,1399.0
2269.0,1578.0
1560.0,2187.0
1720.0,1700.0
1733.0,1761.0
1685.0,1778.0
1804.0,1735.0
3119.0,1839.0
2558.0,2941.0
2506.0,2653.0
2378.0,2577.0
2410.0,2454.0
1900.0,2455.0
1897.0,2040.0
2036.0,1960.0
1770.0,2055.0
1395.0,1851.0
1314.0,1526.0
1592.0,1392.0
1525.0,1588.0
1547.0,1573.0
1144.0,1584.0
1096.0,1263.0
1409.0,1167.0
1794.0,1403.0
2328.0,1748.0
1580.0,2261.0
1736.0,1730.0
1745.0,1766.0
1698.0,1772.0
1823.0,1735.0
3158.0,1833.0
2571.0,2925.0
2535.0,2656.0
2403.0,2594.0
2419.0,2474.0
1916.0,2463.0
1915.0,2061.0
2047.0,1984.0
1780.0,2061.0
1406.0,1867.0
1318.0,1543.0
1597.0,1399.0
1541.0,1573.0
1555.0,1560.0
1156.0,1575.0
1112.0,1277.0
1427.0,1175.0
1923.0,1384.0
2353.0,1780.0
1594.0,2248.0
1743.0,1753.0
1765.0,1765.0
1719.0,1778.0
1836.0,1751.0
3173.0,1834.0
2582.0,2906.0
2558.0,2647.0
2442.0,2600.0
2458.0,2500.0
1937.0,2486.0
1926.0,2102.0
2063.0,1989.0
1784.0,2045.0
1414.0,1871.0
1328.0,1551.0
1609.0,1408.0
1550.0,1575.0
1558.0,1567.0
1162.0,1566.0
1114.0,1287.0
1430.0,1177.0
2005.0,1382.0
2358.0,1830.0
1607.0,2212.0
1753.0,1792.0
1776.0,1770.0
1725.0,1779.0
1842.0,1751.0
3193.0,1835.0
2598.0,2860.0
2561.0,2654.0
2446.0,2599.0
2475.0,2499.0
1939.0,2487.0
1935.0,2105.0
2070.0,1995.0
1789.0,2053.0
1420.0,1874.0
1333.0,1565.0
1611.0,1408.0
1558.0,1546.0
1564.0,1554.0
1172.0,1568.0
1115.0,1297.0
1441.0,1174.0
2015.0,1366.0
2365.0,1823.0
1618.0,2223.0
1759.0,1788.0
1781.0,1772.0
1729.0,1785.0
1862.0,1745.0
3196.0,1824.0
2612.0,2793.0
2572.0,2657.0
2454.0,2603.0
2490.0,2501.0
1957.0,2494.0
1944.0,2130.0
2076.0,2004.0
1803.0,2053.0
1426.0,1884.0
1341.0,1572.0
1619.0,1414.0
1576.0,1554.0
1573.0,1569.0
1188.0,1572.0
1122.0,1311.0
1452.0,1182.0
2159.0,1366.0
2466.0,1907.0
1643.0,2293.0
1777.0,1848.0
1810.0,1800.0
1756.0,1807.0
1904.0,1772.0
3223.0,1862.0
2637.0,2793.0
2587.0,2684.0
2489.0,2618.0
2514.0,2530.0
1977.0,2519.0
1974.0,2150.0
2092.0,2030.0
1821.0,2072.0
1450.0,1902.0
1354.0,1592.0
1625.0,1428.0
1593.0,1564.0
1589.0,1584.0
1192.0,1587.0
1142.0,1317.0
1465.0,1197.0
2201.0,1381.0
2534.0,1944.0
1664.0,2354.0
1800.0,1879.0
1827.0,1825.0
1773.0,1826.0
1926.0,1790.0
3242.0,1883.0
2654.0,2819.0
2608.0,2704.0
2511.0,2638.0
2540.0,2551.0
1992.0,2544.0
2010.0,2165.0
2137.0,2058.0
1850.0,2113.0
1481.0,1932.0
1364.0,1622.0
1635.0,1444.0
1620.0,1576.0
1600.0,1606.0
1215.0,1602.0
1155.0,1335.0
1474.0,1211.0
2416.0,1392.0
2576.0,2101.0
1688.0,2435.0
1813.0,1915.0
1845.0,1844.0
1808.0,1845.0
1938.0,1819.0
3258.0,1902.0
2697.0,2844.0
2621.0,2741.0
2529.0,2658.0
2557.0,2569.0
2011.0,2561.0
2044.0,2181.0
2148.0,2086.0
1869.0,2129.0
1492.0,1949.0
1396.0,1632.0
1640.0,1468.0
1629.0,1588.0
1609.0,1616.0
1238.0,1611.0
1166.0,1352.0
1484.0,1222.0
2612.0,1404.0
2583.0,2247.0
1703.0,2485.0
1832.0,1939.0
1864.0,1864.0
1823.0,1864.0
1953.0,1836.0
3290.0,1917.0
2731.0,2877.0
2637.0,2774.0
2566.0,2678.0
2573.0,2600.0
2030.0,2581.0
2070.0,2196.0
2165.0,2108.0
1880.0,2148.0
1508.0,1960.0
1431.0,1644.0
