Observation,Prediction
1580.0,1378.0
1495.0,1510.0
1514.0,1482.0
1126.0,1489.0
1083.0,1272.0
1396.0,1215.0
1390.0,1384.0
2238.0,1405.0
1547.0,1885.0
1691.0,1567.0
1695.0,1601.0
1669.0,1609.0
1778.0,1596.0
3086.0,1655.0
2521.0,2400.0
2483.0,2194.0
2354.0,2148.0
2381.0,2071.0
1893.0,2078.0
1878.0,1800.0
2015.0,1751.0
1757.0,1822.0
1389.0,1687.0
1299.0,1458.0
1584.0,1373.0
1506.0,1522.0
1534.0,1500.0
1133.0,1513.0
1087.0,1288.0
1399.0,1228.0
1574.0,1397.0
2269.0,1520.0
1560.0,1933.0
1720.0,1590.0
1733.0,1632.0
1685.0,1645.0
1804.0,1620.0
3119.0,1684.0
2558.0,2441.0
2506.0,2233.0
2378.0,2179.0
2410.0,2101.0
1900.0,2111.0
1897.0,1819.0
2036.0,1776.0
1770.0,1850.0
1395.0,1708.0
1314.0,1472.0
1592.0,1392.0
1525.0,1539.0
1547.0,1523.0
1144.0,1533.0
1096.0,1303.0
1409.0,1242.0
1794.0,1414.0
2328.0,1660.0
1580.0,2004.0
1736.0,1617.0
1745.0,1655.0
1698.0,1666.0
1823.0,1641.0
3158.0,1709.0
2571.0,2490.0
2535.0,2258.0
2403.0,2210.0
2419.0,2129.0
1916.0,2131.0
1915.0,1838.0
2047.0,1798.0
1780.0,1870.0
1406.0,1724.0
1318.0,1487.0
1597.0,1403.0
1541.0,1554.0
1555.0,1542.0
1156.0,1549.0
1112.0,1319.0
1427.0,1262.0
1923.0,1438.0
2353.0,1750.0
1594.0,2043.0
1743.0,1635.0
1765.0,1672.0
1719.0,1690.0
1836.0,1665.0
3173.0,1731.0
2582.0,2521.0
2558.0,2274.0
2442.0,2234.0
2458.0,2163.0
1937.0,2166.0
1926.0,1860.0
2063.0,1815.0
1784.0,1891.0
1414.0,1737.0
1328.0,1500.0
1609.0,1420.0
1550.0,1575.0
1558.0,1560.0
1162.0,1563.0
1114.0,1330.0
1430.0,1273.0
2005.0,1453.0
2358.0,1814.0
1607.0,2066.0
1753.0,1649.0
1776.0,1690.0
1725.0,1708.0
1842.0,1680.0
3193.0,1746.0
2598.0,2555.0
2561.0,2293.0
2446.0,2246.0
2475.0,2175.0
1939.0,2187.0
1935.0,1868.0
2070.0,1830.0
1789.0,1906.0
1420.0,1748.0
1333.0,1512.0
1611.0,1434.0
1558.0,1590.0
1564.0,1576.0
1172.0,1578.0
1115.0,1346.0
1441.0,1285.0
2015.0,1473.0
2365.0,1836.0
1618.0,2085.0
1759.0,1661.0
1781.0,1704.0
1729.0,1722.0
1862.0,1693.0
3196.0,1769.0
2612.0,2575.0
2572.0,2307.0
2454.0,2261.0
2490.0,2187.0
1957.0,2205.0
1944.0,1885.0
2076.0,1845.0
1803.0,1920.0
1426.0,1765.0
1341.0,1522.0
1619.0,1446.0
1576.0,1606.0
1573.0,1596.0
1188.0,1594.0
1122.0,1363.0
1452.0,1300.0
2159.0,1492.0
2466.0,1936.0
1643.0,2165.0
1777.0,1688.0
1810.0,1727.0
1756.0,1750.0
1904.0,1720.0
3223.0,1806.0
2637.0,2610.0
2587.0,2330.0
2489.0,2279.0
2514.0,2216.0
1977.0,2229.0
1974.0,1904.0
2092.0,1872.0
1821.0,1941.0
1450.0,1784.0
1354.0,1546.0
1625.0,1466.0
1593.0,1623.0
1589.0,1617.0
1192.0,1615.0
1142.0,1374.0
1465.0,1322.0
2201.0,1514.0
2534.0,1977.0
1664.0,2220.0
1800.0,1707.0
1827.0,1752.0
1773.0,1771.0
1926.0,1741.0
3242.0,1832.0
2654.0,2644.0
2608.0,2344.0
2511.0,2299.0
2540.0,2239.0
1992.0,2254.0
2010.0,1918.0
2137.0,1903.0
1850.0,1980.0
1481.0,1811.0
1364.0,1572.0
1635.0,1482.0
1620.0,1642.0
1600.0,1645.0
1215.0,1633.0
1155.0,1396.0
1474.0,1341.0
2416.0,1533.0
2576.0,2126.0
1688.0,2266.0
1813.0,1725.0
1845.0,1770.0
1808.0,1793.0
1938.0,1772.0
3258.0,1851.0
2697.0,2671.0
2621.0,2372.0
2529.0,2312.0
2557.0,2254.0
2011.0,2271.0
2044.0,1933.0
2148.0,1933.0
1869.0,1998.0
1492.0,1830.0
1396.0,1586.0
1640.0,1512.0
1629.0,1659.0
1609.0,1660.0
1238.0,1648.0
1166.0,1418.0
1484.0,1359.0
2612.0,1554.0
2583.0,2269.0
1703.0,2285.0
1832.0,1731.0
1864.0,1793.0
1823.0,1815.0
1953.0,1791.0
3290.0,1871.0
2731.0,2714.0
2637.0,2393.0
2566.0,2328.0
2573.0,2283.0
2030.0,2288.0
2070.0,1945.0
2165.0,1958.0
1880.0,2018.0
1508.0,1842.0
1431.0,1600.0
