Observation,Prediction
1580.0,1372.0
1495.0,1528.0
1514.0,1477.0
1126.0,1488.0
1083.0,1253.0
1396.0,1226.0
1390.0,1417.0
2238.0,1413.0
1547.0,1928.0
1691.0,1509.0
1695.0,1596.0
1669.0,1600.0
1778.0,1584.0
3086.0,1650.0
2521.0,2447.0
2483.0,2106.0
2354.0,2087.0
2381.0,2012.0
1893.0,2032.0
1878.0,1732.0
2015.0,1723.0
1757.0,1809.0
1389.0,1650.0
1299.0,1423.0
1584.0,1368.0
1506.0,1544.0
1534.0,1496.0
1133.0,1513.0
1087.0,1267.0
1399.0,1239.0
1574.0,1431.0
2269.0,1538.0
1560.0,1965.0
1720.0,1531.0
1733.0,1629.0
1685.0,1637.0
1804.0,1608.0
3119.0,1681.0
2558.0,2491.0
2506.0,2149.0
2378.0,2121.0
2410.0,2044.0
1900.0,2067.0
1897.0,1750.0
2036.0,1749.0
1770.0,1836.0
1395.0,1671.0
1314.0,1439.0
1592.0,1390.0
1525.0,1562.0
1547.0,1521.0
1144.0,1534.0
1096.0,1284.0
1409.0,1254.0
1794.0,1448.0
2328.0,1688.0
1580.0,2020.0
1736.0,1556.0
1745.0,1652.0
1698.0,1659.0
1823.0,1630.0
3158.0,1708.0
2571.0,2540.0
2535.0,2177.0
2403.0,2159.0
2419.0,2079.0
1916.0,2092.0
1915.0,1775.0
2047.0,1775.0
1780.0,1859.0
1406.0,1691.0
1318.0,1457.0
1597.0,1401.0
1541.0,1577.0
1555.0,1542.0
1156.0,1551.0
1112.0,1301.0
1427.0,1274.0
1923.0,1471.0
2353.0,1781.0
1594.0,2052.0
1743.0,1577.0
1765.0,1670.0
1719.0,1684.0
1836.0,1656.0
3173.0,1729.0
2582.0,2569.0
2558.0,2200.0
2442.0,2189.0
2458.0,2118.0
1937.0,2132.0
1926.0,1801.0
2063.0,1795.0
1784.0,1882.0
1414.0,1706.0
1328.0,1474.0
1609.0,1420.0
1550.0,1597.0
1558.0,1560.0
1162.0,1565.0
1114.0,1316.0
1430.0,1285.0
2005.0,1484.0
2358.0,1846.0
1607.0,2068.0
1753.0,1598.0
1776.0,1689.0
1725.0,1704.0
1842.0,1672.0
3193.0,1746.0
2598.0,2593.0
2561.0,2221.0
2446.0,2202.0
2475.0,2132.0
1939.0,2153.0
1935.0,1815.0
2070.0,1812.0
1789.0,1899.0
1420.0,1721.0
1333.0,1489.0
1611.0,1434.0
1558.0,1610.0
1564.0,1576.0
1172.0,1580.0
1115.0,1334.0
1441.0,1297.0
2015.0,1503.0
2365.0,1864.0
1618.0,2085.0
1759.0,1615.0
1781.0,1704.0
1729.0,1718.0
1862.0,1686.0
3196.0,1770.0
2612.0,2610.0
2572.0,2243.0
2454.0,2221.0
2490.0,2149.0
1957.0,2174.0
1944.0,1837.0
2076.0,1830.0
1803.0,1914.0
1426.0,1741.0
1341.0,1502.0
1619.0,1448.0
1576.0,1624.0
1573.0,1597.0
1188.0,1596.0
1122.0,1352.0
1452.0,1311.0
2159.0,1520.0
2466.0,1965.0
1643.0,2160.0
1777.0,1643.0
1810.0,1727.0
1756.0,1749.0
1904.0,1714.0
3223.0,1808.0
2637.0,2644.0
2587.0,2274.0
2489.0,2246.0
2514.0,2186.0
1977.0,2204.0
1974.0,1861.0
2092.0,1860.0
1821.0,1935.0
1450.0,1763.0
1354.0,1528.0
1625.0,1468.0
1593.0,1640.0
1589.0,1620.0
1192.0,1617.0
1142.0,1366.0
1465.0,1334.0
2201.0,1538.0
2534.0,2004.0
1664.0,2216.0
1800.0,1666.0
1827.0,1752.0
1773.0,1769.0
1926.0,1736.0
3242.0,1832.0
2654.0,2666.0
2608.0,2295.0
2511.0,2269.0
2540.0,2209.0
1992.0,2230.0
2010.0,1881.0
2137.0,1893.0
1850.0,1975.0
1481.0,1792.0
1364.0,1559.0
1635.0,1484.0
1620.0,1656.0
1600.0,1647.0
1215.0,1634.0
1155.0,1390.0
1474.0,1351.0
2416.0,1554.0
2576.0,2151.0
1688.0,2256.0
1813.0,1692.0
1845.0,1771.0
1808.0,1791.0
1938.0,1768.0
3258.0,1851.0
2697.0,2688.0
2621.0,2333.0
2529.0,2288.0
2557.0,2232.0
2011.0,2253.0
2044.0,1904.0
2148.0,1926.0
1869.0,1993.0
1492.0,1815.0
1396.0,1575.0
1640.0,1514.0
1629.0,1670.0
1609.0,1663.0
1238.0,1650.0
1166.0,1414.0
1484.0,1367.0
2612.0,1570.0
2583.0,2286.0
1703.0,2271.0
1832.0,1712.0
1864.0,1794.0
1823.0,1814.0
1953.0,1789.0
3290.0,1871.0
2731.0,2722.0
2637.0,2368.0
2566.0,2311.0
2573.0,2267.0
2030.0,2274.0
2070.0,1926.0
2165.0,1952.0
1880.0,2014.0
1508.0,1832.0
1431.0,1595.0
