Observation,Prediction
1580.0,1368.0
1495.0,1509.0
1514.0,1482.0
1126.0,1489.0
1083.0,1271.0
1396.0,1215.0
1390.0,1384.0
2238.0,1405.0
1547.0,1886.0
1691.0,1565.0
1695.0,1601.0
1669.0,1609.0
1778.0,1595.0
3086.0,1655.0
2521.0,2399.0
2483.0,2191.0
2354.0,2145.0
2381.0,2068.0
1893.0,2075.0
1878.0,1799.0
2015.0,1750.0
1757.0,1821.0
1389.0,1686.0
1299.0,1457.0
1584.0,1373.0
1506.0,1522.0
1534.0,1500.0
1133.0,1513.0
1087.0,1289.0
1399.0,1230.0
1574.0,1398.0
2269.0,1521.0
1560.0,1932.0
1720.0,1589.0
1733.0,1632.0
1685.0,1644.0
1804.0,1620.0
3119.0,1684.0
2558.0,2438.0
2506.0,2229.0
2378.0,2175.0
2410.0,2097.0
1900.0,2107.0
1897.0,1816.0
2036.0,1773.0
1770.0,1847.0
1395.0,1706.0
1314.0,1473.0
1592.0,1393.0
1525.0,1540.0
1547.0,1522.0
1144.0,1533.0
1096.0,1305.0
1409.0,1245.0
1794.0,1416.0
2328.0,1660.0
1580.0,2000.0
1736.0,1616.0
1745.0,1655.0
1698.0,1666.0
1823.0,1640.0
3158.0,1709.0
2571.0,2490.0
2535.0,2254.0
2403.0,2207.0
2419.0,2127.0
1916.0,2129.0
1915.0,1835.0
2047.0,1796.0
1780.0,1868.0
1406.0,1723.0
1318.0,1487.0
1597.0,1405.0
1541.0,1555.0
1555.0,1543.0
1156.0,1550.0
1112.0,1320.0
1427.0,1264.0
1923.0,1440.0
2353.0,1750.0
1594.0,2040.0
1743.0,1636.0
1765.0,1672.0
1719.0,1689.0
1836.0,1666.0
3173.0,1730.0
2582.0,2519.0
2558.0,2271.0
2442.0,2232.0
2458.0,2162.0
1937.0,2166.0
1926.0,1859.0
2063.0,1814.0
1784.0,1890.0
1414.0,1736.0
1328.0,1500.0
1609.0,1420.0
1550.0,1576.0
1558.0,1560.0
1162.0,1563.0
1114.0,1332.0
1430.0,1275.0
2005.0,1454.0
2358.0,1814.0
1607.0,2064.0
1753.0,1648.0
1776.0,1689.0
1725.0,1708.0
1842.0,1680.0
3193.0,1746.0
2598.0,2549.0
2561.0,2289.0
2446.0,2243.0
2475.0,2173.0
1939.0,2186.0
1935.0,1866.0
2070.0,1829.0
1789.0,1905.0
1420.0,1747.0
1333.0,1511.0
1611.0,1434.0
1558.0,1590.0
1564.0,1576.0
1172.0,1579.0
1115.0,1348.0
1441.0,1288.0
2015.0,1474.0
2365.0,1836.0
1618.0,2083.0
1759.0,1660.0
1781.0,1704.0
1729.0,1721.0
1862.0,1692.0
3196.0,1769.0
2612.0,2573.0
2572.0,2302.0
2454.0,2256.0
2490.0,2184.0
1957.0,2202.0
1944.0,1884.0
2076.0,1844.0
1803.0,1919.0
1426.0,1764.0
1341.0,1522.0
1619.0,1447.0
1576.0,1606.0
1573.0,1596.0
1188.0,1594.0
1122.0,1364.0
1452.0,1302.0
2159.0,1494.0
2466.0,1936.0
1643.0,2163.0
1777.0,1686.0
1810.0,1727.0
1756.0,1750.0
1904.0,1720.0
3223.0,1806.0
2637.0,2609.0
2587.0,2325.0
2489.0,2275.0
2514.0,2214.0
1977.0,2226.0
1974.0,1902.0
2092.0,1872.0
1821.0,1940.0
1450.0,1784.0
1354.0,1547.0
1625.0,1467.0
1593.0,1623.0
1589.0,1617.0
1192.0,1614.0
1142.0,1374.0
1465.0,1322.0
2201.0,1514.0
2534.0,1978.0
1664.0,2219.0
1800.0,1706.0
1827.0,1751.0
1773.0,1771.0
1926.0,1741.0
3242.0,1831.0
2654.0,2636.0
2608.0,2340.0
2511.0,2296.0
2540.0,2235.0
1992.0,2251.0
2010.0,1916.0
2137.0,1902.0
1850.0,1979.0
1481.0,1810.0
1364.0,1573.0
1635.0,1484.0
1620.0,1643.0
1600.0,1645.0
1215.0,1634.0
1155.0,1398.0
1474.0,1345.0
2416.0,1536.0
2576.0,2127.0
1688.0,2263.0
1813.0,1722.0
1845.0,1771.0
1808.0,1793.0
1938.0,1771.0
3258.0,1851.0
2697.0,2669.0
2621.0,2366.0
2529.0,2308.0
2557.0,2251.0
2011.0,2267.0
2044.0,1930.0
2148.0,1932.0
1869.0,1997.0
1492.0,1828.0
1396.0,1586.0
1640.0,1513.0
1629.0,1661.0
1609.0,1661.0
1238.0,1649.0
1166.0,1419.0
1484.0,1361.0
2612.0,1556.0
2583.0,2268.0
1703.0,2281.0
1832.0,1730.0
1864.0,1793.0
1823.0,1815.0
1953.0,1791.0
3290.0,1871.0
2731.0,2709.0
2637.0,2388.0
2566.0,2323.0
2573.0,2279.0
2030.0,2283.0
2070.0,1944.0
2165.0,1956.0
1880.0,2016.0
1508.0,1842.0
1431.0,1603.0
