Observation,Prediction
1580.0,1438.0
1495.0,1599.0
1514.0,1551.0
1126.0,1569.0
1083.0,1234.0
1396.0,1146.0
1390.0,1406.0
2238.0,1428.0
1547.0,2164.0
1691.0,1685.0
1695.0,1738.0
1669.0,1744.0
1778.0,1727.0
3086.0,1812.0
2521.0,2946.0
2483.0,2631.0
2354.0,2540.0
2381.0,2428.0
1893.0,2431.0
1878.0,2025.0
2015.0,1944.0
1757.0,2042.0
1389.0,1845.0
1299.0,1506.0
1584.0,1368.0
1506.0,1588.0
1534.0,1562.0
1133.0,1575.0
1087.0,1245.0
1399.0,1150.0
1574.0,1406.0
2269.0,1585.0
1560.0,2208.0
1720.0,1702.0
1733.0,1759.0
1685.0,1779.0
1804.0,1743.0
3119.0,1837.0
2558.0,2968.0
2506.0,2660.0
2378.0,2574.0
2410.0,2452.0
1900.0,2457.0
1897.0,2031.0
2036.0,1960.0
1770.0,2062.0
1395.0,1858.0
1314.0,1516.0
1592.0,1388.0
1525.0,1587.0
1547.0,1575.0
1144.0,1588.0
1096.0,1258.0
1409.0,1158.0
1794.0,1396.0
2328.0,1744.0
1580.0,2262.0
1736.0,1734.0
1745.0,1766.0
1698.0,1779.0
1823.0,1735.0
3158.0,1834.0
2571.0,2996.0
2535.0,2655.0
2403.0,2582.0
2419.0,2471.0
1916.0,2467.0
1915.0,2050.0
2047.0,1980.0
1780.0,2071.0
1406.0,1866.0
1318.0,1526.0
1597.0,1394.0
1541.0,1573.0
1555.0,1562.0
1156.0,1573.0
1112.0,1275.0
1427.0,1170.0
1923.0,1395.0
2353.0,1829.0
1594.0,2240.0
1743.0,1753.0
1765.0,1771.0
1719.0,1783.0
1836.0,1752.0
3173.0,1831.0
2582.0,2960.0
2558.0,2654.0
2442.0,2596.0
2458.0,2495.0
1937.0,2493.0
1926.0,2075.0
2063.0,1985.0
1784.0,2070.0
1414.0,1870.0
1328.0,1538.0
1609.0,1402.0
1550.0,1584.0
1558.0,1568.0
1162.0,1572.0
1114.0,1275.0
1430.0,1174.0
2005.0,1380.0
2358.0,1853.0
1607.0,2238.0
1753.0,1764.0
1776.0,1780.0
1725.0,1796.0
1842.0,1766.0
3193.0,1842.0
2598.0,2948.0
2561.0,2681.0
2446.0,2612.0
2475.0,2494.0
1939.0,2491.0
1935.0,2101.0
2070.0,1993.0
1789.0,2059.0
1420.0,1873.0
1333.0,1550.0
1611.0,1406.0
1558.0,1562.0
1564.0,1565.0
1172.0,1573.0
1115.0,1291.0
1441.0,1174.0
2015.0,1386.0
2365.0,1848.0
1618.0,2231.0
1759.0,1778.0
1781.0,1785.0
1729.0,1795.0
1862.0,1759.0
3196.0,1842.0
2612.0,2878.0
2572.0,2674.0
2454.0,2609.0
2490.0,2502.0
1957.0,2511.0
1944.0,2109.0
2076.0,2003.0
1803.0,2067.0
1426.0,1882.0
1341.0,1566.0
1619.0,1411.0
1576.0,1574.0
1573.0,1583.0
1188.0,1578.0
1122.0,1306.0
1452.0,1180.0
2159.0,1379.0
2466.0,1940.0
1643.0,2325.0
1777.0,1837.0
1810.0,1804.0
1756.0,1818.0
1904.0,1776.0
3223.0,1880.0
2637.0,2924.0
2587.0,2700.0
2489.0,2622.0
2514.0,2532.0
1977.0,2518.0
1974.0,2142.0
2092.0,2026.0
1821.0,2072.0
1450.0,1898.0
1354.0,1585.0
1625.0,1423.0
1593.0,1574.0
1589.0,1591.0
1192.0,1594.0
1142.0,1310.0
1465.0,1193.0
2201.0,1391.0
2534.0,1979.0
1664.0,2386.0
1800.0,1865.0
1827.0,1822.0
1773.0,1832.0
1926.0,1793.0
3242.0,1885.0
2654.0,2917.0
2608.0,2711.0
2511.0,2638.0
2540.0,2549.0
1992.0,2543.0
2010.0,2157.0
2137.0,2054.0
1850.0,2112.0
1481.0,1928.0
1364.0,1614.0
1635.0,1438.0
1620.0,1577.0
1600.0,1607.0
1215.0,1602.0
1155.0,1330.0
1474.0,1207.0
2416.0,1395.0
2576.0,2116.0
1688.0,2446.0
1813.0,1910.0
1845.0,1842.0
1808.0,1851.0
1938.0,1818.0
3258.0,1903.0
2697.0,2860.0
2621.0,2744.0
2529.0,2657.0
2557.0,2567.0
2011.0,2560.0
2044.0,2174.0
2148.0,2082.0
1869.0,2129.0
1492.0,1946.0
1396.0,1625.0
1640.0,1462.0
1629.0,1588.0
1609.0,1617.0
1238.0,1611.0
1166.0,1348.0
1484.0,1219.0
2612.0,1407.0
2583.0,2262.0
1703.0,2494.0
1832.0,1932.0
1864.0,1861.0
1823.0,1863.0
1953.0,1835.0
3290.0,1919.0
2731.0,2937.0
2637.0,2777.0
2566.0,2678.0
2573.0,2599.0
2030.0,2581.0
2070.0,2190.0
2165.0,2105.0
1880.0,2148.0
1508.0,1958.0
1431.0,1638.0
