Observation,Prediction
1830.0,2103.0
1792.0,1865.0
1922.0,1768.0
1623.0,1824.0
1323.0,1633.0
1228.0,1436.0
1550.0,1338.0
1465.0,1491.0
1484.0,1469.0
1094.0,1478.0
1045.0,1266.0
1353.0,1187.0
1187.0,1357.0
2094.0,1261.0
1481.0,1797.0
1619.0,1534.0
1602.0,1590.0
1612.0,1595.0
1727.0,1568.0
2998.0,1665.0
2469.0,2405.0
2408.0,2248.0
2265.0,2210.0
2262.0,2121.0
1836.0,2099.0
1818.0,1840.0
1939.0,1772.0
1636.0,1827.0
1352.0,1655.0
1252.0,1456.0
1558.0,1357.0
1470.0,1517.0
1487.0,1487.0
1097.0,1497.0
1048.0,1272.0
1357.0,1197.0
1191.0,1364.0
2101.0,1292.0
1490.0,1817.0
1640.0,1552.0
1609.0,1606.0
1618.0,1592.0
1732.0,1595.0
3017.0,1664.0
2473.0,2439.0
2430.0,2254.0
2276.0,2222.0
2273.0,2121.0
1843.0,2108.0
1830.0,1840.0
1947.0,1785.0
1646.0,1839.0
1360.0,1666.0
1257.0,1466.0
1561.0,1366.0
1472.0,1525.0
1495.0,1495.0
1105.0,1508.0
1057.0,1277.0
1373.0,1210.0
1195.0,1380.0
2110.0,1301.0
1498.0,1831.0
1645.0,1562.0
1619.0,1615.0
1624.0,1605.0
1740.0,1606.0
3031.0,1675.0
2480.0,2456.0
2442.0,2265.0
2290.0,2231.0
2284.0,2137.0
1859.0,2122.0
1841.0,1857.0
1961.0,1798.0
1656.0,1856.0
1369.0,1679.0
1267.0,1476.0
1568.0,1377.0
1480.0,1536.0
1505.0,1506.0
1113.0,1520.0
1066.0,1287.0
1383.0,1218.0
1207.0,1393.0
2192.0,1312.0
1513.0,1889.0
1666.0,1585.0
1675.0,1637.0
1641.0,1646.0
1757.0,1628.0
3070.0,1695.0
2500.0,2505.0
2456.0,2283.0
2316.0,2250.0
2366.0,2163.0
1875.0,2183.0
1855.0,1880.0
1990.0,1816.0
1700.0,1882.0
1376.0,1715.0
1287.0,1490.0
1580.0,1395.0
1495.0,1551.0
1514.0,1521.0
1126.0,1532.0
1083.0,1299.0
1396.0,1235.0
1390.0,1408.0
2238.0,1429.0
1547.0,1936.0
1691.0,1626.0
1695.0,1664.0
1669.0,1669.0
1778.0,1654.0
3086.0,1716.0
2521.0,2505.0
2483.0,2315.0
2354.0,2279.0
2381.0,2195.0
1893.0,2197.0
1878.0,1903.0
2015.0,1839.0
1757.0,1903.0
1389.0,1758.0
1299.0,1512.0
1584.0,1411.0
1506.0,1558.0
1534.0,1534.0
1133.0,1550.0
1087.0,1314.0
1399.0,1244.0
1574.0,1412.0
2269.0,1543.0
1560.0,1980.0
1720.0,1649.0
1733.0,1689.0
1685.0,1700.0
1804.0,1674.0
3119.0,1739.0
2558.0,2523.0
2506.0,2345.0
2378.0,2298.0
2410.0,2218.0
1900.0,2223.0
1897.0,1914.0
2036.0,1853.0
1770.0,1917.0
1395.0,1773.0
1314.0,1526.0
1592.0,1428.0
1525.0,1568.0
1547.0,1553.0
1144.0,1566.0
1096.0,1333.0
1409.0,1260.0
1794.0,1425.0
2328.0,1680.0
1580.0,2043.0
1736.0,1682.0
1745.0,1708.0
1698.0,1715.0
1823.0,1688.0
3158.0,1756.0
2571.0,2553.0
2535.0,2362.0
2403.0,2320.0
2419.0,2234.0
1916.0,2228.0
1915.0,1928.0
2047.0,1869.0
1780.0,1931.0
1406.0,1784.0
1318.0,1535.0
1597.0,1434.0
1541.0,1577.0
1555.0,1568.0
1156.0,1578.0
1112.0,1344.0
1427.0,1274.0
1923.0,1444.0
2353.0,1766.0
1594.0,2082.0
1743.0,1699.0
1765.0,1721.0
1719.0,1733.0
1836.0,1708.0
3173.0,1773.0
2582.0,2580.0
2558.0,2376.0
2442.0,2339.0
2458.0,2264.0
1937.0,2261.0
1926.0,1953.0
2063.0,1885.0
1784.0,1949.0
1414.0,1796.0
1328.0,1546.0
1609.0,1444.0
1550.0,1589.0
1558.0,1580.0
1162.0,1586.0
1114.0,1351.0
1430.0,1279.0
2005.0,1449.0
2358.0,1821.0
1607.0,2102.0
1753.0,1717.0
1776.0,1733.0
1725.0,1747.0
1842.0,1718.0
3193.0,1783.0
2598.0,2603.0
2561.0,2399.0
2446.0,2352.0
2475.0,2275.0
1939.0,2276.0
1935.0,1956.0
2070.0,1893.0
1789.0,1959.0
1420.0,1802.0
1333.0,1551.0
1611.0,1451.0
1558.0,1601.0
1564.0,1591.0
1172.0,1595.0
1115.0,1361.0
1441.0,1285.0
2015.0,1463.0
2365.0,1843.0
1618.0,2118.0
1759.0,1719.0
1781.0,1743.0
1729.0,1756.0
1862.0,1726.0
3196.0,1801.0
2612.0,2624.0
2572.0,2412.0
2454.0,2363.0
2490.0,2286.0
1957.0,2318.0
1944.0,1965.0
2076.0,1903.0
1803.0,1978.0
1426.0,1827.0
1341.0,1566.0
1619.0,1457.0
1576.0,1600.0
1573.0,1603.0
1188.0,1604.0
1122.0,1372.0
1452.0,1282.0
2159.0,1461.0
2466.0,1924.0
1643.0,2206.0
1777.0,1751.0
1810.0,1765.0
1756.0,1781.0
1904.0,1754.0
3223.0,1836.0
2637.0,2663.0
2587.0,2434.0
2489.0,2407.0
2514.0,2338.0
1977.0,2340.0
1974.0,2010.0
2092.0,1941.0
1821.0,1997.0
1450.0,1841.0
1354.0,1582.0
1625.0,1470.0
1593.0,1613.0
1589.0,1620.0
1192.0,1621.0
1142.0,1378.0
1465.0,1299.0
2201.0,1480.0
2534.0,1966.0
1664.0,2267.0
1800.0,1792.0
1827.0,1789.0
1773.0,1803.0
1926.0,1772.0
3242.0,1860.0
2654.0,2694.0
2608.0,2482.0
2511.0,2424.0
2540.0,2354.0
1992.0,2361.0
2010.0,2020.0
2137.0,1967.0
1850.0,2034.0
1481.0,1867.0
1364.0,1606.0
1635.0,1484.0
1620.0,1629.0
1600.0,1645.0
1215.0,1636.0
1155.0,1395.0
1474.0,1314.0
2416.0,1497.0
2576.0,2116.0
1688.0,2326.0
1813.0,1812.0
1845.0,1806.0
1808.0,1821.0
1938.0,1800.0
3258.0,1878.0
2697.0,2721.0
2621.0,2510.0
2529.0,2437.0
2557.0,2369.0
2011.0,2375.0
2044.0,2032.0
2148.0,1993.0
1869.0,2049.0
1492.0,1882.0
1396.0,1616.0
1640.0,1510.0
1629.0,1644.0
1609.0,1657.0
1238.0,1648.0
1166.0,1414.0
1484.0,1329.0
2612.0,1514.0
2583.0,2257.0
1703.0,2357.0
1832.0,1817.0
1864.0,1825.0
1823.0,1840.0
1953.0,1817.0
3290.0,1906.0
2731.0,2767.0
2637.0,2528.0
2566.0,2455.0
2573.0,2413.0
2030.0,2392.0
2070.0,2071.0
2165.0,2019.0
1880.0,2082.0
1508.0,1894.0
1431.0,1628.0
