Observation,Prediction
1580.0,1362.0
1495.0,1580.0
1514.0,1495.0
1126.0,1514.0
1083.0,1126.0
1396.0,1083.0
1390.0,1396.0
2238.0,1390.0
1547.0,2238.0
1691.0,1547.0
1695.0,1691.0
1669.0,1695.0
1778.0,1669.0
3086.0,1778.0
2521.0,3086.0
2483.0,2521.0
2354.0,2483.0
2381.0,2354.0
1893.0,2381.0
1878.0,1893.0
2015.0,1878.0
1757.0,2015.0
1389.0,1757.0
1299.0,1389.0
1584.0,1299.0
1506.0,1584.0
1534.0,1506.0
1133.0,1534.0
1087.0,1133.0
1399.0,1087.0
1574.0,1399.0
2269.0,1574.0
1560.0,2269.0
1720.0,1560.0
1733.0,1720.0
1685.0,1733.0
1804.0,1685.0
3119.0,1804.0
2558.0,3119.0
2506.0,2558.0
2378.0,2506.0
2410.0,2378.0
1900.0,2410.0
1897.0,1900.0
2036.0,1897.0
1770.0,2036.0
1395.0,1770.0
1314.0,1395.0
1592.0,1314.0
1525.0,1592.0
1547.0,1525.0
1144.0,1547.0
1096.0,1144.0
1409.0,1096.0
1794.0,1409.0
2328.0,1794.0
1580.0,2328.0
1736.0,1580.0
1745.0,1736.0
1698.0,1745.0
1823.0,1698.0
3158.0,1823.0
2571.0,3158.0
2535.0,2571.0
2403.0,2535.0
2419.0,2403.0
1916.0,2419.0
1915.0,1916.0
2047.0,1915.0
1780.0,2047.0
1406.0,1780.0
1318.0,1406.0
1597.0,1318.0
1541.0,1597.0
1555.0,1541.0
1156.0,1555.0
1112.0,1156.0
1427.0,1112.0
1923.0,1427.0
2353.0,1923.0
1594.0,2353.0
1743.0,1594.0
1765.0,1743.0
1719.0,1765.0
1836.0,1719.0
3173.0,1836.0
2582.0,3173.0
2558.0,2582.0
2442.0,2558.0
2458.0,2442.0
1937.0,2458.0
1926.0,1937.0
2063.0,1926.0
1784.0,2063.0
1414.0,1784.0
1328.0,1414.0
1609.0,1328.0
1550.0,1609.0
1558.0,1550.0
1162.0,1558.0
1114.0,1162.0
1430.0,1114.0
2005.0,1430.0
2358.0,2005.0
1607.0,2358.0
1753.0,1607.0
1776.0,1753.0
1725.0,1776.0
1842.0,1725.0
3193.0,1842.0
2598.0,3193.0
2561.0,2598.0
2446.0,2561.0
2475.0,2446.0
1939.0,2475.0
1935.0,1939.0
2070.0,1935.0
1789.0,2070.0
1420.0,1789.0
1333.0,1420.0
1611.0,1333.0
1558.0,1611.0
1564.0,1558.0
1172.0,1564.0
1115.0,1172.0
1441.0,1115.0
2015.0,1441.0
2365.0,2015.0
1618.0,2365.0
1759.0,1618.0
1781.0,1759.0
1729.0,1781.0
1862.0,1729.0
3196.0,1862.0
2612.0,3196.0
2572.0,2612.0
2454.0,2572.0
2490.0,2454.0
1957.0,2490.0
1944.0,1957.0
2076.0,1944.0
1803.0,2076.0
1426.0,1803.0
1341.0,1426.0
1619.0,1341.0
1576.0,1619.0
1573.0,1576.0
1188.0,1573.0
1122.0,1188.0
1452.0,1122.0
2159.0,1452.0
2466.0,2159.0
1643.0,2466.0
1777.0,1643.0
1810.0,1777.0
1756.0,1810.0
1904.0,1756.0
3223.0,1904.0
2637.0,3223.0
2587.0,2637.0
2489.0,2587.0
2514.0,2489.0
1977.0,2514.0
1974.0,1977.0
2092.0,1974.0
1821.0,2092.0
1450.0,1821.0
1354.0,1450.0
1625.0,1354.0
1593.0,1625.0
1589.0,1593.0
1192.0,1589.0
1142.0,1192.0
1465.0,1142.0
2201.0,1465.0
2534.0,2201.0
1664.0,2534.0
1800.0,1664.0
1827.0,1800.0
1773.0,1827.0
1926.0,1773.0
3242.0,1926.0
2654.0,3242.0
2608.0,2654.0
2511.0,2608.0
2540.0,2511.0
1992.0,2540.0
2010.0,1992.0
2137.0,2010.0
1850.0,2137.0
1481.0,1850.0
1364.0,1481.0
1635.0,1364.0
1620.0,1635.0
1600.0,1620.0
1215.0,1600.0
1155.0,1215.0
1474.0,1155.0
2416.0,1474.0
2576.0,2416.0
1688.0,2576.0
1813.0,1688.0
1845.0,1813.0
1808.0,1845.0
1938.0,1808.0
3258.0,1938.0
2697.0,3258.0
2621.0,2697.0
2529.0,2621.0
2557.0,2529.0
2011.0,2557.0
2044.0,2011.0
2148.0,2044.0
1869.0,2148.0
1492.0,1869.0
1396.0,1492.0
1640.0,1396.0
1629.0,1640.0
1609.0,1629.0
1238.0,1609.0
1166.0,1238.0
1484.0,1166.0
2612.0,1484.0
2583.0,2612.0
1703.0,2583.0
1832.0,1703.0
1864.0,1832.0
1823.0,1864.0
1953.0,1823.0
3290.0,1953.0
2731.0,3290.0
2637.0,2731.0
2566.0,2637.0
2573.0,2566.0
2030.0,2573.0
2070.0,2030.0
2165.0,2070.0
1880.0,2165.0
1508.0,1880.0
1431.0,1508.0
