Naive,AR,ARMA,ARIMA,ETS,PreviousObservation,CurrentObservation
38.0,38.0,38.0,38.0,38.0,38.0,58.0
58.0,48.0,48.0,48.0,48.0,58.0,72.0
72.0,56.0,56.0,56.0,56.0,72.0,83.0
83.0,74.0,88.0,0.0,96.0,83.0,38.0
38.0,63.0,66.0,58.0,55.0,38.0,41.0
41.0,52.0,54.0,55.0,41.0,41.0,37.0
37.0,47.0,47.0,52.0,37.0,37.0,58.0
58.0,54.0,55.0,53.0,53.0,58.0,42.0
42.0,50.0,49.0,52.0,52.0,42.0,130.0
130.0,45.0,29.0,60.0,60.0,130.0,159.0
159.0,131.0,123.0,69.0,159.0,159.0,56.0
56.0,63.0,48.0,68.0,90.0,56.0,61.0
61.0,65.0,74.0,67.0,67.0,61.0,155.0
155.0,94.0,112.0,73.0,103.0,155.0,91.0
91.0,78.0,59.0,75.0,97.0,91.0,168.0
168.0,106.0,107.0,168.0,121.0,168.0,50.0
50.0,74.0,83.0,50.0,118.0,50.0,120.0
120.0,85.0,90.0,120.0,124.0,120.0,59.0
59.0,78.0,81.0,80.0,120.0,59.0,215.0
215.0,84.0,55.0,114.0,134.0,215.0,72.0
72.0,87.0,112.0,108.0,134.0,72.0,118.0
118.0,86.0,61.0,110.0,136.0,118.0,93.0
93.0,87.0,108.0,106.0,137.0,93.0,62.0
62.0,88.0,72.0,98.0,137.0,62.0,46.0
46.0,86.0,102.0,85.0,129.0,46.0,104.0
104.0,85.0,69.0,86.0,137.0,104.0,80.0
80.0,86.0,102.0,85.0,90.0,80.0,95.0
95.0,85.0,70.0,86.0,91.0,95.0,55.0
55.0,87.0,102.0,85.0,85.0,55.0,50.0
50.0,85.0,73.0,84.0,44.0,50.0,143.0
143.0,81.0,82.0,85.0,85.0,143.0,66.0
66.0,87.0,91.0,85.0,85.0,66.0,132.0
132.0,82.0,75.0,86.0,86.0,132.0,165.0
165.0,85.0,87.0,89.0,89.0,165.0,171.0
171.0,95.0,109.0,91.0,110.0,171.0,116.0
116.0,93.0,107.0,121.0,112.0,116.0,145.0
145.0,98.0,113.0,127.0,113.0,145.0,169.0
169.0,105.0,124.0,139.0,115.0,169.0,137.0
137.0,103.0,124.0,139.0,114.0,137.0,194.0
194.0,118.0,142.0,155.0,153.0,194.0,69.0
69.0,93.0,116.0,131.0,117.0,69.0,155.0
155.0,107.0,123.0,137.0,119.0,155.0,78.0
78.0,96.0,109.0,134.0,121.0,78.0,236.0
236.0,113.0,136.0,115.0,124.0,236.0,116.0
116.0,103.0,129.0,180.0,151.0,116.0,138.0
138.0,106.0,129.0,144.0,154.0,138.0,106.0
106.0,103.0,122.0,152.0,122.0,106.0,72.0
72.0,99.0,109.0,127.0,123.0,72.0,54.0
54.0,96.0,96.0,105.0,120.0,54.0,115.0
115.0,103.0,100.0,89.0,119.0,115.0,90.0
90.0,100.0,98.0,107.0,117.0,90.0,114.0
114.0,103.0,101.0,93.0,117.0,114.0,65.0
65.0,98.0,94.0,105.0,114.0,65.0,71.0
71.0,97.0,90.0,80.0,114.0,71.0,165.0
165.0,107.0,104.0,86.0,116.0,165.0,90.0
90.0,100.0,101.0,112.0,110.0,90.0,141.0
141.0,105.0,108.0,99.0,115.0,141.0,184.0
184.0,111.0,121.0,124.0,117.0,184.0,188.0
188.0,116.0,134.0,155.0,119.0,188.0,124.0
124.0,108.0,127.0,160.0,119.0,124.0,172.0
172.0,116.0,135.0,150.0,120.0,172.0,175.0
175.0,119.0,141.0,160.0,121.0,175.0,201.0
201.0,128.0,154.0,170.0,124.0,201.0,269.0
269.0,157.0,187.0,196.0,197.0,269.0,244.0
244.0,161.0,204.0,232.0,214.0,244.0,159.0
159.0,130.0,182.0,220.0,196.0,159.0,96.0
96.0,107.0,147.0,169.0,169.0,96.0,254.0
254.0,163.0,178.0,191.0,200.0,254.0,135.0
135.0,122.0,161.0,188.0,170.0,135.0,152.0
152.0,128.0,155.0,170.0,171.0,152.0,114.0
114.0,115.0,140.0,156.0,157.0,114.0,82.0
82.0,105.0,121.0,135.0,137.0,82.0,73.0
73.0,101.0,106.0,105.0,141.0,73.0,131.0
131.0,120.0,113.0,120.0,121.0,131.0,103.0
103.0,111.0,110.0,110.0,115.0,103.0,123.0
123.0,118.0,114.0,111.0,118.0,123.0,77.0
77.0,103.0,104.0,111.0,106.0,77.0,84.0
84.0,105.0,99.0,95.0,99.0,84.0,169.0
169.0,132.0,119.0,119.0,119.0,169.0,98.0
98.0,110.0,113.0,120.0,113.0,98.0,153.0
153.0,127.0,123.0,121.0,124.0,153.0,190.0
190.0,139.0,139.0,142.0,143.0,190.0,204.0
204.0,146.0,155.0,169.0,162.0,204.0,143.0
143.0,126.0,147.0,171.0,156.0,143.0,181.0
181.0,140.0,153.0,166.0,164.0,181.0,186.0
186.0,142.0,159.0,174.0,170.0,186.0,227.0
227.0,160.0,176.0,188.0,188.0,227.0,449.0
449.0,280.0,274.0,290.0,281.0,449.0,261.0
261.0,188.0,259.0,276.0,277.0,261.0,180.0
180.0,151.0,217.0,241.0,250.0,180.0,113.0
113.0,120.0,166.0,200.0,212.0,113.0,261.0
261.0,188.0,197.0,219.0,230.0,261.0,137.0
137.0,132.0,170.0,195.0,205.0,137.0,586.0
586.0,332.0,288.0,228.0,304.0,586.0,124.0
124.0,130.0,232.0,376.0,264.0,124.0,84.0
84.0,118.0,189.0,55.0,225.0,84.0,96.0
96.0,121.0,160.0,229.0,200.0,96.0,135.0
135.0,133.0,150.0,208.0,187.0,135.0,106.0
106.0,124.0,137.0,228.0,167.0,106.0,127.0
127.0,130.0,134.0,141.0,149.0,127.0,88.0
88.0,118.0,122.0,136.0,129.0,88.0,100.0
100.0,122.0,118.0,126.0,118.0,100.0,173.0
173.0,143.0,131.0,139.0,136.0,173.0,104.0
104.0,123.0,125.0,130.0,126.0,104.0,159.0
159.0,139.0,132.0,137.0,136.0,159.0,195.0
195.0,150.0,146.0,150.0,155.0,195.0,213.0
213.0,156.0,159.0,164.0,174.0,213.0,151.0
151.0,138.0,154.0,161.0,168.0,151.0,184.0
184.0,148.0,158.0,166.0,175.0,184.0,196.0
196.0,152.0,164.0,173.0,181.0,196.0,240.0
240.0,167.0,178.0,189.0,200.0,240.0,460.0
460.0,251.0,250.0,266.0,291.0,460.0,272.0
272.0,187.0,247.0,268.0,287.0,272.0,187.0
187.0,156.0,218.0,243.0,260.0,187.0,133.0
133.0,137.0,185.0,216.0,225.0,133.0,266.0
266.0,185.0,203.0,227.0,240.0,266.0,138.0
138.0,139.0,179.0,207.0,215.0,138.0,588.0
588.0,299.0,277.0,291.0,317.0,588.0,186.0
186.0,157.0,245.0,310.0,286.0,186.0,131.0
131.0,140.0,211.0,132.0,250.0,131.0,102.0
102.0,131.0,180.0,205.0,216.0,102.0,152.0
152.0,146.0,169.0,190.0,202.0,152.0,114.0
114.0,135.0,153.0,234.0,181.0,114.0,131.0
131.0,140.0,147.0,172.0,169.0,131.0,98.0
98.0,130.0,135.0,120.0,150.0,98.0,108.0
108.0,132.0,130.0,144.0,133.0,108.0,178.0
178.0,153.0,141.0,152.0,155.0,178.0,115.0
115.0,135.0,135.0,144.0,138.0,115.0,163.0
163.0,149.0,142.0,148.0,146.0,163.0,202.0
202.0,161.0,154.0,160.0,166.0,202.0,221.0
221.0,167.0,167.0,172.0,185.0,221.0,157.0
157.0,148.0,162.0,169.0,178.0,157.0,188.0
188.0,158.0,166.0,173.0,182.0,188.0,209.0
209.0,164.0,173.0,180.0,192.0,209.0,244.0
244.0,176.0,185.0,193.0,209.0,244.0,465.0
465.0,254.0,249.0,260.0,295.0,465.0,277.0
277.0,192.0,247.0,266.0,294.0,277.0,197.0
197.0,166.0,224.0,247.0,268.0,197.0,142.0
142.0,147.0,194.0,248.0,234.0,142.0,280.0
280.0,194.0,211.0,302.0,252.0,280.0,141.0
141.0,147.0,187.0,223.0,222.0,141.0,590.0
590.0,297.0,277.0,256.0,326.0,590.0,194.0
194.0,165.0,248.0,278.0,295.0,194.0,135.0
135.0,148.0,215.0,164.0,254.0,135.0,106.0
106.0,139.0,185.0,257.0,219.0,106.0,158.0
158.0,155.0,175.0,230.0,205.0,158.0,123.0
123.0,144.0,161.0,223.0,185.0,123.0,150.0
150.0,152.0,157.0,172.0,177.0,150.0,114.0
114.0,141.0,147.0,127.0,162.0,114.0,113.0
113.0,141.0,140.0,81.0,147.0,113.0,184.0
184.0,162.0,150.0,179.0,163.0,184.0,164.0
164.0,156.0,153.0,191.0,164.0,164.0,167.0
167.0,157.0,156.0,180.0,168.0,167.0,211.0
211.0,170.0,166.0,188.0,182.0,211.0,234.0
234.0,178.0,179.0,205.0,201.0,234.0,244.0
244.0,181.0,190.0,211.0,216.0,244.0,209.0
209.0,171.0,190.0,203.0,216.0,209.0,223.0
223.0,176.0,193.0,199.0,220.0,223.0,264.0
264.0,189.0,205.0,215.0,236.0,264.0,592.0
592.0,305.0,294.0,305.0,350.0,592.0,445.0
445.0,267.0,330.0,349.0,385.0,445.0,214.0
214.0,180.0,278.0,240.0,335.0,214.0,240.0
240.0,190.0,255.0,247.0,310.0,240.0,297.0
297.0,212.0,257.0,261.0,310.0,297.0,157.0
157.0,160.0,219.0,228.0,268.0,157.0,601.0
601.0,325.0,313.0,333.0,368.0,601.0,206.0
206.0,179.0,275.0,276.0,326.0,206.0,153.0
153.0,161.0,236.0,249.0,279.0,153.0,116.0
116.0,148.0,199.0,230.0,232.0,116.0,169.0
169.0,166.0,188.0,232.0,219.0,169.0,126.0
126.0,151.0,170.0,218.0,194.0,126.0,160.0
160.0,163.0,166.0,218.0,186.0,160.0,135.0
135.0,154.0,158.0,198.0,173.0,135.0,132.0
132.0,153.0,153.0,190.0,161.0,132.0,189.0
189.0,172.0,162.0,199.0,172.0,189.0,176.0
176.0,168.0,165.0,207.0,176.0,176.0,186.0
186.0,171.0,169.0,201.0,180.0,186.0,230.0
230.0,187.0,182.0,212.0,199.0,230.0,238.0
238.0,190.0,193.0,223.0,214.0,238.0,248.0
248.0,194.0,202.0,224.0,227.0,248.0,223.0
223.0,185.0,203.0,220.0,229.0,223.0,239.0
239.0,191.0,207.0,219.0,234.0,239.0,329.0
329.0,224.0,232.0,245.0,267.0,329.0,611.0
611.0,339.0,326.0,305.0,386.0,611.0,453.0
453.0,286.0,352.0,367.0,409.0,453.0,541.0
541.0,335.0,400.0,438.0,456.0,541.0,263.0
263.0,212.0,332.0,380.0,397.0,263.0,313.0
313.0,234.0,309.0,263.0,374.0,313.0,165.0
165.0,170.0,246.0,261.0,311.0,165.0,611.0
611.0,361.0,351.0,386.0,409.0,611.0,220.0
220.0,194.0,299.0,344.0,355.0,220.0,201.0
201.0,186.0,260.0,310.0,311.0,201.0,142.0
142.0,163.0,217.0,262.0,261.0,142.0,183.0
183.0,179.0,202.0,261.0,240.0,183.0,142.0
142.0,162.0,182.0,221.0,210.0,142.0,170.0
170.0,174.0,178.0,207.0,198.0,170.0,137.0
137.0,160.0,166.0,155.0,179.0,137.0,136.0
136.0,160.0,159.0,141.0,165.0,136.0,207.0
207.0,188.0,173.0,188.0,182.0,207.0,183.0
183.0,179.0,176.0,195.0,184.0,183.0,197.0
197.0,184.0,181.0,169.0,190.0,197.0,240.0
240.0,202.0,196.0,274.0,210.0,240.0,245.0
245.0,204.0,207.0,266.0,223.0,245.0,262.0
262.0,211.0,218.0,208.0,240.0,262.0,239.0
239.0,202.0,219.0,223.0,241.0,239.0,245.0
245.0,205.0,221.0,269.0,244.0,245.0,339.0
339.0,244.0,249.0,298.0,279.0,339.0,616.0
616.0,369.0,349.0,372.0,400.0,616.0,471.0
471.0,311.0,373.0,408.0,428.0,471.0,559.0
559.0,361.0,419.0,463.0,478.0,559.0,281.0
281.0,229.0,346.0,400.0,414.0,281.0,331.0
331.0,253.0,324.0,378.0,389.0,331.0,282.0
282.0,230.0,294.0,475.0,356.0,282.0,628.0
628.0,398.0,393.0,433.0,453.0,628.0,231.0
231.0,207.0,322.0,373.0,382.0,231.0,216.0
216.0,201.0,275.0,145.0,329.0,216.0,147.0
147.0,169.0,224.0,212.0,270.0,147.0,209.0
209.0,197.0,215.0,143.0,251.0,209.0,158.0
158.0,174.0,194.0,221.0,220.0,158.0,179.0
179.0,184.0,188.0,207.0,209.0,179.0,148.0
148.0,169.0,175.0,187.0,187.0,148.0,146.0
146.0,168.0,168.0,174.0,174.0,146.0,215.0
215.0,200.0,184.0,187.0,190.0,215.0,199.0
199.0,193.0,188.0,191.0,195.0,199.0,215.0
215.0,200.0,196.0,199.0,204.0,215.0,249.0
249.0,216.0,211.0,215.0,222.0,249.0,249.0
249.0,216.0,219.0,226.0,234.0,249.0,277.0
277.0,229.0,233.0,242.0,252.0,277.0,251.0
251.0,217.0,233.0,245.0,253.0,251.0,262.0
262.0,222.0,236.0,251.0,259.0,262.0,349.0
349.0,263.0,266.0,283.0,294.0,349.0,839.0
839.0,508.0,448.0,481.0,505.0,839.0,479.0
479.0,332.0,432.0,478.0,498.0,479.0,581.0
581.0,389.0,463.0,517.0,534.0,581.0,300.0
300.0,247.0,374.0,439.0,451.0,300.0,347.0
347.0,271.0,344.0,499.0,417.0,347.0,297.0
297.0,247.0,309.0,552.0,376.0,297.0,637.0
637.0,420.0,411.0,459.0,476.0,637.0,255.0
255.0,226.0,337.0,393.0,400.0,255.0,225.0
225.0,212.0,284.0,338.0,339.0,225.0,156.0
156.0,178.0,230.0,293.0,274.0,156.0,226.0
226.0,212.0,225.0,258.0,259.0,226.0,169.0
169.0,184.0,203.0,227.0,227.0,169.0,190.0
190.0,194.0,198.0,214.0,215.0,190.0,159.0
159.0,179.0,185.0,196.0,195.0,159.0,157.0
157.0,178.0,177.0,183.0,182.0,157.0,234.0
234.0,216.0,198.0,201.0,204.0,234.0,214.0
214.0,206.0,203.0,205.0,210.0,214.0,225.0
225.0,212.0,209.0,212.0,218.0,225.0,262.0
262.0,230.0,225.0,229.0,237.0,262.0,257.0
257.0,227.0,232.0,239.0,247.0,257.0,292.0
292.0,245.0,248.0,257.0,267.0,292.0,269.0
269.0,234.0,249.0,261.0,270.0,269.0,308.0
308.0,253.0,262.0,278.0,287.0,308.0,371.0
371.0,285.0,291.0,311.0,322.0,371.0,854.0
854.0,539.0,480.0,514.0,538.0,854.0,496.0
496.0,353.0,455.0,506.0,525.0,496.0,608.0
608.0,417.0,487.0,546.0,562.0,608.0,323.0
323.0,267.0,393.0,462.0,472.0,323.0,361.0
361.0,287.0,359.0,261.0,434.0,361.0,302.0
302.0,257.0,319.0,381.0,385.0,302.0,644.0
644.0,439.0,425.0,380.0,490.0,644.0,264.0
264.0,237.0,345.0,401.0,408.0,264.0,230.0
230.0,220.0,289.0,341.0,342.0,230.0,166.0
166.0,187.0,235.0,203.0,275.0,166.0,228.0
228.0,219.0,229.0,228.0,260.0,228.0,173.0
173.0,191.0,207.0,226.0,226.0,173.0,200.0
200.0,204.0,204.0,216.0,219.0,200.0,165.0
165.0,186.0,191.0,197.0,198.0,165.0,161.0
161.0,184.0,182.0,184.0,186.0,161.0,245.0
245.0,227.0,207.0,206.0,212.0,245.0,219.0
219.0,214.0,211.0,211.0,217.0,219.0,234.0
234.0,222.0,218.0,220.0,226.0,234.0,264.0
264.0,237.0,233.0,236.0,244.0,264.0,260.0
260.0,235.0,239.0,245.0,253.0,260.0,296.0
296.0,254.0,255.0,264.0,273.0,296.0,274.0
274.0,243.0,256.0,268.0,276.0,274.0,314.0
314.0,264.0,270.0,285.0,294.0,314.0,386.0
386.0,301.0,304.0,323.0,334.0,386.0,869.0
869.0,564.0,501.0,537.0,564.0,869.0,499.0
499.0,364.0,467.0,521.0,539.0,499.0,608.0
608.0,427.0,494.0,556.0,572.0,608.0,334.0
334.0,279.0,399.0,365.0,478.0,334.0,368.0
368.0,298.0,365.0,328.0,437.0,368.0,313.0
313.0,268.0,327.0,437.0,390.0,313.0,645.0
645.0,449.0,433.0,494.0,498.0,645.0,270.0
270.0,246.0,349.0,405.0,409.0,270.0,233.0
233.0,226.0,291.0,278.0,339.0,233.0,169.0
169.0,192.0,237.0,253.0,273.0,169.0,233.0
233.0,226.0,233.0,214.0,258.0,233.0,183.0
183.0,200.0,213.0,301.0,229.0,183.0,210.0
210.0,214.0,212.0,186.0,223.0,210.0,168.0
168.0,192.0,197.0,201.0,202.0,168.0,167.0
167.0,191.0,188.0,188.0,189.0,167.0,246.0
246.0,233.0,212.0,210.0,216.0,246.0,225.0
225.0,222.0,217.0,216.0,222.0,225.0,239.0
239.0,229.0,225.0,225.0,232.0,239.0,277.0
277.0,249.0,243.0,342.0,253.0,277.0,265.0
265.0,243.0,247.0,221.0,261.0,265.0,308.0
308.0,266.0,265.0,274.0,283.0,308.0,282.0
282.0,252.0,266.0,277.0,285.0,282.0,321.0
321.0,273.0,280.0,294.0,303.0,321.0,398.0
398.0,315.0,315.0,335.0,346.0,398.0,870.0
870.0,577.0,515.0,551.0,580.0,870.0,502.0
502.0,374.0,475.0,530.0,549.0,502.0,615.0
615.0,439.0,501.0,565.0,582.0,615.0,341.0
341.0,288.0,405.0,475.0,482.0,341.0,377.0
377.0,308.0,371.0,283.0,440.0,377.0,320.0
320.0,277.0,333.0,446.0,392.0,320.0,654.0
654.0,462.0,443.0,400.0,508.0,654.0,279.0
279.0,255.0,356.0,411.0,414.0,279.0,238.0
238.0,233.0,296.0,210.0,342.0,238.0,184.0
184.0,204.0,245.0,212.0,276.0,184.0,237.0
237.0,232.0,239.0,232.0,262.0,237.0,195.0
195.0,210.0,221.0,296.0,234.0,195.0,228.0
228.0,227.0,224.0,241.0,234.0,228.0,170.0
170.0,196.0,204.0,208.0,209.0,170.0,177.0
177.0,200.0,196.0,195.0,196.0,177.0,258.0
258.0,244.0,223.0,220.0,226.0,258.0,235.0
235.0,231.0,227.0,226.0,232.0,235.0,277.0
277.0,254.0,245.0,246.0,254.0,277.0,303.0
303.0,268.0,264.0,269.0,278.0,303.0,268.0
268.0,249.0,261.0,269.0,276.0,268.0,316.0
316.0,275.0,277.0,287.0,296.0,316.0,296.0
296.0,265.0,277.0,291.0,298.0,296.0,354.0
354.0,296.0,300.0,316.0,325.0,354.0,416.0
416.0,330.0,334.0,356.0,368.0,416.0,880.0
880.0,593.0,534.0,573.0,603.0,880.0,892.0
892.0,617.0,658.0,724.0,740.0,892.0,623.0
623.0,461.0,591.0,677.0,691.0,623.0,347.0
347.0,299.0,437.0,537.0,540.0,347.0,389.0
389.0,324.0,388.0,474.0,475.0,389.0,332.0
332.0,291.0,342.0,490.0,413.0,332.0,659.0
659.0,483.0,460.0,517.0,528.0,659.0,290.0
290.0,267.0,361.0,423.0,425.0,290.0,243.0
243.0,240.0,296.0,347.0,346.0,243.0,195.0
195.0,213.0,245.0,282.0,280.0,195.0,245.0
245.0,241.0,244.0,266.0,266.0,245.0,207.0
207.0,219.0,227.0,240.0,241.0,207.0,237.0
237.0,237.0,232.0,239.0,241.0,237.0,180.0
180.0,204.0,211.0,214.0,215.0,180.0,186.0
186.0,207.0,204.0,202.0,204.0,186.0,266.0
266.0,253.0,233.0,229.0,235.0,266.0,310.0
310.0,278.0,265.0,264.0,272.0,310.0,294.0
294.0,269.0,272.0,277.0,284.0,294.0,316.0
316.0,282.0,285.0,294.0,302.0,316.0,274.0
274.0,258.0,273.0,285.0,291.0,274.0,326.0
326.0,288.0,289.0,303.0,309.0,326.0,310.0
310.0,279.0,290.0,306.0,312.0,310.0,374.0
374.0,316.0,317.0,335.0,343.0,374.0,429.0
429.0,348.0,352.0,376.0,386.0,429.0,900.0
900.0,629.0,568.0,609.0,629.0,900.0,908.0
908.0,648.0,686.0,757.0,759.0,908.0,634.0
634.0,481.0,601.0,606.0,708.0,634.0,369.0
369.0,319.0,439.0,526.0,553.0,369.0,416.0
416.0,348.0,398.0,554.0,494.0,416.0,337.0
337.0,300.0,346.0,487.0,424.0,337.0,685.0
685.0,513.0,483.0,605.0,549.0,685.0,293.0
293.0,274.0,365.0,434.0,435.0,293.0,250.0
250.0,248.0,296.0,208.0,352.0,250.0,209.0
209.0,223.0,249.0,356.0,288.0,209.0,249.0
249.0,247.0,248.0,251.0,270.0,249.0,229.0
229.0,235.0,239.0,321.0,255.0,229.0,244.0
244.0,244.0,242.0,263.0,253.0,244.0,185.0
185.0,209.0,217.0,219.0,224.0,185.0,219.0
219.0,229.0,222.0,219.0,224.0,219.0,277.0
277.0,264.0,249.0,245.0,251.0,277.0,446.0
446.0,366.0,335.0,375.0,348.0,446.0,305.0
305.0,281.0,308.0,364.0,330.0,305.0,332.0
332.0,297.0,309.0,305.0,334.0,332.0,359.0
359.0,314.0,321.0,375.0,349.0,359.0,346.0
346.0,306.0,320.0,333.0,350.0,346.0,336.0
336.0,300.0,316.0,352.0,346.0,336.0,393.0
393.0,335.0,339.0,358.0,372.0,393.0,445.0
445.0,366.0,372.0,410.0,410.0,445.0,913.0
913.0,656.0,598.0,640.0,656.0,913.0,933.0
933.0,681.0,714.0,790.0,796.0,933.0,656.0
656.0,506.0,617.0,499.0,732.0,656.0,389.0
389.0,338.0,447.0,393.0,571.0,389.0,437.0
437.0,368.0,410.0,393.0,510.0,437.0,360.0
360.0,320.0,360.0,403.0,441.0,360.0,703.0
703.0,536.0,506.0,526.0,571.0,703.0,304.0
304.0,285.0,373.0,429.0,447.0,304.0,252.0
252.0,253.0,297.0,215.0,356.0,252.0,212.0
212.0,228.0,250.0,368.0,289.0,212.0,262.0
262.0,259.0,256.0,268.0,278.0,262.0,244.0
244.0,248.0,250.0,344.0,264.0,244.0,245.0
245.0,249.0,248.0,280.0,257.0,245.0,249.0
249.0,251.0,249.0,321.0,256.0,249.0,230.0
230.0,239.0,241.0,286.0,245.0,230.0,287.0
287.0,275.0,264.0,323.0,268.0,287.0,457.0
457.0,380.0,353.0,418.0,364.0,457.0,316.0
316.0,293.0,320.0,361.0,343.0,316.0,351.0
351.0,315.0,324.0,325.0,350.0,351.0,372.0
372.0,328.0,335.0,399.0,364.0,372.0,352.0
352.0,316.0,330.0,342.0,361.0,352.0,345.0
345.0,311.0,325.0,362.0,356.0,345.0,402.0
402.0,347.0,350.0,380.0,382.0,402.0,455.0
455.0,380.0,384.0,424.0,421.0,455.0,945.0
945.0,692.0,632.0,674.0,685.0,945.0,967.0
967.0,718.0,748.0,782.0,831.0,967.0,684.0
684.0,534.0,639.0,515.0,762.0,684.0,410.0
410.0,357.0,457.0,412.0,592.0,410.0,445.0
445.0,380.0,417.0,406.0,522.0,445.0,375.0
375.0,335.0,369.0,417.0,451.0,375.0,723.0
723.0,560.0,528.0,554.0,591.0,723.0,314.0
314.0,296.0,379.0,413.0,457.0,314.0,264.0
264.0,264.0,303.0,213.0,365.0,264.0,229.0
229.0,242.0,259.0,424.0,300.0,229.0,277.0
277.0,272.0,269.0,247.0,291.0,277.0,296.0
296.0,284.0,281.0,432.0,296.0,296.0,275.0
275.0,271.0,275.0,295.0,288.0,275.0,253.0
253.0,257.0,262.0,339.0,273.0,253.0,243.0
243.0,251.0,253.0,358.0,261.0,243.0,305.0
305.0,290.0,280.0,303.0,286.0,305.0,471.0
471.0,396.0,371.0,453.0,382.0,471.0,322.0
322.0,301.0,329.0,296.0,355.0,322.0,366.0
366.0,329.0,336.0,346.0,364.0,366.0,377.0
377.0,336.0,344.0,317.0,374.0,377.0,363.0
363.0,328.0,340.0,439.0,371.0,363.0,354.0
354.0,322.0,334.0,351.0,366.0,354.0,415.0
415.0,361.0,362.0,339.0,393.0,415.0,465.0
465.0,393.0,396.0,440.0,433.0,465.0,955.0
955.0,713.0,655.0,719.0,703.0,955.0,980.0
980.0,739.0,767.0,764.0,850.0,980.0,693.0
693.0,549.0,645.0,476.0,774.0,693.0,415.0
415.0,365.0,454.0,319.0,596.0,415.0,462.0
462.0,396.0,425.0,423.0,532.0,462.0,403.0
403.0,358.0,386.0,441.0,469.0,403.0,740.0
740.0,581.0,550.0,525.0,611.0,740.0,324.0
324.0,306.0,386.0,387.0,470.0,324.0,270.0
270.0,271.0,306.0,314.0,372.0,270.0,244.0
244.0,254.0,268.0,319.0,308.0,244.0,280.0
280.0,277.0,275.0,397.0,296.0,280.0,299.0
299.0,290.0,287.0,354.0,300.0,299.0,277.0
277.0,276.0,279.0,329.0,291.0,277.0,262.0
262.0,266.0,269.0,354.0,279.0,262.0,251.0
251.0,259.0,260.0,352.0,267.0,251.0,306.0
306.0,294.0,286.0,362.0,290.0,306.0,477.0
477.0,406.0,382.0,444.0,390.0,477.0,334.0
334.0,313.0,338.0,363.0,364.0,334.0,368.0
368.0,335.0,342.0,333.0,369.0,368.0,381.0
381.0,344.0,350.0,334.0,378.0,381.0,378.0
378.0,342.0,351.0,444.0,381.0,378.0,359.0
359.0,329.0,341.0,400.0,373.0,359.0,423.0
423.0,371.0,371.0,344.0,402.0,423.0,479.0
479.0,408.0,410.0,450.0,445.0,479.0,979.0
979.0,740.0,684.0,756.0,727.0,979.0,980.0
980.0,749.0,778.0,899.0,865.0,980.0,698.0
698.0,559.0,647.0,459.0,782.0,698.0,418.0
418.0,372.0,451.0,265.0,597.0,418.0,485.0
485.0,417.0,438.0,378.0,542.0,485.0,409.0
409.0,366.0,393.0,577.0,476.0,409.0,758.0
758.0,600.0,569.0,616.0,627.0,758.0,324.0
324.0,309.0,387.0,355.0,474.0,324.0,275.0
275.0,277.0,307.0,246.0,374.0,275.0,258.0
258.0,266.0,276.0,401.0,315.0,258.0,284.0
284.0,283.0,281.0,344.0,301.0,284.0,305.0
305.0,297.0,294.0,378.0,306.0,305.0,283.0
283.0,282.0,286.0,336.0,297.0,283.0,265.0
265.0,270.0,274.0,282.0,283.0,265.0,266.0
266.0,271.0,271.0,366.0,277.0,266.0,308.0
308.0,299.0,292.0,352.0,296.0,308.0,480.0
480.0,413.0,390.0,448.0,397.0,480.0,341.0
341.0,321.0,344.0,425.0,370.0,341.0,371.0
371.0,341.0,347.0,342.0,374.0,371.0,384.0
384.0,350.0,355.0,377.0,382.0,384.0,378.0
378.0,346.0,354.0,421.0,383.0,378.0,370.0
370.0,341.0,349.0,415.0,379.0,370.0,428.0
428.0,379.0,379.0,375.0,408.0,428.0,498.0
498.0,426.0,425.0,463.0,459.0,498.0,987.0
987.0,755.0,704.0,821.0,745.0,987.0,980.0
980.0,757.0,786.0,885.0,876.0,980.0,702.0
702.0,568.0,648.0,472.0,787.0,702.0,425.0
425.0,380.0,451.0,282.0,599.0,425.0,489.0
489.0,424.0,441.0,518.0,544.0,489.0,416.0
416.0,374.0,398.0,578.0,479.0,416.0,763.0
763.0,610.0,580.0,612.0,634.0,763.0,325.0
325.0,313.0,386.0,356.0,474.0,325.0,287.0
287.0,288.0,313.0,278.0,377.0,287.0,318.0
318.0,308.0,311.0,417.0,348.0,318.0,300.0
300.0,296.0,301.0,382.0,325.0,300.0,311.0
311.0,304.0,304.0,348.0,321.0,311.0,284.0
284.0,286.0,290.0,337.0,304.0,284.0,276.0
276.0,280.0,282.0,342.0,292.0,276.0,274.0
274.0,279.0,279.0,360.0,285.0,274.0,316.0
316.0,307.0,301.0,353.0,304.0,316.0,485.0
485.0,421.0,400.0,459.0,405.0,485.0,361.0
361.0,337.0,358.0,445.0,384.0,361.0,383.0
383.0,352.0,359.0,356.0,387.0,383.0,398.0
398.0,363.0,367.0,373.0,396.0,398.0,385.0
385.0,354.0,362.0,438.0,393.0,385.0,401.0
401.0,365.0,370.0,442.0,401.0,401.0,440.0
440.0,391.0,393.0,388.0,425.0,440.0,520.0
520.0,445.0,444.0,469.0,480.0,520.0,1017.0
1017.0,784.0,735.0,857.0,776.0,1017.0,989.0
989.0,771.0,802.0,885.0,898.0,989.0,709.0
709.0,578.0,654.0,475.0,799.0,709.0,440.0
440.0,394.0,459.0,293.0,608.0,440.0,498.0
498.0,434.0,450.0,519.0,552.0,498.0,424.0
424.0,383.0,405.0,566.0,484.0,424.0,783.0
783.0,629.0,599.0,621.0,651.0,783.0,338.0
338.0,325.0,394.0,394.0,484.0,338.0,299.0
299.0,299.0,321.0,316.0,386.0,299.0,351.0
351.0,334.0,334.0,426.0,369.0,351.0,317.0
317.0,311.0,318.0,384.0,341.0,317.0,321.0
321.0,314.0,316.0,370.0,333.0,321.0,293.0
293.0,296.0,300.0,355.0,313.0,293.0,288.0
288.0,293.0,294.0,341.0,302.0,288.0,276.0
276.0,285.0,286.0,348.0,290.0,276.0,326.0
326.0,318.0,311.0,377.0,312.0,326.0,490.0
490.0,428.0,409.0,465.0,414.0,490.0,383.0
383.0,357.0,373.0,406.0,400.0,383.0,398.0
398.0,367.0,373.0,413.0,402.0,398.0,415.0
415.0,378.0,382.0,422.0,413.0,415.0,405.0
405.0,372.0,379.0,448.0,411.0,405.0,465.0
465.0,412.0,412.0,450.0,445.0,465.0,552.0
552.0,470.0,468.0,482.0,509.0,552.0,536.0
536.0,460.0,473.0,491.0,529.0,536.0,1068.0
1068.0,820.0,778.0,840.0,841.0,1068.0,1115.0
1115.0,861.0,884.0,983.0,1003.0,1115.0,714.0
714.0,584.0,665.0,533.0,843.0,714.0,457.0
457.0,410.0,464.0,259.0,626.0,457.0,522.0
522.0,454.0,465.0,500.0,567.0,522.0,429.0
429.0,392.0,411.0,452.0,491.0,429.0,792.0
792.0,637.0,611.0,608.0,669.0,792.0,349.0
349.0,338.0,397.0,406.0,486.0,349.0,632.0
632.0,527.0,514.0,525.0,575.0,632.0,365.0
365.0,349.0,388.0,415.0,457.0,365.0,327.0
327.0,325.0,339.0,393.0,385.0,327.0,810.0
810.0,644.0,597.0,710.0,634.0,810.0,301.0
301.0,308.0,377.0,632.0,448.0,301.0,289.0
289.0,301.0,317.0,300.0,361.0,289.0,280.0
280.0,295.0,298.0,183.0,317.0,280.0,342.0
342.0,335.0,327.0,383.0,334.0,342.0,498.0
498.0,437.0,420.0,791.0,432.0,498.0,654.0
654.0,538.0,528.0,401.0,566.0,654.0,418.0
418.0,385.0,423.0,362.0,483.0,418.0,441.0
441.0,400.0,411.0,453.0,462.0,441.0,420.0
420.0,387.0,397.0,442.0,442.0,420.0,473.0
473.0,421.0,423.0,470.0,463.0,473.0,581.0
581.0,492.0,488.0,487.0,534.0,581.0,583.0
583.0,493.0,505.0,532.0,569.0,583.0,1100.0
1100.0,835.0,799.0,845.0,887.0,1100.0,1135.0
1135.0,867.0,895.0,853.0,1039.0,1135.0,720.0
720.0,589.0,671.0,624.0,856.0,720.0,482.0
482.0,431.0,483.0,493.0,639.0,482.0,537.0
537.0,468.0,480.0,523.0,580.0,537.0,453.0
453.0,413.0,431.0,479.0,507.0,453.0,823.0
823.0,657.0,632.0,682.0,700.0,823.0,358.0
358.0,351.0,411.0,427.0,501.0,358.0,645.0
645.0,538.0,525.0,498.0,590.0,645.0,380.0
380.0,366.0,403.0,440.0,467.0,380.0,331.0
331.0,334.0,349.0,411.0,389.0,331.0,818.0
818.0,648.0,603.0,702.0,646.0,818.0,319.0
319.0,327.0,392.0,429.0,457.0,319.0,294.0
294.0,312.0,328.0,380.0,364.0,294.0,296.0
296.0,313.0,314.0,379.0,336.0,296.0,349.0
349.0,347.0,339.0,396.0,342.0,349.0,518.0
518.0,454.0,436.0,710.0,449.0,518.0,673.0
673.0,553.0,543.0,505.0,587.0,673.0,434.0
434.0,401.0,439.0,464.0,498.0,434.0,451.0
451.0,412.0,424.0,462.0,473.0,451.0,434.0
434.0,402.0,411.0,463.0,451.0,434.0,496.0
496.0,441.0,442.0,495.0,480.0,496.0,597.0
597.0,505.0,503.0,544.0,553.0,597.0,607.0
607.0,512.0,523.0,556.0,589.0,607.0,1112.0
1112.0,839.0,806.0,825.0,911.0,1112.0,1145.0
1145.0,868.0,897.0,863.0,1058.0,1145.0,730.0
730.0,596.0,678.0,639.0,863.0,730.0,496.0
496.0,445.0,497.0,527.0,650.0,496.0,556.0
556.0,484.0,496.0,545.0,589.0,556.0,484.0
484.0,438.0,455.0,508.0,526.0,484.0,827.0
827.0,659.0,639.0,692.0,714.0,827.0,370.0
370.0,365.0,424.0,447.0,504.0,370.0,655.0
655.0,547.0,535.0,578.0,599.0,655.0,399.0
399.0,384.0,420.0,463.0,473.0,399.0,345.0
345.0,351.0,365.0,432.0,393.0,345.0,831.0
831.0,657.0,614.0,548.0,664.0,831.0,325.0
325.0,339.0,402.0,547.0,458.0,325.0,308.0
308.0,329.0,343.0,324.0,365.0,308.0,298.0
298.0,322.0,324.0,394.0,326.0,298.0,365.0
365.0,364.0,355.0,544.0,348.0,365.0,524.0
524.0,463.0,446.0,712.0,458.0,524.0,678.0
678.0,559.0,549.0,510.0,600.0,678.0,450.0
450.0,418.0,452.0,499.0,505.0,450.0,455.0
455.0,421.0,433.0,485.0,474.0,455.0,454.0
454.0,420.0,428.0,484.0,462.0,454.0,535.0
535.0,471.0,470.0,526.0,508.0,535.0,616.0
616.0,521.0,522.0,565.0,574.0,616.0,618.0
618.0,523.0,536.0,671.0,603.0,618.0,1127.0
1127.0,845.0,813.0,867.0,902.0,1127.0,1160.0
1160.0,878.0,906.0,891.0,1094.0,1160.0,739.0
739.0,607.0,687.0,653.0,874.0,739.0,506.0
506.0,458.0,507.0,541.0,647.0,506.0,575.0
575.0,502.0,512.0,565.0,609.0,575.0,498.0
498.0,453.0,470.0,525.0,539.0,498.0,829.0
829.0,665.0,646.0,702.0,725.0,829.0,378.0
378.0,377.0,432.0,461.0,508.0,378.0,659.0
659.0,555.0,542.0,554.0,605.0,659.0,409.0
409.0,397.0,430.0,478.0,480.0,409.0,349.0
349.0,360.0,373.0,443.0,396.0,349.0,839.0
839.0,667.0,625.0,624.0,675.0,839.0,329.0
329.0,349.0,409.0,587.0,461.0,329.0,314.0
314.0,340.0,352.0,338.0,370.0,314.0,303.0
303.0,333.0,333.0,406.0,326.0,303.0,371.0
371.0,375.0,365.0,560.0,352.0,371.0,529.0
529.0,472.0,456.0,603.0,465.0,529.0,683.0
683.0,567.0,558.0,612.0,606.0,683.0,452.0
452.0,426.0,458.0,507.0,508.0,452.0,461.0
461.0,431.0,441.0,496.0,485.0,461.0,457.0
457.0,429.0,435.0,493.0,464.0,457.0,540.0
540.0,480.0,478.0,536.0,513.0,540.0,627.0
627.0,534.0,534.0,582.0,586.0,627.0,634.0
634.0,539.0,550.0,592.0,623.0,634.0,1132.0
1132.0,851.0,822.0,813.0,924.0,1132.0,1164.0
1164.0,882.0,909.0,897.0,1111.0,1164.0,743.0
743.0,614.0,689.0,661.0,881.0,743.0,509.0
509.0,466.0,512.0,536.0,650.0,509.0,583.0
583.0,512.0,521.0,665.0,612.0,583.0,507.0
507.0,465.0,480.0,534.0,550.0,507.0,832.0
832.0,670.0,652.0,751.0,740.0,832.0,388.0
388.0,390.0,442.0,473.0,519.0,388.0,660.0
660.0,560.0,549.0,529.0,613.0,660.0,416.0
416.0,408.0,439.0,488.0,487.0,416.0,354.0
354.0,370.0,382.0,453.0,400.0,354.0,851.0
851.0,677.0,637.0,700.0,694.0,851.0,334.0
334.0,359.0,417.0,631.0,469.0,334.0,317.0
317.0,349.0,360.0,344.0,373.0,317.0,311.0
311.0,346.0,344.0,428.0,336.0,311.0,377.0
377.0,386.0,376.0,555.0,359.0,377.0,530.0
530.0,479.0,463.0,605.0,470.0,530.0,689.0
689.0,576.0,566.0,621.0,613.0,689.0,458.0
458.0,436.0,466.0,515.0,515.0,458.0,465.0
465.0,440.0,449.0,504.0,491.0,465.0,471.0
471.0,444.0,448.0,507.0,480.0,471.0,545.0
545.0,489.0,487.0,544.0,529.0,545.0,630.0
630.0,541.0,541.0,589.0,601.0,630.0,650.0
650.0,554.0,563.0,693.0,624.0,650.0,1141.0
1141.0,857.0,831.0,867.0,951.0,1141.0,1171.0
1171.0,886.0,912.0,903.0,1136.0,1171.0,746.0
746.0,619.0,690.0,666.0,884.0,746.0,523.0
523.0,480.0,521.0,548.0,649.0,523.0,600.0
600.0,528.0,535.0,604.0,630.0,600.0,517.0
517.0,477.0,492.0,544.0,564.0,517.0,834.0
834.0,674.0,658.0,700.0,764.0,834.0,390.0
390.0,399.0,446.0,479.0,522.0,390.0,660.0
660.0,565.0,553.0,526.0,630.0,660.0,425.0
425.0,421.0,447.0,575.0,503.0,425.0,357.0
357.0,380.0,390.0,455.0,415.0,357.0,855.0
855.0,682.0,644.0,693.0,725.0,855.0,345.0
345.0,374.0,426.0,613.0,484.0,345.0,320.0
320.0,359.0,368.0,441.0,386.0,320.0,316.0
316.0,357.0,354.0,436.0,351.0,316.0,386.0
386.0,399.0,388.0,457.0,387.0,386.0,537.0
537.0,489.0,474.0,546.0,505.0,537.0,697.0
697.0,585.0,576.0,629.0,643.0,697.0,472.0
472.0,451.0,479.0,527.0,541.0,472.0,474.0
474.0,453.0,460.0,463.0,508.0,474.0,490.0
490.0,462.0,465.0,521.0,511.0,490.0,559.0
559.0,503.0,502.0,557.0,555.0,559.0,649.0
649.0,558.0,557.0,603.0,629.0,649.0,687.0
687.0,581.0,589.0,709.0,678.0,687.0,1149.0
1149.0,863.0,842.0,894.0,987.0,1149.0,1180.0
1180.0,892.0,918.0,916.0,1144.0,1180.0,764.0
764.0,634.0,701.0,680.0,883.0,764.0,552.0
552.0,504.0,543.0,568.0,657.0,552.0,632.0
632.0,553.0,560.0,624.0,651.0,632.0,528.0
528.0,490.0,506.0,555.0,574.0,528.0,844.0
844.0,684.0,669.0,665.0,788.0,844.0,415.0
415.0,421.0,466.0,498.0,531.0,415.0,669.0
669.0,575.0,565.0,668.0,643.0,669.0,453.0
453.0,445.0,468.0,529.0,519.0,453.0,374.0
374.0,397.0,408.0,471.0,428.0,374.0,871.0
871.0,696.0,660.0,707.0,769.0,871.0,359.0
359.0,390.0,440.0,631.0,483.0,359.0,331.0
331.0,373.0,381.0,453.0,389.0,331.0,334.0
334.0,375.0,372.0,451.0,363.0,334.0,417.0
417.0,425.0,413.0,479.0,417.0,417.0,552.0
552.0,505.0,492.0,623.0,530.0,552.0,707.0
707.0,596.0,589.0,640.0,670.0,707.0,500.0
500.0,474.0,500.0,547.0,563.0,500.0,486.0
486.0,466.0,475.0,481.0,522.0,486.0,514.0
514.0,483.0,485.0,536.0,530.0,514.0,580.0
580.0,522.0,521.0,574.0,578.0,580.0,669.0
669.0,575.0,575.0,620.0,658.0,669.0,706.0
706.0,598.0,605.0,733.0,699.0,706.0,1177.0
1177.0,883.0,863.0,891.0,1051.0,1177.0,1195.0
1195.0,903.0,930.0,922.0,1198.0,1195.0,782.0
782.0,650.0,714.0,695.0,872.0,782.0,573.0
573.0,522.0,559.0,586.0,640.0,573.0,657.0
657.0,574.0,580.0,639.0,664.0,657.0,536.0
536.0,500.0,517.0,567.0,574.0,536.0,857.0
857.0,696.0,682.0,728.0,827.0,857.0,429.0
429.0,436.0,478.0,513.0,520.0,429.0,679.0
679.0,587.0,577.0,551.0,659.0,679.0,478.0
478.0,466.0,488.0,606.0,530.0,478.0,388.0
388.0,413.0,423.0,487.0,431.0,388.0,874.0
874.0,702.0,669.0,680.0,811.0,874.0,374.0
374.0,406.0,453.0,485.0,476.0,374.0,355.0
355.0,395.0,401.0,387.0,394.0,355.0,346.0
346.0,390.0,387.0,465.0,373.0,346.0,423.0
423.0,435.0,425.0,600.0,432.0,423.0,568.0
568.0,520.0,508.0,634.0,562.0,568.0,718.0
718.0,608.0,601.0,652.0,730.0,718.0,517.0
517.0,491.0,514.0,561.0,572.0,517.0,493.0
493.0,477.0,486.0,507.0,525.0,493.0,526.0
526.0,496.0,498.0,555.0,542.0,526.0,610.0
610.0,546.0,544.0,596.0,608.0,610.0,700.0
700.0,599.0,599.0,643.0,702.0,700.0,723.0
723.0,613.0,622.0,656.0,723.0,723.0,1212.0
1212.0,906.0,887.0,870.0,1123.0,1212.0,1216.0
1216.0,918.0,946.0,938.0,1222.0,1216.0,788.0
788.0,658.0,721.0,705.0,892.0,788.0,585.0
585.0,536.0,570.0,600.0,662.0,585.0,674.0
674.0,589.0,595.0,660.0,690.0,674.0,545.0
545.0,512.0,529.0,579.0,590.0,545.0,867.0
867.0,706.0,692.0,742.0,818.0,867.0,440.0
440.0,450.0,490.0,529.0,535.0,440.0,690.0
690.0,599.0,589.0,654.0,673.0,690.0,485.0
485.0,477.0,498.0,616.0,542.0,485.0,409.0
409.0,432.0,441.0,492.0,454.0,409.0,880.0
880.0,710.0,679.0,735.0,752.0,880.0,381.0
381.0,417.0,462.0,496.0,492.0,381.0,364.0
364.0,408.0,413.0,477.0,408.0,364.0,359.0
359.0,405.0,402.0,480.0,388.0,359.0,447.0
447.0,456.0,445.0,524.0,454.0,447.0,583.0
583.0,535.0,524.0,590.0,576.0,583.0,743.0
743.0,628.0,621.0,672.0,721.0,743.0,541.0
541.0,512.0,535.0,574.0,602.0,541.0,500.0
500.0,489.0,498.0,548.0,539.0,500.0,539.0
539.0,511.0,511.0,565.0,556.0,539.0,625.0
625.0,561.0,559.0,611.0,623.0,625.0,721.0
721.0,617.0,617.0,661.0,712.0,721.0,751.0
751.0,635.0,644.0,681.0,750.0,751.0,1229.0
1229.0,921.0,904.0,885.0,1101.0,1229.0,1220.0
1220.0,924.0,952.0,945.0,1222.0,1220.0,804.0
804.0,673.0,732.0,720.0,920.0,804.0,606.0
606.0,554.0,587.0,618.0,697.0,606.0,701.0
701.0,611.0,616.0,679.0,718.0,701.0,552.0
552.0,523.0,540.0,590.0,607.0,552.0,879.0
879.0,718.0,704.0,696.0,818.0,879.0,450.0
450.0,462.0,501.0,555.0,559.0,450.0,695.0
695.0,608.0,598.0,664.0,681.0,695.0,496.0
496.0,490.0,509.0,584.0,558.0,496.0,415.0
415.0,443.0,451.0,505.0,467.0,415.0,884.0
884.0,718.0,688.0,738.0,814.0,884.0,387.0
387.0,428.0,471.0,506.0,510.0,387.0,375.0
375.0,421.0,425.0,490.0,426.0,375.0,368.0
368.0,417.0,414.0,491.0,400.0,368.0,461.0
461.0,471.0,460.0,525.0,465.0,461.0,588.0
588.0,545.0,534.0,600.0,576.0,588.0,771.0
771.0,650.0,642.0,679.0,732.0,771.0,549.0
549.0,523.0,547.0,592.0,617.0,549.0,504.0
504.0,498.0,507.0,557.0,549.0,504.0,558.0
558.0,528.0,527.0,587.0,572.0,558.0,643.0
643.0,578.0,575.0,627.0,641.0,643.0,729.0
729.0,628.0,629.0,671.0,723.0,729.0,782.0
782.0,659.0,666.0,689.0,783.0,782.0,1240.0
1240.0,931.0,917.0,903.0,1135.0,1240.0,1237.0
1237.0,938.0,965.0,959.0,1232.0,1237.0,841.0
841.0,701.0,756.0,678.0,961.0,841.0,626.0
626.0,572.0,604.0,635.0,732.0,626.0,715.0
715.0,626.0,631.0,678.0,736.0,715.0,560.0
560.0,534.0,551.0,601.0,623.0,560.0,882.0
882.0,725.0,712.0,695.0,833.0,882.0,461.0
461.0,476.0,512.0,551.0,583.0,461.0,700.0
700.0,616.0,607.0,673.0,686.0,700.0,513.0
513.0,507.0,524.0,593.0,577.0,513.0,432.0
432.0,460.0,468.0,522.0,488.0,432.0,897.0
897.0,731.0,703.0,772.0,808.0,897.0,394.0
394.0,439.0,480.0,517.0,527.0,394.0,388.0
388.0,436.0,439.0,504.0,443.0,388.0,379.0
379.0,431.0,427.0,504.0,414.0,379.0,465.0
465.0,481.0,470.0,535.0,470.0,465.0,591.0
591.0,553.0,543.0,608.0,576.0,591.0,771.0
771.0,656.0,648.0,689.0,728.0,771.0,553.0
553.0,532.0,554.0,604.0,622.0,553.0,507.0
507.0,506.0,514.0,565.0,556.0,507.0,562.0
562.0,537.0,536.0,606.0,580.0,562.0,662.0
662.0,595.0,592.0,643.0,652.0,662.0,734.0
734.0,637.0,638.0,680.0,720.0,734.0,802.0
802.0,677.0,682.0,704.0,789.0,802.0,1248.0
1248.0,939.0,927.0,1017.0,1135.0,1248.0,1254.0
1254.0,951.0,976.0,972.0,1243.0,1254.0,843.0
843.0,707.0,759.0,687.0,976.0,843.0,643.0
643.0,589.0,617.0,650.0,758.0,643.0,733.0
733.0,642.0,646.0,693.0,758.0,733.0,568.0
568.0,545.0,561.0,611.0,640.0,568.0,889.0
889.0,734.0,722.0,698.0,824.0,889.0,466.0
466.0,486.0,519.0,573.0,596.0,466.0,702.0
702.0,623.0,614.0,680.0,687.0,702.0,520.0
520.0,518.0,533.0,595.0,587.0,520.0,449.0
449.0,477.0,483.0,549.0,506.0,449.0,897.0
897.0,735.0,711.0,779.0,801.0,897.0,405.0
405.0,453.0,490.0,513.0,542.0,405.0,397.0
397.0,449.0,451.0,515.0,458.0,397.0,394.0
394.0,447.0,443.0,517.0,431.0,394.0,470.0
470.0,491.0,482.0,545.0,478.0,470.0,591.0
591.0,560.0,550.0,614.0,575.0,591.0,780.0
780.0,667.0,659.0,709.0,729.0,780.0,563.0
563.0,545.0,564.0,616.0,633.0,563.0,513.0
513.0,517.0,524.0,573.0,567.0,513.0,568.0
568.0,547.0,545.0,616.0,588.0,568.0,669.0
669.0,605.0,602.0,652.0,660.0,669.0,743.0
743.0,648.0,649.0,690.0,735.0,743.0,808.0
808.0,685.0,690.0,674.0,802.0,808.0,1253.0
1253.0,944.0,933.0,1032.0,1132.0,1253.0,1256.0
1256.0,954.0,977.0,976.0,1195.0,1256.0,850.0
850.0,715.0,763.0,760.0,989.0,850.0,657.0
657.0,603.0,628.0,661.0,786.0,657.0,744.0
744.0,654.0,657.0,732.0,773.0,744.0,571.0
571.0,553.0,568.0,617.0,652.0,571.0,899.0
899.0,744.0,732.0,710.0,839.0,899.0,476.0
476.0,499.0,529.0,628.0,613.0,476.0,711.0
711.0,634.0,626.0,689.0,695.0,711.0,528.0
528.0,529.0,543.0,594.0,600.0,528.0,456.0
456.0,489.0,494.0,557.0,520.0,456.0,908.0
908.0,746.0,723.0,790.0,749.0,908.0,415.0
415.0,467.0,500.0,538.0,559.0,415.0,409.0
409.0,464.0,465.0,527.0,475.0,409.0,406.0
406.0,462.0,458.0,571.0,445.0,406.0,477.0
477.0,502.0,494.0,555.0,487.0,477.0,601.0
601.0,572.0,563.0,624.0,582.0,601.0,792.0
792.0,679.0,672.0,715.0,750.0,792.0,588.0
588.0,565.0,583.0,730.0,655.0,588.0,541.0
541.0,540.0,547.0,592.0,595.0,541.0,582.0
582.0,562.0,562.0,614.0,602.0,582.0,681.0
681.0,617.0,614.0,663.0,670.0,681.0,754.0
754.0,658.0,660.0,700.0,737.0,754.0,818.0
818.0,695.0,700.0,683.0,809.0,818.0,1268.0
1268.0,952.0,940.0,1035.0,1129.0,1268.0,1267.0
1267.0,959.0,984.0,984.0,1198.0,1267.0,859.0
859.0,724.0,775.0,769.0,1008.0,859.0,680.0
680.0,621.0,648.0,679.0,820.0,680.0,759.0
759.0,667.0,672.0,730.0,794.0,759.0,583.0
583.0,566.0,583.0,629.0,675.0,583.0,906.0
906.0,751.0,739.0,714.0,842.0,906.0,484.0
484.0,511.0,542.0,595.0,630.0,484.0,722.0
722.0,645.0,636.0,699.0,705.0,722.0,546.0
546.0,546.0,560.0,611.0,620.0,546.0,460.0
460.0,499.0,505.0,622.0,534.0,460.0,921.0
921.0,756.0,731.0,779.0,751.0,921.0,441.0
441.0,490.0,524.0,559.0,588.0,441.0,427.0
427.0,482.0,484.0,549.0,503.0,427.0,414.0
414.0,475.0,471.0,582.0,463.0,414.0,487.0
487.0,516.0,506.0,565.0,496.0,487.0,615.0
615.0,586.0,576.0,637.0,589.0,615.0,819.0
819.0,698.0,690.0,734.0,746.0,819.0,611.0
611.0,585.0,603.0,757.0,678.0,611.0,548.0
548.0,551.0,559.0,603.0,613.0,548.0,605.0
605.0,582.0,580.0,631.0,625.0,605.0,702.0
702.0,634.0,631.0,679.0,692.0,702.0,781.0
781.0,678.0,679.0,719.0,769.0,781.0,851.0
851.0,717.0,723.0,702.0,830.0,851.0,1290.0
1290.0,963.0,953.0,1049.0,1122.0,1290.0,1281.0
1281.0,966.0,994.0,995.0,1226.0,1281.0,893.0
893.0,747.0,800.0,791.0,1044.0,893.0,702.0
702.0,639.0,669.0,696.0,857.0,702.0,797.0
797.0,693.0,698.0,730.0,834.0,797.0,612.0
612.0,589.0,608.0,652.0,715.0,612.0,916.0
916.0,760.0,750.0,781.0,857.0,916.0,503.0
503.0,529.0,561.0,614.0,655.0,503.0,750.0
750.0,666.0,657.0,720.0,734.0,750.0,558.0
558.0,560.0,576.0,599.0,642.0,558.0,478.0
478.0,517.0,523.0,584.0,557.0,478.0,927.0
927.0,763.0,739.0,804.0,753.0,927.0,463.0
463.0,510.0,544.0,578.0,611.0,463.0,445.0
445.0,500.0,502.0,567.0,527.0,445.0,430.0
430.0,492.0,488.0,557.0,484.0,430.0,499.0
499.0,530.0,520.0,578.0,510.0,499.0,628.0
628.0,600.0,589.0,651.0,598.0,628.0,832.0
832.0,710.0,701.0,743.0,750.0,832.0,640.0
640.0,607.0,626.0,765.0,700.0,640.0,569.0
569.0,569.0,579.0,622.0,639.0,569.0,617.0
617.0,595.0,594.0,645.0,641.0,617.0,716.0
716.0,648.0,645.0,693.0,701.0,716.0,829.0
829.0,709.0,709.0,749.0,787.0,829.0,871.0
871.0,733.0,742.0,714.0,855.0,871.0,1313.0
1313.0,978.0,969.0,1076.0,1145.0,1313.0,1305.0
1305.0,982.0,1012.0,1014.0,1263.0,1305.0,912.0
912.0,762.0,819.0,808.0,1069.0,912.0,716.0
716.0,653.0,686.0,711.0,884.0,716.0,817.0
817.0,709.0,716.0,840.0,858.0,817.0,616.0
616.0,598.0,619.0,662.0,733.0,616.0,932.0
932.0,773.0,762.0,819.0,865.0,932.0,515.0
515.0,543.0,577.0,613.0,676.0,515.0,760.0
760.0,678.0,668.0,733.0,743.0,760.0,582.0
582.0,580.0,596.0,612.0,665.0,582.0,489.0
489.0,530.0,538.0,598.0,577.0,489.0,940.0
940.0,775.0,749.0,817.0,761.0,940.0,472.0
472.0,522.0,558.0,575.0,629.0,472.0,458.0
458.0,515.0,517.0,582.0,545.0,458.0,454.0
454.0,513.0,508.0,578.0,508.0,454.0,515.0
515.0,546.0,537.0,594.0,529.0,515.0,636.0
636.0,611.0,600.0,663.0,606.0,636.0,850.0
850.0,725.0,715.0,776.0,757.0,850.0,656.0
656.0,622.0,642.0,792.0,715.0,656.0,597.0
597.0,592.0,601.0,643.0,665.0,597.0,648.0
648.0,618.0,618.0,669.0,669.0,648.0,761.0
761.0,678.0,675.0,723.0,736.0,761.0,844.0
844.0,723.0,726.0,764.0,813.0,844.0,912.0
912.0,760.0,769.0,798.0,873.0,912.0,1322.0
1322.0,985.0,979.0,1080.0,1150.0,1322.0,1323.0
1323.0,994.0,1026.0,1031.0,1269.0,1323.0,947.0
947.0,787.0,848.0,833.0,1100.0,947.0,741.0
741.0,673.0,710.0,732.0,916.0,741.0,835.0
835.0,725.0,733.0,765.0,886.0,835.0,623.0
623.0,608.0,632.0,649.0,755.0,623.0,953.0
953.0,790.0,777.0,837.0,882.0,953.0,522.0
522.0,554.0,592.0,627.0,697.0,522.0,772.0
772.0,690.0,680.0,747.0,755.0,772.0,598.0
598.0,596.0,612.0,621.0,681.0,598.0,499.0
499.0,543.0,552.0,613.0,594.0,499.0,950.0
950.0,785.0,758.0,830.0,806.0,950.0,488.0
488.0,539.0,576.0,595.0,646.0,488.0,481.0
481.0,535.0,538.0,569.0,570.0,481.0,464.0
464.0,527.0,522.0,592.0,526.0,464.0,525.0
525.0,559.0,549.0,701.0,539.0,525.0,646.0
646.0,623.0,611.0,646.0,613.0,646.0,857.0
857.0,735.0,724.0,783.0,758.0,857.0,676.0
676.0,640.0,660.0,814.0,728.0,676.0,623.0
623.0,613.0,623.0,684.0,686.0,623.0,672.0
672.0,638.0,639.0,689.0,693.0,672.0,779.0
779.0,694.0,691.0,740.0,754.0,779.0,874.0
874.0,744.0,747.0,792.0,820.0,874.0,934.0
934.0,777.0,788.0,817.0,903.0,934.0,1343.0
1343.0,999.0,994.0,1083.0,1158.0,1343.0,1337.0
1337.0,1004.0,1040.0,1059.0,1275.0,1337.0,959.0
959.0,798.0,864.0,846.0,1117.0,959.0,851.0
851.0,740.0,776.0,795.0,989.0,851.0,857.0
857.0,743.0,762.0,806.0,935.0,857.0,657.0
657.0,634.0,661.0,662.0,801.0,657.0,956.0
956.0,797.0,787.0,847.0,898.0,956.0,531.0
531.0,567.0,607.0,646.0,719.0,531.0,785.0
785.0,704.0,693.0,773.0,765.0,785.0,609.0
609.0,610.0,626.0,635.0,693.0,609.0,509.0
509.0,557.0,566.0,627.0,607.0,509.0,950.0
950.0,791.0,762.0,838.0,803.0,950.0,491.0
491.0,549.0,587.0,741.0,650.0,491.0,495.0
495.0,551.0,552.0,555.0,580.0,495.0,478.0
478.0,542.0,538.0,554.0,537.0,478.0,532.0
532.0,571.0,560.0,683.0,546.0,532.0,651.0
651.0,633.0,620.0,714.0,613.0,651.0,859.0
859.0,742.0,730.0,799.0,753.0,859.0,684.0
684.0,651.0,671.0,724.0,731.0,684.0,633.0
633.0,625.0,636.0,701.0,694.0,633.0,684.0
684.0,652.0,652.0,703.0,702.0,684.0,787.0
787.0,705.0,702.0,752.0,761.0,787.0,880.0
880.0,754.0,757.0,800.0,821.0,880.0,948.0
948.0,790.0,801.0,834.0,892.0,948.0,1347.0
1347.0,1005.0,1000.0,1022.0,1152.0,1347.0,1352.0
1352.0,1016.0,1053.0,1069.0,1273.0,1352.0,971.0
971.0,810.0,881.0,924.0,1119.0,971.0,857.0
857.0,749.0,789.0,819.0,1003.0,857.0,871.0
871.0,757.0,777.0,813.0,947.0,871.0,670.0
670.0,648.0,677.0,805.0,823.0,670.0,976.0
976.0,813.0,803.0,837.0,910.0,976.0,536.0
536.0,578.0,621.0,651.0,728.0,536.0,795.0
795.0,716.0,704.0,782.0,773.0,795.0,615.0
615.0,620.0,638.0,634.0,702.0,615.0,523.0
523.0,572.0,581.0,651.0,619.0,523.0,954.0
954.0,799.0,769.0,847.0,801.0,954.0,499.0
499.0,561.0,600.0,753.0,656.0,499.0,511.0
511.0,568.0,568.0,709.0,592.0,511.0,487.0
487.0,556.0,551.0,570.0,547.0,487.0,538.0
538.0,582.0,571.0,695.0,552.0,538.0,658.0
658.0,645.0,630.0,725.0,616.0,658.0,869.0
869.0,754.0,740.0,809.0,752.0,869.0,693.0
693.0,663.0,683.0,734.0,734.0,693.0,644.0
644.0,639.0,650.0,715.0,700.0,644.0,694.0
694.0,664.0,664.0,715.0,708.0,694.0,791.0
791.0,714.0,711.0,761.0,759.0,791.0,895.0
895.0,768.0,769.0,813.0,818.0,895.0,959.0
959.0,802.0,813.0,843.0,908.0,959.0,1356.0
1356.0,1012.0,1008.0,1028.0,1144.0,1356.0,1361.0
1361.0,1023.0,1062.0,1082.0,1268.0,1361.0,976.0
976.0,818.0,892.0,866.0,1123.0,976.0,864.0
864.0,759.0,800.0,850.0,1011.0,864.0,883.0
883.0,769.0,789.0,941.0,958.0,883.0,680.0
680.0,661.0,691.0,775.0,830.0,680.0,989.0
989.0,825.0,814.0,853.0,918.0,989.0,559.0
559.0,598.0,641.0,661.0,757.0,559.0,799.0
799.0,724.0,714.0,801.0,781.0,799.0,627.0
627.0,635.0,652.0,700.0,713.0,627.0,543.0
543.0,591.0,599.0,744.0,635.0,543.0,966.0
966.0,810.0,781.0,858.0,809.0,966.0,515.0
515.0,578.0,617.0,768.0,671.0,515.0,515.0
515.0,579.0,580.0,717.0,601.0,515.0,500.0
500.0,571.0,565.0,678.0,551.0,500.0,551.0
551.0,598.0,585.0,707.0,553.0,551.0,669.0
669.0,658.0,643.0,737.0,621.0,669.0,892.0
892.0,771.0,756.0,822.0,761.0,892.0,724.0
724.0,687.0,707.0,758.0,752.0,724.0,664.0
664.0,657.0,669.0,734.0,717.0,664.0,714.0
714.0,682.0,683.0,731.0,723.0,714.0,820.0
820.0,735.0,733.0,781.0,778.0,820.0,907.0
907.0,780.0,784.0,829.0,848.0,907.0,967.0
967.0,811.0,823.0,881.0,913.0,967.0,1377.0
1377.0,1025.0,1021.0,1044.0,1144.0,1377.0,1399.0
1399.0,1046.0,1085.0,1107.0,1283.0,1399.0,992.0
992.0,832.0,910.0,899.0,1149.0,992.0,898.0
898.0,783.0,825.0,887.0,1038.0,898.0,912.0
912.0,790.0,813.0,970.0,986.0,912.0,711.0
711.0,685.0,717.0,807.0,862.0,711.0,1005.0
1005.0,839.0,831.0,924.0,941.0,1005.0,571.0
571.0,613.0,658.0,669.0,778.0,571.0,811.0
811.0,737.0,728.0,820.0,798.0,811.0,643.0
643.0,651.0,668.0,637.0,726.0,643.0,585.0
585.0,622.0,628.0,686.0,662.0,585.0,979.0
979.0,823.0,796.0,871.0,822.0,979.0,525.0
525.0,593.0,632.0,773.0,683.0,525.0,537.0
537.0,599.0,599.0,586.0,617.0,537.0,514.0
514.0,588.0,582.0,622.0,570.0,514.0,569.0
569.0,616.0,603.0,718.0,575.0,569.0,682.0
682.0,673.0,658.0,733.0,629.0,682.0,922.0
922.0,793.0,777.0,836.0,784.0,922.0,747.0
747.0,706.0,727.0,759.0,768.0,747.0,697.0
697.0,682.0,695.0,729.0,739.0,697.0,722.0
722.0,694.0,697.0,743.0,736.0,722.0,849.0
849.0,757.0,753.0,802.0,796.0,849.0,934.0
934.0,800.0,805.0,846.0,871.0,934.0,987.0
987.0,827.0,842.0,911.0,930.0,987.0,1412.0
1412.0,1047.0,1043.0,1061.0,1169.0,1412.0,1419.0
1419.0,1060.0,1103.0,1138.0,1300.0,1419.0,1011.0
1011.0,848.0,928.0,977.0,1167.0,1011.0,908.0
908.0,795.0,838.0,779.0,1049.0,908.0,936.0
936.0,810.0,832.0,859.0,998.0,936.0,718.0
718.0,696.0,730.0,810.0,864.0,718.0,1023.0
1023.0,857.0,848.0,904.0,950.0,1023.0,591.0
591.0,629.0,675.0,679.0,779.0,591.0,823.0
823.0,752.0,743.0,849.0,805.0,823.0,662.0
662.0,668.0,684.0,634.0,739.0,662.0,599.0
599.0,635.0,643.0,812.0,674.0,599.0,998.0
998.0,842.0,814.0,748.0,842.0,998.0,540.0
540.0,607.0,648.0,672.0,684.0,540.0,560.0
560.0,616.0,617.0,606.0,635.0,560.0,528.0
528.0,600.0,595.0,617.0,584.0,528.0,598.0
598.0,636.0,622.0,737.0,596.0,598.0,698.0
698.0,688.0,674.0,749.0,652.0,698.0,950.0
950.0,817.0,799.0,871.0,804.0,950.0,773.0
773.0,727.0,750.0,768.0,795.0,773.0,717.0
717.0,699.0,714.0,756.0,764.0,717.0,744.0
744.0,713.0,717.0,754.0,760.0,744.0,865.0
865.0,774.0,771.0,820.0,816.0,865.0,968.0
968.0,827.0,831.0,869.0,896.0,968.0,1012.0
1012.0,850.0,866.0,941.0,959.0,1012.0,1425.0
1425.0,1069.0,1065.0,1060.0,1196.0,1425.0,1441.0
1441.0,1086.0,1130.0,1166.0,1327.0,1441.0,1029.0
1029.0,868.0,952.0,931.0,1186.0,1029.0,933.0
933.0,817.0,863.0,808.0,1068.0,933.0,945.0
945.0,824.0,849.0,867.0,1011.0,945.0,747.0
747.0,718.0,753.0,836.0,880.0,747.0,1082.0
1082.0,899.0,888.0,938.0,992.0,1082.0,604.0
604.0,642.0,696.0,755.0,804.0,604.0,831.0
831.0,764.0,756.0,854.0,822.0,831.0,674.0
674.0,681.0,698.0,643.0,747.0,674.0,612.0
612.0,648.0,656.0,836.0,686.0,612.0,1007.0
1007.0,857.0,827.0,775.0,856.0,1007.0,556.0
556.0,621.0,663.0,687.0,712.0,556.0,575.0
575.0,630.0,631.0,620.0,646.0,575.0,546.0
546.0,615.0,610.0,652.0,601.0,546.0,616.0
616.0,652.0,637.0,747.0,613.0,616.0,726.0
726.0,710.0,694.0,746.0,675.0,726.0,976.0
976.0,840.0,822.0,844.0,832.0,976.0,806.0
806.0,752.0,776.0,809.0,826.0,806.0,815.0
815.0,758.0,770.0,814.0,828.0,815.0,797.0
797.0,748.0,760.0,798.0,819.0,797.0,893.0
893.0,797.0,800.0,845.0,861.0,893.0,985.0
985.0,846.0,853.0,872.0,929.0,985.0,1030.0
1030.0,871.0,888.0,976.0,986.0,1030.0,1469.0
1469.0,1108.0,1101.0,1101.0,1236.0,1469.0,1489.0
1489.0,1128.0,1174.0,1214.0,1375.0,1489.0,1055.0
1055.0,892.0,985.0,1028.0,1220.0,1055.0,961.0
961.0,842.0,892.0,836.0,1097.0,961.0,948.0
948.0,836.0,865.0,873.0,1015.0,948.0,774.0
774.0,741.0,775.0,866.0,903.0,774.0,1098.0
1098.0,919.0,908.0,949.0,1011.0,1098.0,625.0
625.0,659.0,716.0,729.0,815.0,625.0,839.0
839.0,777.0,770.0,857.0,833.0,839.0,685.0
685.0,693.0,711.0,666.0,764.0,685.0,617.0
617.0,657.0,665.0,718.0,692.0,617.0,1024.0
1024.0,877.0,844.0,811.0,871.0,1024.0,576.0
576.0,637.0,680.0,705.0,723.0,576.0,594.0
594.0,646.0,647.0,650.0,663.0,594.0,557.0
557.0,626.0,622.0,640.0,612.0,557.0,634.0
634.0,667.0,652.0,771.0,629.0,634.0,760.0
760.0,735.0,718.0,797.0,702.0,760.0,996.0
996.0,861.0,843.0,889.0,858.0,996.0,830.0
830.0,773.0,798.0,831.0,851.0,830.0,823.0
823.0,771.0,785.0,834.0,842.0,823.0,820.0
820.0,769.0,780.0,818.0,838.0,820.0,904.0
904.0,813.0,817.0,862.0,878.0,904.0,1004.0
1004.0,867.0,873.0,892.0,950.0,1004.0,1045.0
1045.0,890.0,907.0,995.0,1004.0,1045.0,1483.0
1483.0,1131.0,1123.0,1125.0,1261.0,1483.0,1520.0
1520.0,1161.0,1205.0,1245.0,1404.0,1520.0,1071.0
1071.0,912.0,1010.0,1053.0,1239.0,1071.0,970.0
970.0,857.0,910.0,850.0,1108.0,970.0,968.0
968.0,856.0,885.0,888.0,1029.0,968.0,796.0
796.0,760.0,796.0,892.0,916.0,796.0,1119.0
1119.0,942.0,930.0,971.0,1032.0,1119.0,641.0
641.0,674.0,734.0,743.0,832.0,641.0,855.0
855.0,794.0,787.0,874.0,848.0,855.0,698.0
698.0,707.0,726.0,679.0,775.0,698.0,627.0
627.0,668.0,677.0,731.0,702.0,627.0,1029.0
1029.0,890.0,855.0,889.0,882.0,1029.0,585.0
585.0,647.0,692.0,718.0,729.0,585.0,612.0
612.0,661.0,662.0,668.0,674.0,612.0,578.0
578.0,643.0,639.0,659.0,629.0,578.0,658.0
658.0,687.0,671.0,790.0,649.0,658.0,763.0
763.0,744.0,728.0,809.0,715.0,763.0,997.0
997.0,872.0,852.0,933.0,868.0,997.0,848.0
848.0,791.0,815.0,830.0,865.0,848.0,833.0
833.0,784.0,800.0,854.0,856.0,833.0,842.0
842.0,789.0,799.0,837.0,855.0,842.0,920.0
920.0,831.0,835.0,880.0,895.0,920.0,1011.0
1011.0,881.0,887.0,909.0,962.0,1011.0,1056.0
1056.0,906.0,923.0,957.0,1017.0,1056.0,1493.0
1493.0,1152.0,1141.0,1146.0,1273.0,1493.0,1538.0
1538.0,1186.0,1229.0,1268.0,1424.0,1538.0,1083.0
1083.0,929.0,1030.0,1073.0,1252.0,1083.0,982.0
982.0,873.0,927.0,866.0,1118.0,982.0,973.0
973.0,868.0,898.0,897.0,1045.0,973.0,811.0
811.0,776.0,812.0,910.0,925.0,811.0,1123.0
1123.0,955.0,942.0,980.0,1040.0,1123.0,656.0
656.0,689.0,748.0,811.0,840.0,656.0,857.0
857.0,803.0,797.0,878.0,853.0,857.0,703.0
703.0,716.0,735.0,691.0,778.0,703.0,635.0
635.0,679.0,687.0,862.0,707.0,635.0,1031.0
1031.0,901.0,864.0,820.0,889.0,1031.0,592.0
592.0,656.0,701.0,727.0,735.0,592.0,618.0
618.0,670.0,671.0,681.0,678.0,618.0,581.0
581.0,650.0,645.0,663.0,629.0,581.0,678.0
678.0,704.0,685.0,808.0,662.0,678.0,775.0
775.0,758.0,742.0,823.0,728.0,775.0,1002.0
1002.0,884.0,864.0,949.0,880.0,1002.0,856.0
856.0,804.0,827.0,837.0,874.0,856.0,838.0
838.0,795.0,810.0,870.0,861.0,838.0,860.0
860.0,807.0,815.0,857.0,869.0,860.0,939.0
939.0,850.0,853.0,898.0,912.0,939.0,1025.0
1025.0,898.0,905.0,924.0,978.0,1025.0,1072.0
1072.0,925.0,942.0,974.0,1035.0,1072.0,1497.0
1497.0,1168.0,1157.0,1161.0,1289.0,1497.0,1543.0
1543.0,1203.0,1245.0,1286.0,1437.0,1543.0,1084.0
1084.0,939.0,1041.0,1080.0,1255.0,1084.0,996.0
996.0,889.0,943.0,885.0,1125.0,996.0,984.0
984.0,883.0,913.0,905.0,1052.0,984.0,827.0
827.0,793.0,829.0,930.0,932.0,827.0,1128.0
1128.0,968.0,955.0,985.0,1050.0,1128.0,683.0
683.0,710.0,769.0,830.0,857.0,683.0,864.0
864.0,815.0,810.0,883.0,866.0,864.0,717.0
717.0,731.0,749.0,710.0,791.0,717.0,643.0
643.0,689.0,698.0,861.0,715.0,643.0,1040.0
1040.0,915.0,877.0,847.0,907.0,1040.0,607.0
607.0,671.0,715.0,739.0,748.0,607.0,626.0
626.0,681.0,681.0,701.0,687.0,626.0,608.0
608.0,671.0,664.0,679.0,648.0,608.0,706.0
706.0,726.0,707.0,836.0,686.0,706.0,787.0
787.0,772.0,758.0,834.0,748.0,787.0,1016.0
1016.0,901.0,880.0,929.0,900.0,1016.0,873.0
873.0,821.0,844.0,847.0,893.0,873.0,844.0
844.0,806.0,822.0,889.0,875.0,844.0,878.0
878.0,825.0,832.0,874.0,881.0,878.0,957.0
957.0,868.0,872.0,915.0,930.0,957.0,1053.0
1053.0,923.0,929.0,946.0,1003.0,1053.0,1098.0
1098.0,949.0,967.0,998.0,1062.0,1098.0,1522.0
1522.0,1195.0,1184.0,1187.0,1325.0,1522.0,1575.0
1575.0,1235.0,1276.0,1318.0,1470.0,1575.0,1098.0
1098.0,956.0,1062.0,1099.0,1275.0,1098.0,1022.0
1022.0,913.0,967.0,908.0,1145.0,1022.0,995.0
995.0,898.0,930.0,913.0,1068.0,995.0,847.0
847.0,811.0,847.0,953.0,937.0,847.0,1148.0
1148.0,989.0,976.0,998.0,1071.0,1148.0,719.0
719.0,737.0,796.0,856.0,881.0,719.0,880.0
880.0,832.0,830.0,892.0,886.0,880.0,728.0
728.0,743.0,763.0,726.0,800.0,728.0,662.0
662.0,706.0,714.0,868.0,730.0,662.0,1065.0
1065.0,939.0,899.0,932.0,926.0,1065.0,626.0
626.0,687.0,733.0,800.0,767.0,626.0,640.0
640.0,694.0,696.0,720.0,702.0,640.0,642.0
642.0,696.0,688.0,694.0,674.0,642.0,728.0
728.0,745.0,728.0,863.0,703.0,728.0,808.0
808.0,791.0,777.0,810.0,772.0,808.0,1030.0
1030.0,918.0,898.0,949.0,922.0,1030.0,893.0
893.0,840.0,863.0,863.0,914.0,893.0,888.0
888.0,839.0,853.0,923.0,908.0,888.0,901.0
901.0,846.0,856.0,891.0,912.0,901.0,997.0
997.0,900.0,902.0,939.0,966.0,997.0,1083.0
1083.0,950.0,957.0,963.0,1037.0,1083.0,1129.0
1129.0,977.0,995.0,1025.0,1095.0,1129.0,1542.0
1542.0,1220.0,1210.0,1212.0,1350.0,1542.0,1584.0
1584.0,1254.0,1297.0,1347.0,1491.0,1584.0,1115.0
1115.0,976.0,1082.0,1050.0,1291.0,1115.0,1057.0
1057.0,942.0,995.0,946.0,1169.0,1057.0,1019.0
1019.0,920.0,955.0,929.0,1091.0,1019.0,877.0
877.0,836.0,873.0,1109.0,976.0,877.0,1167.0
1167.0,1010.0,998.0,1010.0,1095.0,1167.0,734.0
734.0,752.0,813.0,873.0,899.0,734.0,909.0
909.0,856.0,853.0,907.0,910.0,909.0,743.0
743.0,759.0,780.0,750.0,822.0,743.0,667.0
667.0,714.0,724.0,872.0,728.0,667.0,1089.0
1089.0,962.0,919.0,949.0,948.0,1089.0,650.0
650.0,706.0,754.0,882.0,787.0,650.0,659.0
659.0,711.0,714.0,749.0,711.0,659.0,666.0
666.0,715.0,708.0,703.0,696.0,666.0,757.0
757.0,768.0,751.0,892.0,738.0,757.0,830.0
830.0,811.0,798.0,826.0,796.0,830.0,1051.0
1051.0,939.0,919.0,978.0,946.0,1051.0,918.0
918.0,863.0,886.0,879.0,939.0,918.0,901.0
901.0,854.0,870.0,948.0,927.0,901.0,937.0
937.0,874.0,883.0,916.0,940.0,937.0,1035.0
1035.0,931.0,934.0,969.0,999.0,1035.0,1213.0
1213.0,1036.0,1036.0,1033.0,1126.0,1213.0,1158.0
1158.0,1004.0,1038.0,1065.0,1152.0,1158.0,1565.0
1565.0,1248.0,1242.0,1223.0,1397.0,1565.0,1600.0
1600.0,1277.0,1323.0,1382.0,1520.0,1600.0,1147.0
1147.0,1005.0,1113.0,1114.0,1311.0,1147.0,1108.0
1108.0,982.0,1036.0,966.0,1209.0,1108.0,1053.0
1053.0,950.0,989.0,978.0,1127.0,1053.0,904.0
904.0,861.0,901.0,1109.0,991.0,904.0,1177.0
1177.0,1026.0,1016.0,1041.0,1113.0,1177.0,774.0
774.0,783.0,843.0,902.0,925.0,774.0,921.0
921.0,872.0,872.0,936.0,931.0,921.0,760.0
760.0,775.0,798.0,765.0,839.0,760.0,683.0
683.0,730.0,740.0,799.0,753.0,683.0,1098.0
1098.0,977.0,933.0,920.0,961.0,1098.0,669.0
669.0,723.0,771.0,840.0,802.0,669.0,678.0
678.0,728.0,731.0,781.0,737.0,678.0,691.0
691.0,736.0,728.0,708.0,717.0,691.0,781.0
781.0,789.0,771.0,837.0,761.0,781.0,857.0
857.0,834.0,821.0,855.0,822.0,857.0,1070.0
1070.0,960.0,940.0,1034.0,970.0,1070.0,950.0
950.0,890.0,913.0,910.0,967.0,950.0,920.0
920.0,873.0,892.0,966.0,944.0,920.0,953.0
953.0,892.0,902.0,881.0,959.0,953.0,1067.0
1067.0,959.0,960.0,996.0,1027.0,1067.0,1273.0
1273.0,1083.0,1080.0,1099.0,1173.0,1273.0,1187.0
1187.0,1033.0,1071.0,1142.0,1189.0,1187.0,1578.0
1578.0,1272.0,1267.0,1242.0,1417.0,1578.0,1629.0
1629.0,1311.0,1355.0,1401.0,1548.0,1629.0,1173.0
1173.0,1031.0,1143.0,1198.0,1344.0,1173.0,1157.0
1157.0,1022.0,1076.0,1002.0,1247.0,1157.0,1074.0
1074.0,972.0,1017.0,1003.0,1139.0,1074.0,919.0
919.0,877.0,921.0,1120.0,1020.0,919.0,1193.0
1193.0,1047.0,1036.0,1059.0,1132.0,1193.0,792.0
792.0,800.0,862.0,922.0,946.0,792.0,934.0
934.0,888.0,888.0,954.0,946.0,934.0,781.0
781.0,794.0,817.0,771.0,855.0,781.0,841.0
841.0,831.0,829.0,883.0,855.0,841.0,1104.0
1104.0,991.0,966.0,925.0,1009.0,1104.0,751.0
751.0,778.0,824.0,886.0,867.0,751.0,699.0
699.0,746.0,759.0,808.0,776.0,699.0,716.0
716.0,756.0,751.0,778.0,747.0,716.0,806.0
806.0,811.0,794.0,873.0,788.0,806.0,873.0
873.0,852.0,840.0,925.0,844.0,873.0,1098.0
1098.0,988.0,965.0,1011.0,998.0,1098.0,964.0
964.0,907.0,932.0,964.0,987.0,964.0,938.0
938.0,893.0,911.0,951.0,968.0,938.0,1159.0
1159.0,1026.0,1016.0,1029.0,1086.0,1159.0,1088.0
1088.0,983.0,1009.0,1062.0,1093.0,1088.0,1292.0
1292.0,1108.0,1111.0,1158.0,1216.0,1292.0,1207.0
1207.0,1057.0,1098.0,1095.0,1219.0,1207.0,1599.0
1599.0,1301.0,1296.0,1503.0,1445.0,1599.0,1638.0
1638.0,1333.0,1378.0,1334.0,1567.0,1638.0,1196.0
1196.0,1057.0,1169.0,1349.0,1362.0,1196.0,1179.0
1179.0,1047.0,1102.0,968.0,1266.0,1179.0,1099.0
1099.0,998.0,1044.0,1093.0,1175.0,1099.0,930.0
930.0,892.0,940.0,1063.0,1036.0,930.0,1207.0
1207.0,1067.0,1055.0,1130.0,1147.0,1207.0,802.0
802.0,813.0,877.0,841.0,956.0,802.0,948.0
948.0,904.0,904.0,1019.0,957.0,948.0,783.0
783.0,802.0,826.0,736.0,861.0,783.0,849.0
849.0,843.0,840.0,883.0,861.0,849.0,1107.0
1107.0,1003.0,976.0,887.0,1015.0,1107.0,761.0
761.0,790.0,836.0,900.0,873.0,761.0,703.0
703.0,754.0,768.0,778.0,779.0,703.0,718.0
718.0,763.0,757.0,841.0,749.0,718.0,818.0
818.0,825.0,806.0,853.0,796.0,818.0,876.0
876.0,861.0,848.0,969.0,850.0,876.0,1103.0
1103.0,1001.0,976.0,997.0,1005.0,1103.0,967.0
967.0,918.0,942.0,1002.0,991.0,967.0,951.0
951.0,909.0,925.0,962.0,976.0,951.0,1162.0
1162.0,1039.0,1028.0,1080.0,1093.0,1162.0,1097.0
1097.0,998.0,1023.0,1087.0,1102.0,1097.0,1297.0
1297.0,1123.0,1124.0,1187.0,1223.0,1297.0,1223.0
1223.0,1078.0,1117.0,1103.0,1231.0,1223.0,1603.0
1603.0,1319.0,1312.0,1320.0,1455.0,1603.0,1655.0
1655.0,1359.0,1400.0,1346.0,1587.0,1655.0,1200.0
1200.0,1070.0,1185.0,1311.0,1369.0,1200.0,1185.0
1185.0,1061.0,1116.0,976.0,1270.0,1185.0,1103.0
1103.0,1010.0,1055.0,1203.0,1178.0,1103.0,938.0
938.0,905.0,952.0,1069.0,1042.0,938.0,1219.0
1219.0,1085.0,1070.0,1145.0,1156.0,1219.0,811.0
811.0,825.0,890.0,954.0,960.0,811.0,950.0
950.0,913.0,913.0,1024.0,958.0,950.0,793.0
793.0,814.0,837.0,753.0,867.0,793.0,856.0
856.0,855.0,850.0,1052.0,867.0,856.0,1113.0
1113.0,1016.0,987.0,903.0,1022.0,1113.0,765.0
765.0,799.0,845.0,867.0,877.0,765.0,712.0
712.0,765.0,778.0,777.0,785.0,712.0,721.0
721.0,771.0,764.0,837.0,753.0,721.0,836.0
836.0,843.0,820.0,878.0,809.0,836.0,880.0
880.0,871.0,859.0,1018.0,857.0,880.0,1116.0
1116.0,1018.0,990.0,1022.0,1017.0,1116.0,981.0
981.0,934.0,958.0,1009.0,1004.0,981.0,962.0
962.0,924.0,940.0,974.0,988.0,962.0,1168.0
1168.0,1052.0,1040.0,1075.0,1102.0,1168.0,1102.0
1102.0,1010.0,1035.0,1115.0,1109.0,1102.0,1316.0
1316.0,1145.0,1144.0,1202.0,1238.0,1316.0,1234.0
1234.0,1095.0,1134.0,1132.0,1244.0,1234.0,1616.0
1616.0,1340.0,1331.0,1338.0,1469.0,1616.0,1660.0
1660.0,1375.0,1416.0,1392.0,1593.0,1660.0,1208.0
1208.0,1084.0,1199.0,1320.0,1374.0,1208.0,1190.0
1190.0,1073.0,1128.0,991.0,1274.0,1190.0,1113.0
1113.0,1024.0,1069.0,1208.0,1185.0,1113.0,949.0
949.0,919.0,966.0,1082.0,1050.0,949.0,1225.0
1225.0,1098.0,1083.0,1151.0,1164.0,1225.0,820.0
820.0,837.0,901.0,965.0,964.0,820.0,964.0
964.0,930.0,928.0,961.0,969.0,964.0,802.0
802.0,826.0,850.0,770.0,870.0,802.0,873.0
873.0,872.0,866.0,1061.0,881.0,873.0,1125.0
1125.0,1033.0,1002.0,935.0,1036.0,1125.0,772.0
772.0,809.0,856.0,876.0,885.0,772.0,719.0
719.0,775.0,788.0,784.0,791.0,719.0,728.0
728.0,781.0,774.0,751.0,759.0,728.0,852.0
852.0,860.0,835.0,898.0,821.0,852.0,895.0
895.0,887.0,874.0,854.0,872.0,895.0,1148.0
1148.0,1047.0,1016.0,1052.0,1044.0,1148.0,1004.0
1004.0,956.0,981.0,1025.0,1028.0,1004.0,983.0
983.0,944.0,962.0,996.0,1010.0,983.0,1194.0
1194.0,1078.0,1065.0,1093.0,1127.0,1194.0,1123.0
1123.0,1032.0,1057.0,1145.0,1132.0,1123.0,1357.0
1357.0,1182.0,1177.0,1222.0,1272.0,1357.0,1270.0
1270.0,1127.0,1167.0,1170.0,1279.0,1270.0,1652.0
1652.0,1376.0,1367.0,1371.0,1508.0,1652.0,1680.0
1680.0,1400.0,1444.0,1426.0,1621.0,1680.0,1220.0
1220.0,1101.0,1219.0,1243.0,1391.0,1220.0,1204.0
1204.0,1091.0,1146.0,1006.0,1288.0,1204.0,1135.0
1135.0,1047.0,1090.0,1127.0,1202.0,1135.0,956.0
956.0,931.0,979.0,1092.0,1057.0,956.0,1242.0
1242.0,1118.0,1101.0,1165.0,1182.0,1242.0,840.0
840.0,856.0,920.0,983.0,980.0,840.0,969.0
969.0,940.0,939.0,970.0,980.0,969.0,820.0
820.0,844.0,866.0,881.0,888.0,820.0,899.0
899.0,895.0,888.0,1079.0,902.0,899.0,1146.0
1146.0,1054.0,1024.0,962.0,1059.0,1146.0,786.0
786.0,824.0,873.0,1008.0,901.0,786.0,729.0
729.0,787.0,800.0,795.0,802.0,729.0,736.0
736.0,792.0,784.0,760.0,767.0,736.0,864.0
864.0,874.0,848.0,915.0,833.0,864.0,916.0
916.0,908.0,892.0,870.0,890.0,916.0,1168.0
1168.0,1068.0,1036.0,1075.0,1065.0,1168.0,1027.0
1027.0,979.0,1003.0,1044.0,1051.0,1027.0,989.0
989.0,956.0,975.0,1008.0,1022.0,989.0,1213.0
1213.0,1099.0,1083.0,1110.0,1146.0,1213.0,1138.0
1138.0,1050.0,1075.0,1163.0,1148.0,1138.0,1382.0
1382.0,1208.0,1201.0,1219.0,1296.0,1382.0,1298.0
1298.0,1155.0,1194.0,1193.0,1306.0,1298.0,1670.0
1670.0,1399.0,1391.0,1395.0,1539.0,1670.0,1702.0
1702.0,1427.0,1470.0,1449.0,1649.0,1702.0,1238.0
1238.0,1121.0,1240.0,1397.0,1408.0,1238.0,1222.0
1222.0,1111.0,1166.0,1024.0,1304.0,1222.0,1167.0
1167.0,1076.0,1117.0,1151.0,1215.0,1167.0,976.0
976.0,951.0,1001.0,1113.0,1081.0,976.0,1260.0
1260.0,1138.0,1121.0,1184.0,1201.0,1260.0,853.0
853.0,870.0,936.0,998.0,993.0,853.0,979.0
979.0,953.0,953.0,982.0,988.0,979.0,845.0
845.0,866.0,886.0,900.0,906.0,845.0,913.0
913.0,911.0,904.0,1095.0,918.0,913.0,1155.0
1155.0,1068.0,1038.0,1055.0,1073.0,1155.0,799.0
799.0,838.0,887.0,903.0,912.0,799.0,737.0
737.0,798.0,811.0,804.0,810.0,737.0,744.0
744.0,802.0,794.0,768.0,775.0,744.0,876.0
876.0,888.0,860.0,930.0,844.0,876.0,943.0
943.0,932.0,914.0,1011.0,912.0,943.0,1179.0
1179.0,1084.0,1053.0,1095.0,1083.0,1179.0,1059.0
1059.0,1007.0,1029.0,1069.0,1072.0,1059.0,1019.0
1019.0,982.0,1002.0,1036.0,1050.0,1019.0,1239.0
1239.0,1124.0,1110.0,1143.0,1174.0,1239.0,1163.0
1163.0,1074.0,1100.0,1160.0,1175.0,1163.0,1466.0
1466.0,1273.0,1258.0,1322.0,1360.0,1466.0,1322.0
1322.0,1180.0,1228.0,1226.0,1346.0,1322.0,1701.0
1701.0,1432.0,1424.0,1423.0,1571.0,1701.0,1728.0
1728.0,1456.0,1500.0,1439.0,1678.0,1728.0,1249.0
1249.0,1137.0,1259.0,1414.0,1412.0,1249.0,1251.0
1251.0,1139.0,1192.0,1031.0,1327.0,1251.0,1199.0
1199.0,1105.0,1147.0,1188.0,1254.0,1199.0,998.0
998.0,972.0,1025.0,1127.0,1101.0,998.0,1278.0
1278.0,1159.0,1143.0,1161.0,1222.0,1278.0,858.0
858.0,880.0,948.0,1010.0,1000.0,858.0,1005.0
1005.0,977.0,974.0,1001.0,1011.0,1005.0,997.0
997.0,972.0,977.0,999.0,1005.0,997.0,922.0
922.0,923.0,938.0,1084.0,962.0,922.0,1160.0
1160.0,1080.0,1054.0,1077.0,1094.0,1160.0,807.0
807.0,849.0,899.0,960.0,924.0,807.0,750.0
750.0,811.0,824.0,816.0,821.0,750.0,1098.0
1098.0,1039.0,990.0,1028.0,1001.0,1098.0,884.0
884.0,900.0,922.0,1022.0,936.0,884.0,964.0
964.0,952.0,946.0,1027.0,961.0,964.0,1193.0
1193.0,1101.0,1073.0,991.0,1111.0,1193.0,1087.0
1087.0,1032.0,1054.0,1094.0,1105.0,1087.0,1034.0
1034.0,999.0,1022.0,1057.0,1062.0,1034.0,1256.0
1256.0,1144.0,1129.0,1208.0,1192.0,1256.0,1264.0
1264.0,1149.0,1164.0,1227.0,1244.0,1264.0,1475.0
1475.0,1288.0,1287.0,1307.0,1393.0,1475.0,1345.0
1345.0,1204.0,1255.0,1200.0,1372.0,1345.0,1724.0
1724.0,1458.0,1450.0,1450.0,1595.0,1724.0,1755.0
1755.0,1485.0,1529.0,1487.0,1705.0,1755.0,1273.0
1273.0,1162.0,1288.0,1439.0,1450.0,1273.0,1273.0
1273.0,1162.0,1218.0,1059.0,1339.0,1273.0,1222.0
1222.0,1129.0,1172.0,1204.0,1277.0,1222.0,1032.0
1032.0,1002.0,1055.0,1164.0,1133.0,1032.0,1299.0
1299.0,1181.0,1167.0,1229.0,1246.0,1299.0,877.0
877.0,898.0,970.0,1032.0,1022.0,877.0,1030.0
1030.0,1001.0,997.0,1025.0,1034.0,1030.0,1004.0
1004.0,984.0,991.0,1012.0,1022.0,1004.0,935.0
935.0,938.0,952.0,1093.0,975.0,935.0,1162.0
1162.0,1089.0,1064.0,1084.0,1101.0,1162.0,815.0
815.0,860.0,910.0,972.0,931.0,815.0,768.0
768.0,829.0,840.0,829.0,835.0,768.0,1101.0
1101.0,1049.0,999.0,1024.0,1009.0,1101.0,899.0
899.0,916.0,937.0,938.0,939.0,899.0,982.0
982.0,971.0,963.0,1037.0,977.0,982.0,1204.0
1204.0,1117.0,1088.0,1054.0,1125.0,1204.0,1115.0
1115.0,1058.0,1078.0,1158.0,1128.0,1115.0,1047.0
1047.0,1015.0,1040.0,1073.0,1087.0,1047.0,1266.0
1266.0,1159.0,1144.0,1162.0,1206.0,1266.0,1285.0
1285.0,1171.0,1184.0,1245.0,1262.0,1285.0,1565.0
1565.0,1358.0,1346.0,1440.0,1456.0,1565.0,1366.0
1366.0,1227.0,1289.0,1248.0,1410.0,1366.0,1739.0
1739.0,1479.0,1474.0,1502.0,1619.0,1739.0,1766.0
1766.0,1503.0,1548.0,1491.0,1721.0,1766.0,1293.0
1293.0,1183.0,1311.0,1457.0,1468.0,1293.0,1287.0
1287.0,1180.0,1237.0,1084.0,1365.0,1287.0,1263.0
1263.0,1164.0,1204.0,1231.0,1309.0,1263.0,1050.0
1050.0,1021.0,1079.0,1104.0,1156.0,1050.0,1304.0
1304.0,1193.0,1180.0,1245.0,1257.0,1304.0,884.0
884.0,909.0,982.0,1045.0,1030.0,884.0,1034.0
1034.0,1010.0,1007.0,1031.0,1040.0,1034.0,1006.0
1006.0,992.0,999.0,1016.0,1025.0,1006.0,939.0
939.0,947.0,961.0,970.0,978.0,939.0,1163.0
1163.0,1097.0,1070.0,1086.0,1102.0,1163.0,818.0
818.0,868.0,917.0,925.0,933.0,818.0,776.0
776.0,840.0,850.0,835.0,840.0,776.0,1104.0
1104.0,1058.0,1006.0,975.0,1013.0,1104.0,901.0
901.0,924.0,943.0,961.0,951.0,901.0,985.0
985.0,980.0,970.0,1091.0,980.0,985.0,1211.0
1211.0,1129.0,1097.0,1071.0,1130.0,1211.0,1118.0
1118.0,1068.0,1086.0,1160.0,1131.0,1118.0,1054.0
1054.0,1027.0,1050.0,1079.0,1093.0,1054.0,1266.0
1266.0,1167.0,1150.0,1171.0,1208.0,1266.0,1286.0
1286.0,1180.0,1191.0,1247.0,1264.0,1286.0,1575.0
1575.0,1374.0,1358.0,1442.0,1463.0,1575.0,1384.0
1384.0,1247.0,1307.0,1407.0,1424.0,1384.0,1752.0
1752.0,1497.0,1491.0,1514.0,1634.0,1752.0,1771.0
1771.0,1516.0,1561.0,1644.0,1729.0,1771.0,1309.0
1309.0,1202.0,1329.0,1405.0,1480.0,1309.0,1290.0
1290.0,1189.0,1249.0,1233.0,1371.0,1290.0,1272.0
1272.0,1178.0,1217.0,1300.0,1316.0,1272.0,1058.0
1058.0,1032.0,1091.0,1167.0,1162.0,1058.0,1311.0
1311.0,1205.0,1191.0,1248.0,1266.0,1311.0,889.0
889.0,918.0,992.0,991.0,1036.0,889.0,1039.0
1039.0,1020.0,1016.0,1128.0,1045.0,1039.0,1016.0
1016.0,1005.0,1010.0,1024.0,1033.0,1016.0,939.0
939.0,954.0,967.0,973.0,981.0,939.0,1176.0
1176.0,1113.0,1082.0,1095.0,1112.0,1176.0,825.0
825.0,879.0,928.0,933.0,933.0,825.0,782.0
782.0,850.0,860.0,842.0,847.0,782.0,1107.0
1107.0,1067.0,1014.0,970.0,1017.0,1107.0,912.0
912.0,937.0,955.0,948.0,959.0,912.0,1000.0
1000.0,996.0,985.0,966.0,992.0,1000.0,1219.0
1219.0,1141.0,1109.0,1082.0,1141.0,1219.0,1124.0
1124.0,1079.0,1097.0,1162.0,1139.0,1124.0,1061.0
1061.0,1038.0,1060.0,1086.0,1100.0,1061.0,1271.0
1271.0,1177.0,1160.0,1191.0,1214.0,1271.0,1298.0
1298.0,1195.0,1204.0,1213.0,1274.0,1298.0,1587.0
1587.0,1390.0,1372.0,1453.0,1475.0,1587.0,1397.0
1397.0,1263.0,1322.0,1420.0,1436.0,1397.0,1767.0
1767.0,1516.0,1508.0,1525.0,1648.0,1767.0,1781.0
1781.0,1530.0,1576.0,1661.0,1741.0,1781.0,1321.0
1321.0,1217.0,1345.0,1411.0,1482.0,1321.0,1298.0
1298.0,1201.0,1262.0,1253.0,1371.0,1298.0,1276.0
1276.0,1187.0,1227.0,1265.0,1322.0,1276.0,1065.0
1065.0,1044.0,1101.0,1140.0,1169.0,1065.0,1327.0
1327.0,1222.0,1206.0,1254.0,1276.0,1327.0,893.0
893.0,927.0,1002.0,1039.0,1038.0,893.0,1050.0
1050.0,1034.0,1028.0,1046.0,1054.0,1050.0,1032.0
1032.0,1022.0,1025.0,969.0,1047.0,1032.0,949.0
949.0,967.0,980.0,984.0,981.0,949.0,1180.0
1180.0,1122.0,1091.0,1102.0,1119.0,1180.0,833.0
833.0,890.0,939.0,940.0,946.0,833.0,798.0
798.0,867.0,875.0,854.0,846.0,798.0,1109.0
1109.0,1075.0,1022.0,966.0,1023.0,1109.0,920.0
920.0,949.0,965.0,955.0,966.0,920.0,1021.0
1021.0,1017.0,1002.0,994.0,1008.0,1021.0,1234.0
1234.0,1158.0,1126.0,1105.0,1156.0,1234.0,1144.0
1144.0,1099.0,1116.0,1175.0,1157.0,1144.0,1079.0
1079.0,1056.0,1079.0,1108.0,1119.0,1079.0,1299.0
1299.0,1203.0,1184.0,1191.0,1239.0,1299.0,1319.0
1319.0,1216.0,1226.0,1279.0,1296.0,1319.0,1672.0
1672.0,1454.0,1428.0,1514.0,1536.0,1672.0,1422.0
1422.0,1287.0,1357.0,1459.0,1471.0,1422.0,1797.0
1797.0,1543.0,1539.0,1553.0,1682.0,1797.0,1809.0
1809.0,1557.0,1605.0,1678.0,1771.0,1809.0,1343.0
1343.0,1238.0,1370.0,1507.0,1517.0,1343.0,1315.0
1315.0,1220.0,1283.0,1272.0,1400.0,1315.0,1288.0
1288.0,1202.0,1243.0,1280.0,1338.0,1288.0,1094.0
1094.0,1070.0,1126.0,1167.0,1193.0,1094.0,1335.0
1335.0,1234.0,1221.0,1293.0,1289.0,1335.0,907.0
907.0,943.0,1018.0,1053.0,1058.0,907.0,1065.0
1065.0,1051.0,1044.0,1060.0,1069.0,1065.0,1053.0
1053.0,1043.0,1045.0,1012.0,1066.0,1053.0,961.0
961.0,981.0,996.0,999.0,1007.0,961.0,1191.0
1191.0,1136.0,1105.0,1115.0,1130.0,1191.0,833.0
833.0,896.0,947.0,945.0,946.0,833.0,804.0
804.0,877.0,883.0,860.0,852.0,804.0,1119.0
1119.0,1088.0,1033.0,1016.0,1031.0,1119.0,938.0
938.0,967.0,981.0,1110.0,980.0,938.0,1037.0
1037.0,1034.0,1019.0,1010.0,1024.0,1037.0,1240.0
1240.0,1169.0,1137.0,1064.0,1164.0,1240.0,1169.0
1169.0,1122.0,1136.0,1189.0,1177.0,1169.0,1098.0
1098.0,1076.0,1099.0,1130.0,1138.0,1098.0,1314.0
1314.0,1220.0,1201.0,1212.0,1255.0,1314.0,1358.0
1358.0,1249.0,1255.0,1273.0,1326.0,1358.0,1751.0
1751.0,1516.0,1483.0,1583.0,1596.0,1751.0,1442.0
1442.0,1307.0,1388.0,1395.0,1511.0,1442.0,1833.0
1833.0,1576.0,1572.0,1658.0,1717.0,1833.0,1824.0
1824.0,1575.0,1627.0,1557.0,1794.0,1824.0,1363.0
1363.0,1259.0,1392.0,1463.0,1539.0,1363.0,1329.0
1329.0,1236.0,1301.0,1191.0,1409.0,1329.0,1326.0
1326.0,1234.0,1273.0,1308.0,1369.0,1326.0,1116.0
1116.0,1091.0,1151.0,1178.0,1219.0,1116.0,1355.0
1355.0,1255.0,1243.0,1286.0,1310.0,1355.0,921.0
921.0,958.0,1036.0,1043.0,1076.0,921.0,1070.0
1070.0,1060.0,1055.0,1100.0,1079.0,1070.0,1066.0
1066.0,1058.0,1058.0,1019.0,1078.0,1066.0,971.0
971.0,994.0,1009.0,1135.0,1018.0,971.0,1203.0
1203.0,1151.0,1118.0,1092.0,1141.0,1203.0,851.0
851.0,915.0,964.0,1026.0,962.0,851.0,822.0
822.0,895.0,901.0,940.0,884.0,822.0,1127.0
1127.0,1100.0,1045.0,1057.0,1042.0,1127.0,959.0
959.0,987.0,999.0,1036.0,998.0,959.0,1053.0
1053.0,1051.0,1036.0,1149.0,1040.0,1053.0,1272.0
1272.0,1197.0,1162.0,1095.0,1191.0,1272.0,1180.0
1180.0,1136.0,1153.0,1201.0,1194.0,1180.0,1134.0
1134.0,1106.0,1126.0,1164.0,1167.0,1134.0,1322.0
1322.0,1232.0,1217.0,1232.0,1271.0,1322.0,1424.0
1424.0,1300.0,1299.0,1327.0,1373.0,1424.0,1841.0
1841.0,1585.0,1549.0,1638.0,1670.0,1841.0,1479.0
1479.0,1339.0,1433.0,1522.0,1563.0,1479.0,1851.0
1851.0,1596.0,1599.0,1633.0,1748.0,1851.0,1848.0
1848.0,1599.0,1653.0,1692.0,1821.0,1848.0,1392.0
1392.0,1286.0,1420.0,1680.0,1568.0,1392.0,1348.0
1348.0,1256.0,1324.0,1219.0,1441.0,1348.0,1355.0
1355.0,1261.0,1299.0,1327.0,1395.0,1355.0,1133.0
1133.0,1109.0,1171.0,1219.0,1242.0,1133.0,1392.0
1392.0,1287.0,1273.0,1328.0,1343.0,1392.0,941.0
941.0,978.0,1059.0,1048.0,1090.0,941.0,1078.0
1078.0,1072.0,1069.0,1118.0,1094.0,1078.0,1080.0
1080.0,1074.0,1073.0,1027.0,1092.0,1080.0,979.0
979.0,1005.0,1020.0,1148.0,1028.0,979.0,1212.0
1212.0,1164.0,1130.0,1076.0,1151.0,1212.0,865.0
865.0,930.0,978.0,974.0,983.0,865.0,832.0
832.0,907.0,913.0,948.0,896.0,832.0,1133.0
1133.0,1111.0,1055.0,1081.0,1051.0,1133.0,994.0
994.0,1017.0,1024.0,1092.0,1024.0,994.0,1060.0
1060.0,1062.0,1050.0,1171.0,1054.0,1060.0,1301.0
1301.0,1224.0,1185.0,1132.0,1215.0,1301.0,1198.0
1198.0,1155.0,1173.0,1213.0,1215.0,1198.0,1144.0
1144.0,1119.0,1142.0,1193.0,1181.0,1144.0,1340.0
1340.0,1251.0,1235.0,1245.0,1289.0,1340.0,1455.0
1455.0,1329.0,1325.0,1441.0,1399.0,1455.0,2007.0
2007.0,1709.0,1652.0,1816.0,1784.0,2007.0,1500.0
1500.0,1361.0,1480.0,1586.0,1620.0,1500.0,1881.0
1881.0,1625.0,1635.0,1837.0,1790.0,1881.0,1883.0
1883.0,1631.0,1688.0,1578.0,1860.0,1883.0,1408.0
1408.0,1304.0,1445.0,1743.0,1591.0,1408.0,1376.0
1376.0,1282.0,1351.0,1319.0,1469.0,1376.0,1369.0
1369.0,1277.0,1319.0,1377.0,1416.0,1369.0,1152.0
1152.0,1128.0,1192.0,1327.0,1262.0,1152.0,1411.0
1411.0,1307.0,1292.0,1324.0,1360.0,1411.0,950.0
950.0,990.0,1074.0,1077.0,1102.0,950.0,1100.0
1100.0,1093.0,1088.0,1147.0,1114.0,1100.0,1087.0
1087.0,1084.0,1086.0,1038.0,1105.0,1087.0,988.0
988.0,1017.0,1032.0,1156.0,1040.0,988.0,1217.0
1217.0,1174.0,1139.0,1079.0,1160.0,1217.0,892.0
892.0,954.0,999.0,998.0,1004.0,892.0,851.0
851.0,926.0,933.0,935.0,916.0,851.0,1150.0
1150.0,1128.0,1072.0,965.0,1071.0,1150.0,1015.0
1015.0,1037.0,1043.0,1118.0,1045.0,1015.0,1076.0
1076.0,1079.0,1067.0,1079.0,1073.0,1076.0,1316.0
1316.0,1241.0,1201.0,1176.0,1233.0,1316.0,1236.0
1236.0,1187.0,1202.0,1253.0,1246.0,1236.0,1152.0
1152.0,1131.0,1158.0,1212.0,1200.0,1152.0,1366.0
1366.0,1276.0,1257.0,1269.0,1313.0,1366.0,1486.0
1486.0,1357.0,1352.0,1454.0,1429.0,1486.0,2063.0
2063.0,1756.0,1694.0,1874.0,1833.0,2063.0,1517.0
1517.0,1380.0,1508.0,1618.0,1651.0,1517.0,1897.0
1897.0,1643.0,1656.0,1870.0,1813.0,1897.0,1913.0
1913.0,1660.0,1716.0,1698.0,1888.0,1913.0,1415.0
1415.0,1315.0,1463.0,1766.0,1596.0,1415.0,1405.0
1405.0,1308.0,1376.0,1321.0,1495.0,1405.0,1387.0
1387.0,1296.0,1341.0,1389.0,1437.0,1387.0,1166.0
1166.0,1144.0,1210.0,1345.0,1279.0,1166.0,1416.0
1416.0,1317.0,1304.0,1324.0,1370.0,1416.0,975.0
975.0,1013.0,1095.0,1098.0,1135.0,975.0,1114.0
1114.0,1109.0,1105.0,1161.0,1131.0,1114.0,1091.0
1091.0,1093.0,1096.0,1053.0,1115.0,1091.0,1007.0
1007.0,1036.0,1049.0,1138.0,1057.0,1007.0,1223.0
1223.0,1184.0,1150.0,1094.0,1172.0,1223.0,893.0
893.0,960.0,1006.0,1065.0,1009.0,893.0,853.0
853.0,933.0,939.0,990.0,920.0,853.0,1154.0
1154.0,1138.0,1078.0,1103.0,1077.0,1154.0,1026.0
1026.0,1051.0,1054.0,1188.0,1055.0,1026.0,1082.0
1082.0,1089.0,1077.0,1212.0,1082.0,1082.0,1328.0
1328.0,1255.0,1214.0,1184.0,1246.0,1328.0,1245.0
1245.0,1200.0,1214.0,1260.0,1257.0,1245.0,1159.0
1159.0,1142.0,1169.0,1225.0,1209.0,1159.0,1375.0
1375.0,1289.0,1268.0,1278.0,1323.0,1375.0,1486.0
1486.0,1364.0,1358.0,1378.0,1435.0,1486.0,2072.0
2072.0,1769.0,1704.0,1787.0,1840.0,2072.0,1530.0
1530.0,1395.0,1522.0,1535.0,1663.0,1530.0,1903.0
1903.0,1654.0,1667.0,1907.0,1823.0,1903.0,1923.0
1923.0,1673.0,1728.0,1705.0,1898.0,1923.0,1427.0
1427.0,1329.0,1478.0,1811.0,1607.0,1427.0,1420.0
1420.0,1325.0,1393.0,1445.0,1509.0,1420.0,1393.0
1393.0,1307.0,1353.0,1394.0,1448.0,1393.0,1182.0
1182.0,1161.0,1226.0,1352.0,1294.0,1182.0,1418.0
1418.0,1324.0,1312.0,1327.0,1385.0,1418.0,980.0
980.0,1022.0,1105.0,1126.0,1142.0,980.0,1121.0
1121.0,1120.0,1115.0,1173.0,1140.0,1121.0,1098.0
1098.0,1104.0,1106.0,1078.0,1124.0,1098.0,1012.0
1012.0,1046.0,1058.0,1208.0,1064.0,1012.0,1230.0
1230.0,1195.0,1159.0,1229.0,1181.0,1230.0,895.0
895.0,968.0,1013.0,1077.0,1015.0,895.0,858.0
858.0,942.0,947.0,1003.0,927.0,858.0,1158.0
1158.0,1146.0,1085.0,1106.0,1084.0,1158.0,1036.0
1036.0,1064.0,1065.0,1200.0,1066.0,1036.0,1094.0
1094.0,1104.0,1089.0,1229.0,1095.0,1094.0,1330.0
1330.0,1263.0,1221.0,1188.0,1227.0,1330.0,1249.0
1249.0,1208.0,1221.0,1264.0,1262.0,1249.0,1165.0
1165.0,1153.0,1178.0,1269.0,1214.0,1165.0,1376.0
1376.0,1295.0,1274.0,1280.0,1325.0,1376.0,1501.0
1501.0,1380.0,1371.0,1389.0,1445.0,1501.0,2080.0
2080.0,1780.0,1714.0,1787.0,1852.0,2080.0,1538.0
1538.0,1406.0,1533.0,1552.0,1671.0,1538.0,1916.0
1916.0,1668.0,1680.0,1884.0,1834.0,1916.0,1935.0
1935.0,1686.0,1741.0,1718.0,1910.0,1935.0,1449.0
1449.0,1350.0,1498.0,1551.0,1641.0,1449.0,1422.0
1422.0,1332.0,1404.0,1332.0,1519.0,1422.0,1401.0
1401.0,1318.0,1363.0,1377.0,1458.0,1401.0,1187.0
1187.0,1170.0,1235.0,1346.0,1302.0,1187.0,1423.0
1423.0,1333.0,1321.0,1335.0,1391.0,1423.0,987.0
987.0,1033.0,1115.0,1143.0,1150.0,987.0,1124.0
1124.0,1128.0,1122.0,1182.0,1145.0,1124.0,1109.0
1109.0,1118.0,1117.0,1008.0,1135.0,1109.0,1018.0
1018.0,1057.0,1068.0,1217.0,1074.0,1018.0,1248.0
1248.0,1213.0,1174.0,1246.0,1196.0,1248.0,906.0
906.0,982.0,1027.0,1095.0,1028.0,906.0,869.0
869.0,957.0,960.0,1019.0,940.0,869.0,1167.0
1167.0,1159.0,1097.0,1108.0,1094.0,1167.0,1053.0
1053.0,1082.0,1080.0,1214.0,1080.0,1053.0,1111.0
1111.0,1121.0,1106.0,1250.0,1111.0,1111.0,1349.0
1349.0,1282.0,1239.0,1208.0,1246.0,1349.0,1261.0
1261.0,1223.0,1236.0,1314.0,1276.0,1261.0,1180.0
1180.0,1169.0,1194.0,1284.0,1229.0,1180.0,1392.0
1392.0,1312.0,1290.0,1291.0,1341.0,1392.0,1525.0
1525.0,1402.0,1391.0,1454.0,1466.0,1525.0,2101.0
2101.0,1798.0,1733.0,1910.0,1875.0,2101.0,1563.0
1563.0,1428.0,1556.0,1766.0,1694.0,1563.0,1947.0
1947.0,1694.0,1706.0,1946.0,1863.0,1947.0,1951.0
1951.0,1701.0,1761.0,1767.0,1931.0,1951.0,1460.0
1460.0,1363.0,1513.0,1818.0,1655.0,1460.0,1444.0
1444.0,1352.0,1423.0,1476.0,1538.0,1444.0,1419.0
1419.0,1335.0,1382.0,1373.0,1477.0,1419.0,1235.0
1235.0,1209.0,1270.0,1379.0,1340.0,1235.0,1443.0
1443.0,1352.0,1345.0,1358.0,1418.0,1443.0,1002.0
1002.0,1050.0,1134.0,1101.0,1171.0,1002.0,1133.0
1133.0,1140.0,1136.0,1118.0,1161.0,1133.0,1117.0
1117.0,1130.0,1129.0,1018.0,1147.0,1117.0,1042.0
1042.0,1079.0,1087.0,1126.0,1094.0,1042.0,1256.0
1256.0,1225.0,1187.0,1135.0,1208.0,1256.0,921.0
921.0,999.0,1043.0,1061.0,1041.0,921.0,877.0
877.0,968.0,973.0,933.0,951.0,877.0,1184.0
1184.0,1176.0,1112.0,1011.0,1109.0,1184.0,1064.0
1064.0,1095.0,1094.0,1106.0,1073.0,1064.0,1142.0
1142.0,1148.0,1130.0,1162.0,1135.0,1142.0,1369.0
1369.0,1301.0,1260.0,1224.0,1268.0,1369.0,1284.0
1284.0,1244.0,1258.0,1342.0,1298.0,1284.0,1203.0
1203.0,1190.0,1216.0,1301.0,1251.0,1203.0,1408.0
1408.0,1329.0,1309.0,1312.0,1338.0,1408.0,1545.0
1545.0,1421.0,1410.0,1470.0,1486.0,1545.0,2120.0
2120.0,1816.0,1752.0,1929.0,1893.0,2120.0,1595.0
1595.0,1456.0,1582.0,1782.0,1721.0,1595.0,1976.0
1976.0,1719.0,1733.0,1980.0,1892.0,1976.0,1965.0
1965.0,1716.0,1779.0,1765.0,1950.0,1965.0,1474.0
1474.0,1378.0,1530.0,1832.0,1670.0,1474.0,1464.0
1464.0,1371.0,1442.0,1494.0,1555.0,1464.0,1445.0
1445.0,1359.0,1405.0,1391.0,1500.0,1445.0,1275.0
1275.0,1242.0,1302.0,1408.0,1373.0,1275.0,1465.0
1465.0,1373.0,1370.0,1361.0,1443.0,1465.0,1009.0
1009.0,1061.0,1148.0,1282.0,1182.0,1009.0,1139.0
1139.0,1150.0,1147.0,1178.0,1169.0,1139.0,1147.0
1147.0,1156.0,1151.0,1049.0,1168.0,1147.0,1060.0
1060.0,1097.0,1106.0,1175.0,1113.0,1060.0,1266.0
1266.0,1238.0,1202.0,1141.0,1222.0,1266.0,936.0
936.0,1015.0,1058.0,1105.0,1054.0,936.0,891.0
891.0,984.0,988.0,1054.0,964.0,891.0,1196.0
1196.0,1191.0,1126.0,1020.0,1122.0,1196.0,1079.0
1079.0,1112.0,1109.0,1108.0,1087.0,1079.0,1152.0
1152.0,1161.0,1143.0,1179.0,1146.0,1152.0,1384.0
1384.0,1317.0,1275.0,1263.0,1283.0,1384.0,1314.0
1314.0,1270.0,1281.0,1379.0,1322.0,1314.0,1244.0
1244.0,1224.0,1248.0,1315.0,1285.0,1244.0,1426.0
1426.0,1347.0,1331.0,1324.0,1385.0,1426.0,1558.0
1558.0,1436.0,1427.0,1488.0,1505.0,1558.0,2178.0
2178.0,1862.0,1791.0,1965.0,1940.0,2178.0,1619.0
1619.0,1478.0,1610.0,1822.0,1752.0,1619.0,2013.0
2013.0,1750.0,1765.0,2128.0,1928.0,2013.0,1988.0
1988.0,1737.0,1805.0,1793.0,1979.0,1988.0,2081.0
2081.0,1809.0,1873.0,2199.0,2032.0,2081.0,1490.0
1490.0,1396.0,1571.0,1696.0,1717.0,1490.0,1458.0
1458.0,1375.0,1456.0,1627.0,1567.0,1458.0,1480.0
1480.0,1390.0,1431.0,1390.0,1526.0,1480.0,1478.0
1478.0,1390.0,1422.0,1423.0,1488.0,1478.0,1026.0
1026.0,1078.0,1176.0,1202.0,1215.0,1026.0,1161.0
1161.0,1171.0,1170.0,1137.0,1195.0,1161.0,1162.0
1162.0,1172.0,1169.0,1057.0,1187.0,1162.0,1083.0
1083.0,1119.0,1127.0,1179.0,1134.0,1083.0,1273.0
1273.0,1249.0,1215.0,1176.0,1235.0,1273.0,965.0
965.0,1040.0,1080.0,1132.0,1076.0,965.0,918.0
918.0,1008.0,1011.0,1076.0,988.0,918.0,1205.0
1205.0,1203.0,1142.0,971.0,1138.0,1205.0,1110.0
1110.0,1139.0,1134.0,1157.0,1112.0,1110.0,1172.0
1172.0,1181.0,1164.0,1182.0,1149.0,1172.0,1395.0
1395.0,1332.0,1291.0,1287.0,1301.0,1395.0,1356.0
1356.0,1306.0,1312.0,1400.0,1355.0,1356.0,1265.0
1265.0,1245.0,1272.0,1343.0,1310.0,1265.0,1442.0
1442.0,1365.0,1351.0,1351.0,1405.0,1442.0,1587.0
1587.0,1464.0,1453.0,1502.0,1532.0,1587.0,2225.0
2225.0,1905.0,1831.0,1993.0,1984.0,2225.0,1638.0
1638.0,1500.0,1637.0,1860.0,1779.0,1638.0,2037.0
2037.0,1776.0,1791.0,2032.0,1958.0,2037.0,2010.0
2010.0,1762.0,1829.0,1827.0,2005.0,2010.0,2101.0
2101.0,1832.0,1896.0,1954.0,2079.0,2101.0,1515.0
1515.0,1421.0,1594.0,1755.0,1735.0,1515.0,1466.0
1466.0,1388.0,1471.0,1561.0,1578.0,1466.0,1504.0
1504.0,1414.0,1452.0,1364.0,1544.0,1504.0,1494.0
1494.0,1408.0,1440.0,1443.0,1525.0,1494.0,1051.0
1051.0,1101.0,1198.0,1238.0,1237.0,1051.0,1166.0
1166.0,1181.0,1183.0,1144.0,1206.0,1166.0,1170.0
1170.0,1184.0,1180.0,1075.0,1051.0,1170.0,1100.0
1100.0,1136.0,1142.0,1180.0,1034.0,1100.0,1282.0
1282.0,1262.0,1228.0,1172.0,1142.0,1282.0,971.0
971.0,1049.0,1090.0,1084.0,1057.0,971.0,924.0
924.0,1017.0,1020.0,1002.0,993.0,924.0,1212.0
1212.0,1214.0,1151.0,1019.0,1145.0,1212.0,1125.0
1125.0,1155.0,1148.0,1157.0,1124.0,1125.0,1183.0
1183.0,1195.0,1177.0,1193.0,1162.0,1183.0,1410.0
1410.0,1350.0,1307.0,1275.0,1316.0,1410.0,1363.0
1363.0,1318.0,1324.0,1360.0,1391.0,1363.0,1278.0
1278.0,1260.0,1285.0,1356.0,1375.0,1278.0,1458.0
1458.0,1383.0,1368.0,1365.0,1442.0,1458.0,1617.0
1617.0,1492.0,1479.0,1526.0,1557.0,1617.0,2264.0
2264.0,1944.0,1866.0,2019.0,2022.0,2264.0,1711.0
1711.0,1558.0,1691.0,1925.0,1837.0,1711.0,2060.0
2060.0,1803.0,1826.0,2190.0,1993.0,2060.0,2016.0
2016.0,1777.0,1848.0,1866.0,2021.0,2016.0,2124.0
2124.0,1859.0,1919.0,2190.0,2163.0,2124.0,1531.0
1531.0,1440.0,1613.0,1748.0,1856.0,1531.0,1483.0
1483.0,1407.0,1489.0,1633.0,1594.0,1483.0,1510.0
1510.0,1426.0,1464.0,1376.0,1554.0,1510.0,1510.0
1510.0,1426.0,1456.0,1533.0,1539.0,1510.0,1057.0
1057.0,1110.0,1208.0,1233.0,1245.0,1057.0,1175.0
1175.0,1193.0,1193.0,1181.0,1214.0,1175.0,1182.0
1182.0,1198.0,1193.0,1093.0,1054.0,1182.0,1107.0
1107.0,1147.0,1153.0,1164.0,1040.0,1107.0,1283.0
1283.0,1269.0,1235.0,1210.0,1146.0,1283.0,972.0
972.0,1055.0,1094.0,1085.0,1062.0,972.0,939.0
939.0,1031.0,1031.0,1008.0,1003.0,939.0,1219.0
1219.0,1225.0,1162.0,1031.0,1154.0,1219.0,1139.0
1139.0,1170.0,1161.0,1162.0,1136.0,1139.0,1202.0
1202.0,1213.0,1194.0,1092.0,1181.0,1202.0,1419.0
1419.0,1363.0,1321.0,1293.0,1333.0,1419.0,1375.0
1375.0,1333.0,1338.0,1399.0,1408.0,1375.0,1287.0
1287.0,1273.0,1297.0,1375.0,1391.0,1287.0,1464.0
1464.0,1395.0,1378.0,1402.0,1452.0,1464.0,1622.0
1622.0,1504.0,1488.0,1517.0,1541.0,1622.0,2271.0
2271.0,1959.0,1879.0,2014.0,2032.0,2271.0,1733.0
1733.0,1582.0,1710.0,1968.0,1850.0,1733.0,2069.0
2069.0,1819.0,1841.0,2085.0,2008.0,2069.0,2032.0
2032.0,1797.0,1866.0,1984.0,2037.0,2032.0,2126.0
2126.0,1869.0,1930.0,2155.0,2174.0,2126.0,1548.0
1548.0,1459.0,1627.0,1795.0,1870.0,1548.0,1489.0
1489.0,1418.0,1499.0,1569.0,1601.0,1489.0,1522.0
1522.0,1441.0,1477.0,1396.0,1458.0,1522.0,1515.0
1515.0,1436.0,1466.0,1455.0,1400.0,1515.0,1061.0
1061.0,1118.0,1215.0,1243.0,1232.0,1061.0,1175.0
1175.0,1198.0,1198.0,1179.0,1215.0,1175.0,1192.0
1192.0,1210.0,1202.0,1099.0,1054.0,1192.0,1111.0
1111.0,1155.0,1160.0,1127.0,1043.0,1111.0,1290.0
1290.0,1279.0,1244.0,1201.0,1153.0,1290.0,981.0
981.0,1066.0,1104.0,1112.0,1074.0,981.0,950.0
950.0,1044.0,1042.0,1020.0,993.0,950.0,1223.0
1223.0,1233.0,1171.0,1058.0,1160.0,1223.0,1151.0
1151.0,1184.0,1173.0,1160.0,1147.0,1151.0,1214.0
1214.0,1228.0,1207.0,1226.0,1194.0,1214.0,1430.0
1430.0,1377.0,1335.0,1342.0,1347.0,1430.0,1382.0
1382.0,1344.0,1349.0,1402.0,1422.0,1382.0,1319.0
1319.0,1301.0,1321.0,1394.0,1416.0,1319.0,1481.0
1481.0,1413.0,1399.0,1423.0,1476.0,1481.0,1627.0
1627.0,1515.0,1501.0,1532.0,1586.0,1627.0,2281.0
2281.0,1975.0,1894.0,1991.0,2028.0,2281.0,1738.0
1738.0,1593.0,1719.0,1978.0,2003.0,1738.0,2091.0
2091.0,1843.0,1860.0,2095.0,2025.0,2091.0,2040.0
2040.0,1811.0,1879.0,2135.0,2149.0,2040.0,2137.0
2137.0,1885.0,1943.0,2119.0,2187.0,2137.0,1556.0
1556.0,1471.0,1637.0,1801.0,1879.0,1556.0,1499.0
1499.0,1431.0,1510.0,1577.0,1606.0,1499.0,1528.0
1528.0,1452.0,1486.0,1408.0,1455.0,1528.0,1530.0
1530.0,1453.0,1480.0,1517.0,1396.0,1530.0,1066.0
1066.0,1127.0,1223.0,1276.0,1253.0,1066.0,1187.0
1187.0,1212.0,1210.0,1160.0,1225.0,1187.0,1199.0
1199.0,1221.0,1213.0,1107.0,1058.0,1199.0,1131.0
1131.0,1174.0,1177.0,1183.0,1057.0,1131.0,1297.0
1297.0,1290.0,1256.0,1230.0,1166.0,1297.0,995.0
995.0,1081.0,1117.0,1106.0,1087.0,995.0,958.0
958.0,1054.0,1053.0,1034.0,1007.0,958.0,1231.0
1231.0,1245.0,1182.0,1065.0,1170.0,1231.0,1187.0
1187.0,1215.0,1199.0,1183.0,1158.0,1187.0,1254.0
1254.0,1261.0,1240.0,1262.0,1232.0,1254.0,1448.0
1448.0,1396.0,1358.0,1385.0,1380.0,1448.0,1410.0
1410.0,1370.0,1375.0,1428.0,1457.0,1410.0,1356.0
1356.0,1333.0,1351.0,1420.0,1454.0,1356.0,1488.0
1488.0,1425.0,1415.0,1442.0,1499.0,1488.0,1637.0
1637.0,1528.0,1516.0,1553.0,1599.0,1637.0,2340.0
2340.0,2026.0,1936.0,2018.0,2040.0,2340.0,1775.0
1775.0,1626.0,1755.0,2028.0,2048.0,1775.0,2127.0
2127.0,1876.0,1896.0,2136.0,2065.0,2127.0,2057.0
2057.0,1830.0,1902.0,1961.0,2184.0,2057.0,2148.0
2148.0,1900.0,1959.0,2101.0,2207.0,2148.0,1569.0
1569.0,1486.0,1651.0,1822.0,1890.0,1569.0,1525.0
1525.0,1456.0,1531.0,1594.0,1615.0,1525.0,1541.0
1541.0,1467.0,1503.0,1448.0,1457.0,1541.0,1543.0
1543.0,1469.0,1495.0,1461.0,1401.0,1543.0,1088.0
1088.0,1147.0,1242.0,1259.0,1271.0,1088.0,1199.0
1199.0,1226.0,1225.0,1191.0,1218.0,1199.0,1204.0
1204.0,1230.0,1222.0,1132.0,1064.0,1204.0,1143.0
1143.0,1188.0,1189.0,1130.0,1066.0,1143.0,1315.0
1315.0,1309.0,1273.0,1234.0,1182.0,1315.0,1021.0
1021.0,1104.0,1139.0,1149.0,1118.0,1021.0,965.0
965.0,1064.0,1066.0,1047.0,1027.0,965.0,1241.0
1241.0,1257.0,1194.0,1088.0,1182.0,1241.0,1216.0
1216.0,1240.0,1221.0,1158.0,1179.0,1216.0,1269.0
1269.0,1277.0,1258.0,1270.0,1252.0,1269.0,1471.0
1471.0,1418.0,1380.0,1422.0,1404.0,1471.0,1448.0
1448.0,1402.0,1405.0,1460.0,1492.0,1448.0,1379.0
1379.0,1355.0,1376.0,1461.0,1489.0,1379.0,1503.0
1503.0,1442.0,1434.0,1466.0,1525.0,1503.0,1668.0
1668.0,1557.0,1542.0,1567.0,1626.0,1668.0,2351.0
2351.0,2042.0,1955.0,2031.0,2058.0,2351.0,1796.0
1796.0,1648.0,1775.0,2055.0,1919.0,1796.0,2147.0
2147.0,1899.0,1917.0,2199.0,2192.0,2147.0,2079.0
2079.0,1854.0,1924.0,2072.0,2208.0,2079.0,2179.0
2179.0,1930.0,1987.0,2150.0,2234.0,2179.0,1584.0
1584.0,1503.0,1669.0,1838.0,1912.0,1584.0,1543.0
1543.0,1475.0,1549.0,1613.0,1628.0,1543.0,1557.0
1557.0,1485.0,1520.0,1459.0,1464.0,1557.0,1564.0
1564.0,1490.0,1515.0,1464.0,1407.0,1564.0,1102.0
1102.0,1163.0,1257.0,1308.0,1159.0,1102.0,1214.0
1214.0,1242.0,1240.0,1232.0,1233.0,1214.0,1225.0
1225.0,1250.0,1242.0,1151.0,1078.0,1225.0,1151.0
1151.0,1199.0,1202.0,1132.0,1079.0,1151.0,1331.0
1331.0,1326.0,1289.0,1253.0,1198.0,1331.0,1031.0
1031.0,1116.0,1151.0,1177.0,1135.0,1031.0,979.0
979.0,1079.0,1079.0,1061.0,1043.0,979.0,1248.0
1248.0,1268.0,1206.0,1094.0,1170.0,1248.0,1222.0
1222.0,1250.0,1231.0,1155.0,1186.0,1222.0,1304.0
1304.0,1308.0,1283.0,1299.0,1274.0,1304.0,1492.0
1492.0,1440.0,1403.0,1453.0,1430.0,1492.0,1478.0
1478.0,1430.0,1432.0,1514.0,1526.0,1478.0,1394.0
1394.0,1372.0,1395.0,1475.0,1518.0,1394.0,1506.0
1506.0,1450.0,1445.0,1479.0,1540.0,1506.0,1688.0
1688.0,1577.0,1560.0,1562.0,1640.0,1688.0,2610.0
2610.0,2236.0,2112.0,2171.0,2202.0,2610.0,1812.0
1812.0,1665.0,1833.0,2181.0,2195.0,1812.0,2164.0
2164.0,1916.0,1947.0,2295.0,2272.0,2164.0,2106.0
2106.0,1878.0,1951.0,2129.0,2253.0,2106.0,2198.0
2198.0,1949.0,2007.0,2098.0,2251.0,2198.0,1597.0
1597.0,1518.0,1685.0,1831.0,1912.0,1597.0,1559.0
1559.0,1491.0,1565.0,1620.0,1618.0,1559.0,1566.0
1566.0,1497.0,1533.0,1487.0,1447.0,1566.0,1577.0
1577.0,1505.0,1529.0,1478.0,1397.0,1577.0,1116.0
1116.0,1178.0,1272.0,1299.0,1167.0,1116.0,1219.0
1219.0,1251.0,1250.0,1234.0,1086.0,1219.0,1231.0
1231.0,1261.0,1251.0,1159.0,1088.0,1231.0,1167.0
1167.0,1215.0,1216.0,1144.0,1094.0,1167.0,1338.0
1338.0,1336.0,1300.0,1259.0,1212.0,1338.0,1071.0
1071.0,1149.0,1178.0,1201.0,1163.0,1071.0,991.0
991.0,1092.0,1097.0,1087.0,1066.0,991.0,1264.0
1264.0,1284.0,1223.0,1116.0,1145.0,1264.0,1242.0
1242.0,1270.0,1250.0,1174.0,1207.0,1242.0,1315.0
1315.0,1321.0,1298.0,1303.0,1290.0,1315.0,1515.0
1515.0,1462.0,1423.0,1465.0,1450.0,1515.0,1500.0
1500.0,1451.0,1453.0,1539.0,1547.0,1500.0,1423.0
1423.0,1398.0,1420.0,1513.0,1544.0,1423.0,1530.0
1530.0,1473.0,1469.0,1502.0,1566.0,1530.0,1705.0
1705.0,1595.0,1580.0,1587.0,1663.0,1705.0,2662.0
2662.0,2281.0,2152.0,2206.0,2247.0,2662.0,1823.0
1823.0,1678.0,1853.0,2207.0,2225.0,1823.0,2194.0
2194.0,1943.0,1972.0,2299.0,2301.0,2194.0,2122.0
2122.0,1895.0,1970.0,2167.0,2272.0,2122.0,2212.0
2212.0,1964.0,2024.0,2150.0,2263.0,2212.0,1610.0
1610.0,1533.0,1699.0,1838.0,1917.0,1610.0,1579.0
1579.0,1511.0,1583.0,1625.0,1624.0,1579.0,1593.0
1593.0,1521.0,1556.0,1507.0,1463.0,1593.0,1586.0
1586.0,1517.0,1543.0,1499.0,1413.0,1586.0,1133.0
1133.0,1195.0,1288.0,1325.0,1182.0,1133.0,1228.0
1228.0,1263.0,1263.0,1237.0,1099.0,1228.0,1245.0
1245.0,1276.0,1265.0,1175.0,1102.0,1245.0,1180.0
1180.0,1230.0,1230.0,1156.0,1108.0,1180.0,1342.0
1342.0,1345.0,1309.0,1263.0,1222.0,1342.0,1077.0
1077.0,1158.0,1187.0,1204.0,1169.0,1077.0,1001.0
1001.0,1104.0,1107.0,1093.0,1071.0,1001.0,1265.0
1265.0,1291.0,1229.0,1119.0,1147.0,1265.0,1257.0
1257.0,1286.0,1263.0,1185.0,1216.0,1257.0,1334.0
1334.0,1340.0,1315.0,1317.0,1306.0,1334.0,1538.0
1538.0,1484.0,1444.0,1484.0,1475.0,1538.0,1565.0
1565.0,1502.0,1498.0,1589.0,1598.0,1565.0,1436.0
1436.0,1412.0,1444.0,1555.0,1583.0,1436.0,1544.0
1544.0,1488.0,1486.0,1534.0,1593.0,1544.0,1723.0
1723.0,1614.0,1598.0,1605.0,1683.0,1723.0,2834.0
2834.0,2411.0,2259.0,2297.0,2352.0,2834.0,1855.0
1855.0,1706.0,1905.0,2289.0,2312.0,1855.0,2220.0
2220.0,1966.0,2005.0,2366.0,2361.0,2220.0,2143.0
2143.0,1914.0,1994.0,2212.0,2304.0,2143.0,2224.0
2224.0,1977.0,2040.0,2154.0,2272.0,2224.0,1631.0
1631.0,1553.0,1719.0,1850.0,1916.0,1631.0,1615.0
1615.0,1542.0,1612.0,1646.0,1634.0,1615.0,1605.0
1605.0,1535.0,1574.0,1524.0,1473.0,1605.0,1596.0
1596.0,1529.0,1557.0,1518.0,1423.0,1596.0,1138.0
1138.0,1205.0,1298.0,1328.0,1188.0,1138.0,1240.0
1240.0,1277.0,1275.0,1239.0,1108.0,1240.0,1250.0
1250.0,1285.0,1275.0,1180.0,1109.0,1250.0,1184.0
1184.0,1239.0,1238.0,1163.0,1113.0,1184.0,1347.0
1347.0,1354.0,1317.0,1264.0,1228.0,1347.0,1079.0
1079.0,1166.0,1194.0,1204.0,1170.0,1079.0,1007.0
1007.0,1115.0,1116.0,1098.0,1073.0,1007.0,1273.0
1273.0,1302.0,1239.0,1126.0,1154.0,1273.0,1260.0
1260.0,1294.0,1270.0,1192.0,1222.0,1260.0,1344.0
1344.0,1352.0,1325.0,1323.0,1315.0,1344.0,1555.0
1555.0,1501.0,1459.0,1493.0,1490.0,1555.0,1573.0
1573.0,1513.0,1509.0,1602.0,1613.0,1573.0,1447.0
1447.0,1426.0,1456.0,1571.0,1596.0,1447.0,1547.0
1547.0,1496.0,1494.0,1547.0,1600.0,1547.0,1733.0
1733.0,1626.0,1608.0,1616.0,1690.0,1733.0,2842.0
2842.0,2418.0,2266.0,2288.0,2364.0,2842.0,1864.0
1864.0,1717.0,1915.0,2295.0,2320.0,1864.0,2244.0
2244.0,1986.0,2023.0,2382.0,2377.0,2244.0,2146.0
2146.0,1920.0,2003.0,2238.0,2314.0,2146.0,2236.0
2236.0,1988.0,2050.0,2168.0,2282.0,2236.0,1639.0
1639.0,1563.0,1729.0,1864.0,1921.0,1639.0,1620.0
1620.0,1550.0,1620.0,1654.0,1636.0,1620.0,1610.0
1610.0,1543.0,1581.0,1520.0,1477.0,1610.0,1605.0
1605.0,1540.0,1567.0,1517.0,1431.0,1605.0,1149.0
1149.0,1219.0,1310.0,1335.0,1197.0,1149.0,1245.0
1245.0,1287.0,1285.0,1281.0,1116.0,1245.0,1257.0
1257.0,1296.0,1285.0,1192.0,1118.0,1257.0,1189.0
1189.0,1248.0,1247.0,1169.0,1121.0,1189.0,1350.0
1350.0,1362.0,1324.0,1264.0,1233.0,1350.0,1085.0
1085.0,1177.0,1202.0,1204.0,1175.0,1085.0,1012.0
1012.0,1125.0,1124.0,1183.0,1076.0,1012.0,1278.0
1278.0,1311.0,1247.0,1132.0,1158.0,1278.0,1268.0
1268.0,1305.0,1280.0,1201.0,1229.0,1268.0,1353.0
1353.0,1364.0,1336.0,1329.0,1325.0,1353.0,1564.0
1564.0,1512.0,1469.0,1499.0,1501.0,1564.0,1584.0
1584.0,1526.0,1521.0,1726.0,1625.0,1584.0,1451.0
1451.0,1434.0,1464.0,1582.0,1603.0,1451.0,1551.0
1551.0,1504.0,1501.0,1558.0,1604.0,1551.0,1741.0
1741.0,1636.0,1617.0,1620.0,1696.0,1741.0,2860.0
2860.0,2431.0,2277.0,2302.0,2381.0,2860.0,1873.0
1873.0,1727.0,1926.0,2306.0,2334.0,1873.0,2262.0
2262.0,2002.0,2037.0,2397.0,2393.0,2262.0,2154.0
2154.0,1929.0,2013.0,2261.0,2326.0,2154.0,2252.0
2252.0,2002.0,2063.0,2205.0,2295.0,2252.0,1659.0
1659.0,1582.0,1747.0,1914.0,1935.0,1659.0,1632.0
1632.0,1564.0,1635.0,1653.0,1649.0,1632.0,1620.0
1620.0,1555.0,1594.0,1526.0,1488.0,1620.0,1622.0
1622.0,1557.0,1582.0,1524.0,1445.0,1622.0,1165.0
1165.0,1237.0,1327.0,1433.0,1212.0,1165.0,1253.0
1253.0,1299.0,1297.0,1316.0,1128.0,1253.0,1260.0
1260.0,1305.0,1293.0,1201.0,1125.0,1260.0,1195.0
1195.0,1259.0,1255.0,1145.0,1125.0,1195.0,1359.0
1359.0,1374.0,1334.0,1267.0,1239.0,1359.0,1104.0
1104.0,1197.0,1219.0,1214.0,1187.0,1104.0,1025.0
1025.0,1141.0,1140.0,1272.0,1090.0,1025.0,1294.0
1294.0,1329.0,1264.0,1151.0,1176.0,1294.0,1287.0
1287.0,1325.0,1298.0,1221.0,1249.0,1287.0,1369.0
1369.0,1382.0,1353.0,1339.0,1345.0,1369.0,1591.0
1591.0,1537.0,1492.0,1517.0,1527.0,1591.0,1600.0
1600.0,1542.0,1539.0,1631.0,1648.0,1600.0,1463.0
1463.0,1448.0,1479.0,1600.0,1619.0,1463.0,1568.0
1568.0,1521.0,1518.0,1578.0,1619.0,1568.0,1761.0
1761.0,1655.0,1635.0,1860.0,1712.0,1761.0,2875.0
2875.0,2442.0,2290.0,2315.0,2401.0,2875.0,1892.0
1892.0,1745.0,1942.0,2366.0,2352.0,1892.0,2287.0
2287.0,2022.0,2057.0,2401.0,2414.0,2287.0,2175.0
2175.0,1947.0,2032.0,2293.0,2347.0,2175.0,2297.0
2297.0,2037.0,2095.0,2217.0,2330.0,2297.0,1682.0
1682.0,1603.0,1772.0,1672.0,1965.0,1682.0,1654.0
1654.0,1584.0,1657.0,1777.0,1675.0,1654.0,1641.0
1641.0,1575.0,1615.0,1543.0,1509.0,1641.0,1641.0
1641.0,1575.0,1601.0,1534.0,1464.0,1641.0,1177.0
1177.0,1251.0,1343.0,1338.0,1225.0,1177.0,1259.0
1259.0,1309.0,1308.0,1250.0,1134.0,1259.0,1281.0
1281.0,1325.0,1311.0,1216.0,1137.0,1281.0,1220.0
1220.0,1283.0,1278.0,1193.0,1145.0,1220.0,1373.0
1373.0,1389.0,1352.0,1286.0,1260.0,1373.0,1120.0
1120.0,1215.0,1237.0,1231.0,1205.0,1120.0,1030.0
1030.0,1152.0,1152.0,1242.0,1098.0,1030.0,1299.0
1299.0,1338.0,1273.0,1156.0,1181.0,1299.0,1293.0
1293.0,1335.0,1307.0,1223.0,1253.0,1293.0,1396.0
1396.0,1406.0,1373.0,1374.0,1360.0,1396.0,1609.0
1609.0,1554.0,1511.0,1533.0,1547.0,1609.0,1619.0
1619.0,1561.0,1558.0,1654.0,1670.0,1619.0,1491.0
1491.0,1473.0,1503.0,1630.0,1645.0,1491.0,1594.0
1594.0,1544.0,1542.0,1611.0,1647.0,1594.0,1785.0
1785.0,1676.0,1657.0,1677.0,1740.0,1785.0,2921.0
2921.0,2476.0,2323.0,2348.0,2447.0,2921.0,1914.0
1914.0,1765.0,1967.0,2396.0,2385.0,1914.0,2304.0
2304.0,2037.0,2075.0,2414.0,2437.0,2304.0,2191.0
2191.0,1961.0,2048.0,2318.0,2361.0,2191.0,2324.0
2324.0,2058.0,2116.0,2276.0,2347.0,2324.0,1705.0
1705.0,1624.0,1794.0,1929.0,1981.0,1705.0,1674.0
1674.0,1603.0,1677.0,1698.0,1692.0,1674.0,1674.0
1674.0,1603.0,1641.0,1630.0,1537.0,1674.0,1662.0
1662.0,1595.0,1623.0,1554.0,1493.0,1662.0,1191.0
1191.0,1268.0,1361.0,1361.0,1245.0,1191.0,1272.0
1272.0,1324.0,1324.0,1350.0,1149.0,1272.0,1289.0
1289.0,1337.0,1323.0,1225.0,1147.0,1289.0,1415.0
1415.0,1424.0,1391.0,1266.0,1261.0,1415.0,1383.0
1383.0,1402.0,1395.0,1365.0,1345.0,1383.0,1127.0
1127.0,1226.0,1257.0,1285.0,1248.0,1127.0,1041.0
1041.0,1166.0,1168.0,1039.0,1110.0,1041.0,1302.0
1302.0,1347.0,1282.0,1273.0,1177.0,1302.0,1317.0
1317.0,1358.0,1326.0,1215.0,1253.0,1317.0,1418.0
1418.0,1427.0,1394.0,1348.0,1368.0,1418.0,1636.0
1636.0,1579.0,1534.0,1559.0,1567.0,1636.0,1645.0
1645.0,1584.0,1582.0,1677.0,1696.0,1645.0,1513.0
1513.0,1494.0,1525.0,1664.0,1669.0,1513.0,1625.0
1625.0,1571.0,1568.0,1647.0,1676.0,1625.0,1808.0
1808.0,1697.0,1680.0,1705.0,1770.0,1808.0,2935.0
2935.0,2487.0,2337.0,2366.0,2478.0,2935.0,2165.0
2165.0,1945.0,2111.0,2434.0,2533.0,2165.0,2333.0
2333.0,2065.0,2139.0,2546.0,2551.0,2333.0,2207.0
2207.0,1980.0,2078.0,2404.0,2423.0,2207.0,2351.0
2351.0,2085.0,2143.0,2325.0,2378.0,2351.0,1725.0
1725.0,1644.0,1813.0,1827.0,1984.0,1725.0,1739.0
1739.0,1655.0,1721.0,1787.0,1717.0,1739.0,1687.0
1687.0,1619.0,1664.0,1587.0,1559.0,1687.0,1671.0
1671.0,1608.0,1638.0,1571.0,1510.0,1671.0,1207.0
1207.0,1284.0,1375.0,1368.0,1256.0,1207.0,1286.0
1286.0,1340.0,1339.0,1285.0,1163.0,1286.0,1315.0
1315.0,1361.0,1345.0,1246.0,1169.0,1315.0,1424.0
1424.0,1436.0,1406.0,1298.0,1280.0,1424.0,1392.0
1392.0,1415.0,1407.0,1376.0,1358.0,1392.0,1135.0
1135.0,1237.0,1267.0,1286.0,1250.0,1135.0,1060.0
1060.0,1185.0,1184.0,973.0,1115.0,1060.0,1314.0
1314.0,1361.0,1298.0,1183.0,1191.0,1314.0,1330.0
1330.0,1372.0,1341.0,1224.0,1268.0,1330.0,1494.0
1494.0,1486.0,1443.0,1398.0,1420.0,1494.0,1662.0
1662.0,1603.0,1568.0,1601.0,1618.0,1662.0,1664.0
1664.0,1604.0,1605.0,1720.0,1731.0,1664.0,1551.0
1551.0,1526.0,1555.0,1696.0,1700.0,1551.0,1655.0
1655.0,1598.0,1597.0,1681.0,1703.0,1655.0,1825.0
1825.0,1716.0,1702.0,1746.0,1791.0,1825.0,2978.0
2978.0,2528.0,2377.0,2412.0,2524.0,2978.0,2197.0
2197.0,1976.0,2142.0,2490.0,2562.0,2197.0,2379.0
2379.0,2106.0,2177.0,2578.0,2583.0,2379.0,2224.0
2224.0,2000.0,2101.0,2437.0,2442.0,2224.0,2366.0
2366.0,2104.0,2161.0,2162.0,2393.0,2366.0,1748.0
1748.0,1667.0,1831.0,1997.0,1994.0,1748.0,1776.0
1776.0,1687.0,1749.0,1652.0,1743.0,1776.0,1852.0
1852.0,1741.0,1766.0,1689.0,1679.0,1852.0,1693.0
1693.0,1630.0,1684.0,1642.0,1601.0,1693.0,1228.0
1228.0,1304.0,1401.0,1409.0,1309.0,1228.0,1289.0
1289.0,1347.0,1351.0,1298.0,1181.0,1289.0,1328.0
1328.0,1375.0,1358.0,1198.0,1174.0,1328.0,1435.0
1435.0,1450.0,1420.0,1181.0,1282.0,1435.0,1405.0
1405.0,1429.0,1422.0,1554.0,1358.0,1405.0,1142.0
1142.0,1247.0,1277.0,1285.0,1245.0,1142.0,1074.0
1074.0,1199.0,1196.0,1171.0,1117.0,1074.0,1333.0
1333.0,1379.0,1316.0,1208.0,1208.0,1333.0,1340.0
1340.0,1385.0,1355.0,1259.0,1286.0,1340.0,1556.0
1556.0,1535.0,1486.0,1440.0,1467.0,1556.0,1672.0
1672.0,1617.0,1590.0,1624.0,1653.0,1672.0,1689.0
1689.0,1628.0,1629.0,1743.0,1758.0,1689.0,1566.0
1566.0,1543.0,1573.0,1714.0,1713.0,1566.0,1682.0
1682.0,1624.0,1621.0,1710.0,1720.0,1682.0,1845.0
1845.0,1737.0,1724.0,1766.0,1811.0,1845.0,3000.0
3000.0,2555.0,2405.0,2450.0,2561.0,3000.0,2220.0
2220.0,2000.0,2165.0,2498.0,2578.0,2220.0,2402.0
2402.0,2132.0,2199.0,2592.0,2595.0,2402.0,2231.0
2231.0,2013.0,2114.0,2456.0,2442.0,2231.0,2380.0
2380.0,2122.0,2176.0,2388.0,2399.0,2380.0,1761.0
1761.0,1683.0,1843.0,1974.0,1996.0,1761.0,1800.0
1800.0,1711.0,1768.0,1735.0,1763.0,1800.0,1863.0
1863.0,1756.0,1781.0,1704.0,1706.0,1863.0,1711.0
1711.0,1649.0,1700.0,1647.0,1630.0,1711.0,1250.0
1250.0,1324.0,1418.0,1410.0,1331.0,1250.0,1297.0
1297.0,1358.0,1363.0,1307.0,1199.0,1297.0,1334.0
1334.0,1385.0,1368.0,1297.0,1188.0,1334.0,1453.0
1453.0,1468.0,1436.0,1310.0,1303.0,1453.0,1416.0
1416.0,1443.0,1435.0,1403.0,1373.0,1416.0,1149.0
1149.0,1257.0,1287.0,1274.0,1246.0,1149.0,1084.0
1084.0,1211.0,1207.0,1157.0,1116.0,1084.0,1336.0
1336.0,1387.0,1324.0,1221.0,1215.0,1336.0,1346.0
1346.0,1395.0,1365.0,1275.0,1293.0,1346.0,1683.0
1683.0,1630.0,1563.0,1517.0,1551.0,1683.0,1679.0
1679.0,1629.0,1620.0,1666.0,1710.0,1679.0,1692.0
1692.0,1636.0,1642.0,1713.0,1781.0,1692.0,1573.0
1573.0,1554.0,1584.0,1727.0,1710.0,1573.0,1699.0
1699.0,1642.0,1637.0,1724.0,1720.0,1699.0,1860.0
1860.0,1754.0,1741.0,1779.0,1819.0,1860.0,3008.0
3008.0,2570.0,2422.0,2470.0,2601.0,3008.0,2227.0
2227.0,2013.0,2174.0,2489.0,2574.0,2227.0,2409.0
2409.0,2145.0,2209.0,2591.0,2582.0,2409.0,2237.0
2237.0,2025.0,2122.0,2470.0,2424.0,2237.0,2389.0
2389.0,2136.0,2186.0,2415.0,2398.0,2389.0,1765.0
1765.0,1692.0,1848.0,1985.0,1986.0,1765.0,1805.0
1805.0,1721.0,1774.0,1747.0,1771.0,1805.0,1875.0
1875.0,1771.0,1793.0,1713.0,1735.0,1875.0,1717.0
1717.0,1659.0,1709.0,1643.0,1655.0,1717.0,1258.0
1258.0,1335.0,1426.0,1399.0,1340.0,1258.0,1307.0
1307.0,1370.0,1373.0,1311.0,1214.0,1307.0,1336.0
1336.0,1392.0,1375.0,1269.0,1206.0,1336.0,1461.0
1461.0,1480.0,1446.0,1318.0,1326.0,1461.0,1421.0
1421.0,1452.0,1444.0,1385.0,1385.0,1421.0,1151.0
1151.0,1263.0,1293.0,1283.0,1236.0,1151.0,1094.0
1094.0,1223.0,1217.0,1185.0,1110.0,1094.0,1345.0
1345.0,1399.0,1336.0,1241.0,1229.0,1345.0,1348.0
1348.0,1402.0,1373.0,1265.0,1303.0,1348.0,1702.0
1702.0,1649.0,1580.0,1494.0,1575.0,1702.0,1684.0
1684.0,1638.0,1632.0,1668.0,1720.0,1684.0,1702.0
1702.0,1650.0,1654.0,1713.0,1781.0,1702.0,1580.0
1580.0,1565.0,1593.0,1736.0,1699.0,1580.0,1704.0
1704.0,1652.0,1646.0,1740.0,1717.0,1704.0,1867.0
1867.0,1766.0,1751.0,1796.0,1829.0,1867.0,3015.0
3015.0,2582.0,2436.0,2576.0,2660.0,3015.0,2245.0
2245.0,2033.0,2189.0,2546.0,2574.0,2245.0,2424.0
2424.0,2162.0,2224.0,2596.0,2570.0,2424.0,2239.0
2239.0,2033.0,2129.0,2481.0,2400.0,2239.0,2396.0
2396.0,2147.0,2194.0,2442.0,2395.0,2396.0,1766.0
1766.0,1699.0,1851.0,2011.0,1963.0,1766.0,1813.0
1813.0,1733.0,1782.0,1795.0,1776.0,1813.0,1879.0
1879.0,1780.0,1800.0,1716.0,1765.0,1879.0,1736.0
1736.0,1679.0,1724.0,1643.0,1691.0,1736.0,1267.0
1267.0,1347.0,1437.0,1448.0,1349.0,1267.0,1317.0
1317.0,1383.0,1385.0,1298.0,1233.0,1317.0,1679.0
1679.0,1639.0,1576.0,1478.0,1477.0,1679.0,1488.0
1488.0,1505.0,1521.0,1461.0,1480.0,1488.0,1425.0
1425.0,1461.0,1471.0,1475.0,1438.0,1425.0,1169.0
1169.0,1282.0,1313.0,1267.0,1235.0,1169.0,1102.0
1102.0,1235.0,1230.0,1128.0,1146.0,1102.0,1354.0
1354.0,1411.0,1350.0,1299.0,1313.0,1354.0,1356.0
1356.0,1414.0,1385.0,1314.0,1348.0,1356.0,1746.0
1746.0,1686.0,1613.0,1549.0,1621.0,1746.0,1696.0
1696.0,1653.0,1651.0,1680.0,1737.0,1696.0,1736.0
1736.0,1680.0,1682.0,1677.0,1755.0,1736.0,1620.0
1620.0,1599.0,1627.0,1697.0,1664.0,1620.0,1736.0
1736.0,1680.0,1676.0,1692.0,1747.0,1736.0,1888.0
1888.0,1787.0,1775.0,1830.0,1888.0,1888.0,3080.0
3080.0,2634.0,2485.0,2630.0,2790.0,3080.0,2263.0
2263.0,2051.0,2213.0,2578.0,2391.0,2263.0,2444.0
2444.0,2182.0,2244.0,2375.0,2460.0,2444.0,2255.0
2255.0,2049.0,2145.0,2493.0,2310.0,2255.0,2401.0
2401.0,2156.0,2203.0,2345.0,2395.0,2401.0,1977.0
1977.0,1854.0,1976.0,2237.0,2063.0,1977.0,1839.0
1839.0,1757.0,1834.0,1892.0,1897.0,1839.0,1906.0
1906.0,1805.0,1833.0,1883.0,1931.0,1906.0,1750.0
1750.0,1695.0,1744.0,1809.0,1802.0,1750.0,1273.0
1273.0,1358.0,1447.0,1454.0,1341.0,1273.0,1328.0
1328.0,1397.0,1397.0,1307.0,1246.0,1328.0,1687.0
1687.0,1651.0,1588.0,1551.0,1663.0,1687.0,1496.0
1496.0,1517.0,1532.0,1568.0,1545.0,1496.0,1448.0
1448.0,1483.0,1490.0,1466.0,1487.0,1448.0,1182.0
1182.0,1297.0,1328.0,1283.0,1251.0,1182.0,1113.0
1113.0,1248.0,1244.0,1139.0,1132.0,1113.0,1358.0
1358.0,1420.0,1360.0,1265.0,1321.0,1358.0,1364.0
1364.0,1425.0,1396.0,1281.0,1357.0,1364.0,1757.0
1757.0,1700.0,1627.0,1607.0,1721.0,1757.0,1718.0
1718.0,1675.0,1670.0,1733.0,1742.0,1718.0,1743.0
1743.0,1691.0,1695.0,1734.0,1767.0,1743.0,1640.0
1640.0,1619.0,1644.0,1679.0,1681.0,1640.0,1779.0
1779.0,1717.0,1709.0,1727.0,1788.0,1779.0,1905.0
1905.0,1805.0,1797.0,1858.0,1912.0,1905.0,3099.0
3099.0,2654.0,2508.0,2653.0,2906.0,3099.0,2464.0
2464.0,2202.0,2336.0,2704.0,2560.0,2464.0,2477.0
2477.0,2214.0,2299.0,2374.0,2486.0,2477.0,2287.0
2287.0,2080.0,2179.0,2358.0,2319.0,2287.0,2407.0
2407.0,2168.0,2219.0,2362.0,2407.0,2407.0,2004.0
2004.0,1881.0,1996.0,2155.0,2088.0,2004.0,1881.0
1881.0,1794.0,1865.0,1927.0,1933.0,1881.0,1918.0
1918.0,1821.0,1851.0,2015.0,1948.0,1918.0,1758.0
1758.0,1708.0,1755.0,1769.0,1810.0,1758.0,1380.0
1380.0,1439.0,1512.0,1520.0,1466.0,1380.0,1342.0
