50.0,50.0,50.0,50.0,50.0,39.0
39.0,44.0,44.0,44.0,44.0,62.0
62.0,50.0,50.0,50.0,50.0,47.0
47.0,51.0,48.0,50.0,49.0,32.0
32.0,52.0,59.0,46.0,46.0,53.0
53.0,44.0,48.0,47.0,47.0,56.0
56.0,46.0,42.0,48.0,48.0,67.0
67.0,50.0,41.0,51.0,51.0,52.0
52.0,51.0,47.0,51.0,51.0,45.0
45.0,50.0,49.0,50.0,50.0,73.0
73.0,49.0,47.0,52.0,52.0,107.0
107.0,83.0,88.0,107.0,82.0,94.0
94.0,81.0,66.0,94.0,88.0,119.0
119.0,107.0,107.0,119.0,106.0,70.0
70.0,67.0,69.0,70.0,87.0,72.0
72.0,69.0,69.0,72.0,80.0,796.0
796.0,238.0,767.0,108.0,206.0,413.0
413.0,244.0,6.0,419.0,265.0,68.0
68.0,103.0,160.0,102.0,288.0,54.0
54.0,95.0,89.0,96.0,368.0,49.0
49.0,91.0,105.0,93.0,343.0,59.0
59.0,93.0,95.0,96.0,313.0,52.0
52.0,89.0,93.0,89.0,268.0,34.0
34.0,80.0,82.0,80.0,0.0,65.0
65.0,90.0,100.0,97.0,0.0,50.0
50.0,83.0,81.0,80.0,0.0,69.0
69.0,89.0,99.0,96.0,0.0,61.0
61.0,85.0,83.0,83.0,30.0,42.0
42.0,77.0,81.0,78.0,16.0,61.0
61.0,83.0,89.0,88.0,29.0,59.0
59.0,82.0,82.0,81.0,34.0,79.0
79.0,89.0,95.0,94.0,47.0,69.0
69.0,85.0,82.0,82.0,53.0,64.0
64.0,82.0,86.0,85.0,55.0,78.0
78.0,87.0,90.0,90.0,63.0,114.0
114.0,101.0,105.0,105.0,84.0,98.0
98.0,95.0,89.0,90.0,92.0,126.0
126.0,106.0,112.0,112.0,110.0,78.0
78.0,88.0,77.0,78.0,103.0,83.0
83.0,90.0,98.0,96.0,99.0,813.0
813.0,356.0,439.0,478.0,384.0,415.0
415.0,232.0,48.0,102.0,443.0,77.0
77.0,103.0,139.0,107.0,349.0,101.0
101.0,111.0,100.0,114.0,281.0,59.0
59.0,96.0,102.0,89.0,206.0,64.0
64.0,97.0,101.0,102.0,147.0,59.0
59.0,94.0,97.0,92.0,98.0,39.0
39.0,86.0,88.0,86.0,53.0,69.0
69.0,96.0,106.0,103.0,35.0,65.0
65.0,94.0,92.0,92.0,27.0,71.0
71.0,95.0,102.0,99.0,30.0,67.0
67.0,93.0,94.0,93.0,32.0,58.0
58.0,90.0,94.0,91.0,31.0,83.0
83.0,98.0,104.0,103.0,45.0,95.0
95.0,102.0,103.0,103.0,60.0,87.0
87.0,99.0,100.0,99.0,68.0,73.0
73.0,94.0,95.0,93.0,68.0,79.0
79.0,96.0,100.0,98.0,71.0,82.0
82.0,97.0,98.0,97.0,75.0,121.0
121.0,111.0,117.0,117.0,95.0,102.0
102.0,104.0,97.0,98.0,101.0,139.0
139.0,118.0,127.0,126.0,121.0,98.0
98.0,103.0,90.0,92.0,117.0,97.0
97.0,102.0,111.0,108.0,113.0,815.0
815.0,362.0,436.0,474.0,408.0,422.0
422.0,234.0,52.0,104.0,460.0,98.0
98.0,113.0,150.0,118.0,362.0,108.0
108.0,116.0,100.0,116.0,284.0,72.0
72.0,103.0,112.0,99.0,208.0,68.0
68.0,101.0,101.0,104.0,145.0,64.0
64.0,99.0,105.0,99.0,96.0,55.0
55.0,95.0,97.0,96.0,57.0,98.0
98.0,110.0,121.0,118.0,53.0,76.0
76.0,102.0,96.0,96.0,44.0,91.0
91.0,107.0,117.0,114.0,48.0,98.0
98.0,109.0,107.0,108.0,57.0,80.0
80.0,103.0,105.0,102.0,57.0,89.0
89.0,106.0,110.0,109.0,62.0,111.0
111.0,114.0,117.0,116.0,77.0,95.0
95.0,108.0,105.0,105.0,81.0,270.0
270.0,171.0,193.0,197.0,162.0,122.0
122.0,119.0,73.0,82.0,155.0,145.0
145.0,127.0,155.0,147.0,159.0,137.0
137.0,124.0,104.0,113.0,157.0,118.0
118.0,118.0,126.0,120.0,146.0,151.0
151.0,129.0,128.0,133.0,151.0,130.0
130.0,122.0,118.0,117.0,146.0,135.0
135.0,124.0,126.0,127.0,143.0,826.0
826.0,376.0,438.0,461.0,437.0,430.0
430.0,241.0,83.0,118.0,480.0,123.0
123.0,127.0,150.0,132.0,375.0,114.0
114.0,124.0,112.0,121.0,288.0,105.0
105.0,120.0,128.0,121.0,215.0,97.0
97.0,117.0,115.0,117.0,156.0,101.0
101.0,118.0,124.0,121.0,117.0,71.0
71.0,107.0,105.0,104.0,77.0,109.0
109.0,121.0,132.0,130.0,69.0,95.0
95.0,115.0,110.0,111.0,61.0,102.0
102.0,118.0,125.0,123.0,62.0,103.0
103.0,118.0,117.0,117.0,66.0,101.0
101.0,117.0,120.0,119.0,69.0,103.0
103.0,118.0,119.0,119.0,75.0,135.0
135.0,129.0,134.0,134.0,94.0,174.0
174.0,144.0,144.0,146.0,126.0,291.0
291.0,187.0,193.0,197.0,202.0,143.0
143.0,134.0,100.0,104.0,189.0,148.0
148.0,136.0,153.0,149.0,181.0,191.0
191.0,151.0,144.0,149.0,192.0,145.0
145.0,135.0,129.0,128.0,179.0,172.0
172.0,145.0,149.0,151.0,180.0,189.0
189.0,151.0,146.0,148.0,188.0,372.0
372.0,220.0,232.0,238.0,273.0,847.0
847.0,439.0,444.0,449.0,543.0,452.0
452.0,274.0,140.0,143.0,558.0,163.0
163.0,150.0,153.0,152.0,435.0,138.0
138.0,140.0,134.0,135.0,327.0,122.0
122.0,133.0,135.0,135.0,239.0,112.0
112.0,129.0,129.0,129.0,169.0,125.0
125.0,134.0,139.0,139.0,127.0,99.0
99.0,123.0,120.0,120.0,90.0,125.0
125.0,134.0,143.0,143.0,81.0,113.0
113.0,129.0,125.0,125.0,73.0,115.0
115.0,130.0,135.0,135.0,72.0,120.0
120.0,132.0,132.0,132.0,77.0,149.0
149.0,144.0,149.0,149.0,96.0,123.0
123.0,133.0,127.0,127.0,99.0,147.0
147.0,143.0,151.0,150.0,114.0,191.0
191.0,161.0,161.0,161.0,145.0,316.0
316.0,215.0,222.0,222.0,225.0,163.0
163.0,151.0,112.0,112.0,209.0,169.0
169.0,153.0,171.0,171.0,200.0,215.0
215.0,173.0,165.0,165.0,213.0,187.0
187.0,161.0,154.0,154.0,209.0,194.0
194.0,164.0,164.0,164.0,208.0,229.0
229.0,179.0,178.0,178.0,222.0,413.0
413.0,259.0,269.0,289.0,314.0,863.0
863.0,487.0,495.0,513.0,582.0,463.0
463.0,298.0,161.0,193.0,584.0,195.0
195.0,173.0,172.0,218.0,457.0,178.0
178.0,165.0,159.0,179.0,353.0,157.0
157.0,155.0,153.0,158.0,266.0,133.0
133.0,144.0,142.0,176.0,193.0,152.0
152.0,153.0,158.0,192.0,153.0,126.0
126.0,141.0,136.0,166.0,116.0,146.0
146.0,150.0,158.0,188.0,105.0,133.0
133.0,144.0,140.0,167.0,95.0,147.0
147.0,150.0,156.0,184.0,99.0,139.0
139.0,147.0,144.0,168.0,101.0,164.0
164.0,158.0,164.0,189.0,116.0,141.0
141.0,147.0,141.0,164.0,118.0,172.0
172.0,162.0,170.0,193.0,135.0,200.0
200.0,175.0,172.0,193.0,160.0,448.0
448.0,291.0,314.0,334.0,296.0,187.0
187.0,170.0,99.0,121.0,265.0,205.0
205.0,178.0,208.0,240.0,250.0,236.0
236.0,193.0,177.0,197.0,252.0,215.0
215.0,183.0,180.0,209.0,242.0,214.0
214.0,183.0,178.0,203.0,234.0,241.0
241.0,196.0,195.0,221.0,240.0,431.0
431.0,285.0,296.0,319.0,333.0,880.0
880.0,523.0,533.0,539.0,604.0,486.0
486.0,324.0,194.0,221.0,604.0,219.0
219.0,192.0,185.0,246.0,472.0,202.0
202.0,184.0,180.0,221.0,366.0,171.0
171.0,169.0,163.0,214.0,276.0,154.0
154.0,160.0,160.0,205.0,205.0,178.0
178.0,172.0,176.0,220.0,170.0,148.0
148.0,157.0,151.0,192.0,136.0,168.0
168.0,167.0,174.0,215.0,127.0,192.0
192.0,179.0,178.0,214.0,136.0,182.0
182.0,174.0,171.0,208.0,140.0,160.0
160.0,163.0,161.0,197.0,135.0,173.0
173.0,170.0,173.0,208.0,140.0,226.0
226.0,196.0,199.0,231.0,171.0,199.0
199.0,183.0,172.0,203.0,180.0,338.0
338.0,251.0,268.0,296.0,252.0,465.0
465.0,316.0,304.0,323.0,362.0,207.0
207.0,188.0,132.0,169.0,312.0,244.0
244.0,206.0,231.0,272.0,293.0,245.0
245.0,207.0,188.0,218.0,278.0,233.0
233.0,201.0,200.0,241.0,262.0,248.0
248.0,209.0,205.0,237.0,257.0,259.0
259.0,215.0,210.0,246.0,258.0,443.0
443.0,307.0,320.0,348.0,347.0,886.0
886.0,551.0,565.0,564.0,617.0,501.0
501.0,347.0,215.0,245.0,613.0,339.0
339.0,263.0,262.0,332.0,527.0,236.0
236.0,209.0,182.0,228.0,413.0,208.0
208.0,195.0,197.0,265.0,320.0,193.0
193.0,187.0,182.0,233.0,248.0,189.0
189.0,185.0,185.0,244.0,200.0,166.0
166.0,173.0,169.0,222.0,159.0,247.0
247.0,215.0,227.0,277.0,176.0,201.0
201.0,191.0,175.0,220.0,168.0,190.0
190.0,185.0,189.0,242.0,161.0,168.0
168.0,174.0,170.0,215.0,148.0,178.0
178.0,179.0,184.0,232.0,146.0,237.0
237.0,210.0,215.0,254.0,176.0,212.0
212.0,197.0,187.0,227.0,186.0,343.0
343.0,266.0,281.0,315.0,256.0,476.0
476.0,337.0,329.0,348.0,368.0,210.0
210.0,197.0,141.0,185.0,314.0,254.0
254.0,220.0,244.0,296.0,296.0,247.0
247.0,217.0,200.0,232.0,279.0,239.0
239.0,213.0,213.0,261.0,262.0,262.0
262.0,225.0,222.0,258.0,262.0,283.0
283.0,236.0,232.0,272.0,272.0,450.0
450.0,325.0,335.0,361.0,359.0,897.0
897.0,579.0,597.0,584.0,632.0,516.0
516.0,368.0,245.0,264.0,627.0,345.0
345.0,275.0,269.0,345.0,536.0,254.0
254.0,226.0,204.0,251.0,424.0,218.0
218.0,206.0,205.0,278.0,329.0,210.0
210.0,202.0,200.0,256.0,260.0,205.0
205.0,199.0,198.0,262.0,214.0,173.0
173.0,182.0,178.0,236.0,170.0,249.0
249.0,223.0,235.0,290.0,183.0,209.0
209.0,202.0,188.0,237.0,176.0,201.0
201.0,197.0,200.0,258.0,170.0,190.0
190.0,191.0,189.0,237.0,198.0,195.0
195.0,194.0,196.0,248.0,164.0,239.0
239.0,218.0,222.0,265.0,187.0,222.0
222.0,209.0,201.0,245.0,197.0,350.0
350.0,279.0,292.0,328.0,293.0,482.0
482.0,352.0,347.0,362.0,404.0,229.0
229.0,214.0,162.0,205.0,304.0,265.0
265.0,233.0,252.0,308.0,283.0,249.0
249.0,225.0,210.0,243.0,264.0,253.0
253.0,227.0,228.0,280.0,258.0,265.0
265.0,234.0,229.0,266.0,262.0,300.0
300.0,253.0,252.0,293.0,283.0,458.0
458.0,340.0,348.0,370.0,380.0,912.0
912.0,605.0,627.0,601.0,717.0,524.0
524.0,383.0,268.0,273.0,592.0,345.0
345.0,282.0,273.0,353.0,457.0,272.0
272.0,242.0,225.0,270.0,351.0,238.0
238.0,223.0,219.0,293.0,282.0,222.0
222.0,214.0,211.0,268.0,246.0,233.0
233.0,220.0,221.0,285.0,238.0,193.0
193.0,198.0,191.0,250.0,211.0,272.0
272.0,242.0,253.0,310.0,247.0,226.0
226.0,216.0,202.0,251.0,235.0,220.0
220.0,213.0,215.0,277.0,226.0,213.0
213.0,209.0,206.0,256.0,218.0,212.0
212.0,208.0,209.0,264.0,215.0,245.0
245.0,227.0,230.0,276.0,233.0,243.0
243.0,226.0,222.0,267.0,239.0,361.0
361.0,292.0,303.0,338.0,312.0,491.0
491.0,367.0,363.0,377.0,422.0,256.0
256.0,234.0,187.0,228.0,322.0,285.0
285.0,251.0,265.0,323.0,300.0,268.0
268.0,241.0,228.0,262.0,281.0,271.0
271.0,243.0,242.0,296.0,275.0,364.0
364.0,295.0,300.0,330.0,328.0,330.0
330.0,277.0,259.0,295.0,329.0,601.0
601.0,432.0,453.0,470.0,491.0,958.0
958.0,655.0,650.0,647.0,809.0,547.0
547.0,408.0,300.0,330.0,637.0,386.0
386.0,314.0,303.0,368.0,488.0,351.0
351.0,294.0,280.0,331.0,402.0,247.0
247.0,234.0,216.0,281.0,302.0,238.0
238.0,228.0,231.0,294.0,260.0,257.0
257.0,240.0,239.0,298.0,258.0,218.0
218.0,217.0,210.0,269.0,232.0,302.0
302.0,266.0,277.0,332.0,277.0,258.0
258.0,240.0,225.0,276.0,265.0,240.0
240.0,230.0,230.0,287.0,249.0,223.0
223.0,220.0,217.0,269.0,232.0,232.0
232.0,225.0,227.0,280.0,232.0,254.0
254.0,238.0,239.0,288.0,246.0,262.0
262.0,243.0,241.0,288.0,256.0,370.0
370.0,306.0,315.0,356.0,329.0,515.0
515.0,392.0,393.0,422.0,451.0,278.0
278.0,253.0,204.0,247.0,340.0,302.0
302.0,267.0,280.0,336.0,316.0,287.0
287.0,259.0,247.0,288.0,297.0,304.0
304.0,269.0,269.0,318.0,302.0,383.0
383.0,315.0,317.0,355.0,354.0,361.0
361.0,303.0,287.0,327.0,358.0,646.0
646.0,473.0,495.0,519.0,543.0,980.0
980.0,690.0,682.0,661.0,855.0,554.0
554.0,424.0,316.0,344.0,651.0,395.0
395.0,328.0,317.0,388.0,486.0,367.0
367.0,312.0,299.0,353.0,406.0,268.0
268.0,252.0,234.0,304.0,312.0,272.0
272.0,254.0,257.0,327.0,285.0,277.0
277.0,257.0,254.0,317.0,279.0,283.0
283.0,261.0,259.0,323.0,282.0,333.0
333.0,291.0,293.0,351.0,317.0,275.0
275.0,256.0,242.0,300.0,288.0,253.0
253.0,243.0,242.0,307.0,264.0,246.0
246.0,239.0,237.0,297.0,252.0,250.0
250.0,241.0,241.0,301.0,251.0,263.0
263.0,249.0,249.0,306.0,259.0,280.0
280.0,260.0,259.0,312.0,273.0,383.0
383.0,322.0,330.0,374.0,348.0,527.0
527.0,411.0,412.0,440.0,472.0,308.0
308.0,277.0,230.0,271.0,360.0,317.0
317.0,283.0,292.0,355.0,331.0,357.0
357.0,307.0,302.0,344.0,349.0,323.0
323.0,287.0,275.0,325.0,331.0,406.0
406.0,338.0,343.0,388.0,382.0,380.0
380.0,322.0,305.0,344.0,381.0,669.0
669.0,501.0,525.0,550.0,575.0,1000.0
1000.0,722.0,715.0,700.0,888.0,571.0
571.0,446.0,337.0,351.0,667.0,414.0
414.0,348.0,336.0,413.0,495.0,384.0
384.0,329.0,316.0,370.0,417.0,358.0
358.0,313.0,303.0,370.0,376.0,296.0
296.0,274.0,262.0,328.0,320.0,290.0
290.0,271.0,270.0,340.0,299.0,301.0
301.0,278.0,276.0,340.0,300.0,346.0
346.0,306.0,307.0,368.0,332.0,283.0
283.0,267.0,252.0,313.0,298.0,274.0
274.0,261.0,262.0,329.0,281.0,283.0
283.0,267.0,265.0,326.0,282.0,270.0
270.0,259.0,255.0,316.0,274.0,270.0
270.0,259.0,258.0,318.0,271.0,319.0
319.0,289.0,293.0,348.0,305.0,400.0
400.0,340.0,343.0,388.0,372.0,541.0
541.0,430.0,433.0,466.0,492.0,432.0
432.0,362.0,327.0,364.0,449.0,380.0
380.0,329.0,320.0,375.0,400.0,395.0
395.0,339.0,333.0,381.0,397.0,340.0
340.0,304.0,289.0,342.0,357.0,435.0
435.0,365.0,373.0,422.0,412.0,412.0
412.0,350.0,332.0,373.0,412.0,735.0
735.0,558.0,585.0,611.0,640.0,1048.0
1048.0,776.0,766.0,739.0,952.0,598.0
598.0,475.0,364.0,389.0,697.0,494.0
494.0,408.0,401.0,476.0,553.0,403.0
403.0,349.0,325.0,379.0,443.0,394.0
394.0,344.0,339.0,415.0,407.0,316.0
316.0,293.0,277.0,345.0,340.0,310.0
310.0,289.0,289.0,368.0,318.0,307.0
307.0,287.0,284.0,354.0,310.0,358.0
358.0,321.0,324.0,392.0,345.0,298.0
298.0,282.0,268.0,333.0,311.0,298.0
298.0,282.0,283.0,356.0,301.0,296.0
296.0,281.0,277.0,342.0,297.0,287.0
287.0,275.0,272.0,340.0,290.0,286.0
286.0,274.0,273.0,338.0,287.0,338.0
338.0,308.0,312.0,372.0,324.0,426.0
426.0,365.0,369.0,416.0,399.0,551.0
551.0,448.0,449.0,484.0,511.0,456.0
456.0,386.0,356.0,394.0,471.0,388.0
388.0,342.0,330.0,387.0,410.0,406.0
406.0,354.0,351.0,402.0,407.0,395.0
395.0,347.0,337.0,389.0,398.0,493.0
493.0,411.0,416.0,462.0,468.0,459.0
459.0,390.0,370.0,410.0,461.0,771.0
771.0,598.0,622.0,647.0,689.0,1079.0
1079.0,818.0,812.0,778.0,995.0,610.0
610.0,495.0,389.0,407.0,710.0,521.0
521.0,436.0,429.0,508.0,570.0,475.0
475.0,405.0,387.0,436.0,499.0,400.0
400.0,355.0,339.0,415.0,425.0,335.0
335.0,311.0,301.0,377.0,357.0,327.0
327.0,306.0,304.0,385.0,334.0,316.0
316.0,299.0,295.0,371.0,321.0,368.0
368.0,334.0,338.0,411.0,356.0,305.0
305.0,292.0,278.0,348.0,318.0,314.0
314.0,298.0,300.0,378.0,315.0,303.0
303.0,290.0,286.0,355.0,306.0,304.0
304.0,291.0,290.0,363.0,304.0,300.0
300.0,288.0,286.0,354.0,301.0,365.0
365.0,332.0,338.0,400.0,349.0,428.0
428.0,375.0,374.0,424.0,409.0,560.0
560.0,464.0,469.0,507.0,523.0,474.0
474.0,406.0,380.0,415.0,486.0,398.0
398.0,355.0,342.0,402.0,420.0,419.0
419.0,370.0,368.0,422.0,419.0,411.0
411.0,365.0,356.0,408.0,413.0,498.0
498.0,424.0,427.0,475.0,477.0,475.0
475.0,408.0,393.0,432.0,476.0,794.0
794.0,628.0,652.0,674.0,717.0,1097.0
1097.0,849.0,845.0,804.0,1021.0,625.0
625.0,515.0,414.0,425.0,721.0,531.0
531.0,451.0,443.0,523.0,576.0,486.0
486.0,420.0,404.0,452.0,507.0,402.0
402.0,363.0,347.0,423.0,426.0,345.0
345.0,323.0,315.0,393.0,363.0,347.0
347.0,325.0,323.0,404.0,351.0,327.0
327.0,311.0,306.0,383.0,332.0,373.0
373.0,343.0,346.0,422.0,364.0,321.0
321.0,307.0,296.0,366.0,331.0,352.0
352.0,328.0,332.0,409.0,347.0,311.0
311.0,300.0,291.0,360.0,319.0,311.0
311.0,300.0,301.0,377.0,313.0,314.0
314.0,302.0,301.0,369.0,314.0,385.0
385.0,351.0,357.0,421.0,369.0,439.0
439.0,389.0,387.0,437.0,423.0,562.0
562.0,474.0,479.0,518.0,531.0,482.0
482.0,419.0,395.0,430.0,493.0,403.0
403.0,365.0,351.0,412.0,423.0,432.0
432.0,385.0,384.0,439.0,430.0,430.0
430.0,384.0,376.0,426.0,430.0,517.0
517.0,444.0,447.0,494.0,497.0,484.0
484.0,422.0,406.0,444.0,487.0,806.0
806.0,648.0,672.0,694.0,734.0,1102.0
1102.0,867.0,865.0,818.0,1033.0,631.0
631.0,528.0,433.0,436.0,723.0,535.0
535.0,461.0,453.0,532.0,577.0,507.0
507.0,441.0,428.0,474.0,522.0,411.0
411.0,374.0,356.0,430.0,435.0,364.0
364.0,341.0,334.0,413.0,379.0,376.0
376.0,349.0,349.0,426.0,377.0,334.0
334.0,320.0,312.0,388.0,343.0,380.0
380.0,352.0,357.0,434.0,372.0,328.0
328.0,316.0,305.0,375.0,337.0,357.0
357.0,336.0,340.0,418.0,353.0,330.0
330.0,317.0,311.0,378.0,335.0,324.0
324.0,313.0,312.0,388.0,326.0,333.0
333.0,319.0,319.0,388.0,332.0,413.0
413.0,376.0,382.0,443.0,395.0,447.0
447.0,400.0,396.0,444.0,436.0,581.0
581.0,495.0,502.0,540.0,550.0,499.0
499.0,437.0,414.0,444.0,510.0,409.0
409.0,374.0,360.0,420.0,430.0,445.0
445.0,399.0,400.0,455.0,442.0,503.0
503.0,441.0,439.0,483.0,490.0,545.0
545.0,471.0,465.0,503.0,533.0,499.0
499.0,438.0,423.0,463.0,506.0,826.0
826.0,673.0,697.0,717.0,754.0,1134.0
1134.0,904.0,904.0,850.0,1066.0,665.0
665.0,560.0,466.0,461.0,752.0,546.0
546.0,475.0,464.0,543.0,589.0,530.0
530.0,464.0,453.0,498.0,542.0,425.0
425.0,389.0,369.0,441.0,449.0,398.0
398.0,369.0,365.0,444.0,408.0,412.0
412.0,380.0,377.0,451.0,411.0,359.0
359.0,342.0,331.0,407.0,370.0,407.0
407.0,376.0,380.0,458.0,399.0,340.0
340.0,328.0,316.0,381.0,352.0,385.0
385.0,360.0,366.0,444.0,378.0,345.0
345.0,332.0,323.0,383.0,352.0,342.0
342.0,330.0,329.0,408.0,344.0,367.0
367.0,348.0,348.0,409.0,362.0,435.0
435.0,396.0,400.0,459.0,420.0,467.0
467.0,420.0,416.0,462.0,457.0,596.0
596.0,512.0,519.0,558.0,568.0,519.0
519.0,457.0,435.0,462.0,529.0,453.0
453.0,410.0,398.0,475.0,454.0,456.0
456.0,412.0,409.0,458.0,459.0,531.0
531.0,467.0,468.0,515.0,516.0,575.0
575.0,499.0,493.0,526.0,563.0,549.0
549.0,480.0,467.0,509.0,552.0,845.0
845.0,697.0,717.0,732.0,786.0,1143.0
1143.0,924.0,926.0,860.0,1081.0,675.0
675.0,575.0,486.0,475.0,760.0,581.0
581.0,507.0,498.0,587.0,617.0,547.0
547.0,482.0,469.0,459.0,561.0,432.0
432.0,398.0,380.0,490.0,457.0,427.0
427.0,395.0,393.0,464.0,433.0,427.0
427.0,395.0,391.0,461.0,428.0,386.0
386.0,365.0,357.0,468.0,394.0,426.0
426.0,394.0,397.0,470.0,420.0,345.0
345.0,335.0,322.0,436.0,360.0,396.0
396.0,372.0,379.0,415.0,389.0,372.0
372.0,355.0,348.0,428.0,369.0,349.0
349.0,338.0,335.0,415.0,354.0,391.0
391.0,369.0,372.0,436.0,384.0,464.0
464.0,422.0,426.0,482.0,448.0,491.0
491.0,442.0,438.0,485.0,483.0,631.0
631.0,545.0,552.0,590.0,602.0,539.0
539.0,478.0,455.0,450.0,551.0,466.0
466.0,425.0,413.0,480.0,466.0,472.0
472.0,429.0,426.0,456.0,474.0,554.0
554.0,489.0,492.0,543.0,538.0,705.0
705.0,601.0,606.0,626.0,672.0,586.0
586.0,514.0,486.0,469.0,603.0,866.0
866.0,722.0,741.0,862.0,813.0,1159.0
1159.0,949.0,952.0,891.0,1179.0,719.0
719.0,615.0,538.0,592.0,797.0,632.0
632.0,551.0,541.0,623.0,665.0,559.0
559.0,497.0,481.0,515.0,580.0,461.0
461.0,425.0,410.0,560.0,484.0,544.0
544.0,486.0,491.0,496.0,545.0,514.0
514.0,464.0,453.0,538.0,518.0,423.0
423.0,397.0,384.0,462.0,441.0,447.0
447.0,415.0,415.0,492.0,446.0,358.0
358.0,348.0,336.0,410.0,375.0,423.0
423.0,397.0,403.0,490.0,414.0,388.0
388.0,371.0,363.0,424.0,393.0,381.0
381.0,366.0,364.0,408.0,383.0,416.0
416.0,392.0,393.0,494.0,410.0,488.0
488.0,445.0,448.0,468.0,488.0,512.0
512.0,463.0,459.0,507.0,504.0,647.0
647.0,564.0,570.0,612.0,619.0,556.0
556.0,497.0,477.0,502.0,568.0,485.0
485.0,444.0,433.0,503.0,501.0,489.0
489.0,447.0,444.0,474.0,491.0,564.0
564.0,503.0,505.0,556.0,550.0,765.0
765.0,654.0,664.0,682.0,724.0,607.0
607.0,536.0,507.0,526.0,630.0,891.0
891.0,751.0,767.0,805.0,839.0,1188.0
1188.0,984.0,988.0,860.0,1199.0,745.0
745.0,643.0,578.0,590.0,749.0,681.0
681.0,595.0,587.0,779.0,684.0,572.0
572.0,513.0,496.0,371.0,574.0,477.0
477.0,441.0,430.0,522.0,501.0,558.0
558.0,502.0,506.0,567.0,547.0,517.0
517.0,472.0,462.0,544.0,517.0,436.0
436.0,411.0,401.0,481.0,435.0,467.0
467.0,434.0,435.0,474.0,466.0,553.0
553.0,499.0,502.0,561.0,553.0,465.0
465.0,433.0,419.0,481.0,468.0,521.0
521.0,475.0,478.0,674.0,521.0,392.0
392.0,378.0,363.0,318.0,416.0,441.0
441.0,415.0,420.0,515.0,439.0,513.0
513.0,469.0,471.0,519.0,513.0,528.0
528.0,481.0,477.0,521.0,529.0,657.0
657.0,577.0,582.0,624.0,658.0,576.0
576.0,517.0,500.0,411.0,577.0,503.0
503.0,463.0,452.0,523.0,521.0,808.0
808.0,698.0,723.0,708.0,764.0,579.0
579.0,522.0,492.0,501.0,580.0,784.0
784.0,679.0,688.0,801.0,750.0,643.0
643.0,572.0,555.0,498.0,646.0,910.0
910.0,777.0,785.0,842.0,916.0,1197.0
1197.0,1004.0,1008.0,934.0,1134.0,768.0
768.0,669.0,631.0,630.0,845.0,703.0
703.0,620.0,613.0,826.0,742.0,585.0
585.0,530.0,519.0,554.0,585.0,485.0
485.0,454.0,446.0,616.0,483.0,572.0
572.0,520.0,523.0,542.0,560.0,518.0
518.0,479.0,473.0,535.0,526.0,436.0
436.0,417.0,411.0,505.0,454.0,474.0
474.0,446.0,447.0,528.0,472.0,561.0
561.0,512.0,515.0,598.0,561.0,472.0
472.0,445.0,436.0,472.0,469.0,531.0
531.0,490.0,491.0,572.0,522.0,397.0
397.0,388.0,378.0,437.0,392.0,443.0
443.0,423.0,426.0,556.0,440.0,525.0
525.0,485.0,488.0,451.0,524.0,535.0
535.0,493.0,490.0,553.0,534.0,662.0
662.0,589.0,592.0,638.0,664.0,585.0
585.0,531.0,521.0,484.0,585.0,516.0
516.0,479.0,473.0,542.0,533.0,811.0
811.0,708.0,726.0,760.0,767.0,588.0
588.0,536.0,518.0,521.0,589.0,789.0
789.0,691.0,696.0,769.0,793.0,654.0
654.0,588.0,578.0,564.0,663.0,916.0
916.0,790.0,795.0,861.0,923.0,1214.0
1214.0,1027.0,1031.0,961.0,1228.0,772.0
772.0,680.0,656.0,667.0,776.0,709.0
709.0,632.0,627.0,700.0,712.0,594.0
594.0,544.0,537.0,569.0,593.0,490.0
490.0,464.0,459.0,549.0,487.0,591.0
591.0,541.0,544.0,609.0,590.0,524.0
524.0,490.0,486.0,544.0,521.0,437.0
437.0,424.0,420.0,504.0,431.0,478.0
478.0,455.0,456.0,530.0,474.0,568.0
568.0,524.0,526.0,589.0,549.0,488.0
488.0,463.0,458.0,516.0,482.0,535.0
535.0,499.0,500.0,577.0,534.0,408.0
408.0,403.0,397.0,454.0,408.0,450.0
450.0,435.0,436.0,531.0,448.0,543.0
543.0,505.0,508.0,557.0,542.0,539.0
539.0,502.0,500.0,559.0,538.0,672.0
672.0,603.0,606.0,654.0,675.0,589.0
589.0,540.0,534.0,564.0,589.0,527.0
527.0,494.0,490.0,557.0,524.0,817.0
817.0,719.0,732.0,766.0,817.0,593.0
593.0,546.0,534.0,537.0,593.0,808.0
808.0,712.0,715.0,823.0,810.0,659.0
659.0,597.0,592.0,575.0,660.0,929.0
929.0,806.0,808.0,868.0,935.0,1219.0
1219.0,1037.0,1039.0,973.0,1233.0,780.0
780.0,692.0,679.0,670.0,784.0,714.0
714.0,641.0,639.0,704.0,716.0,604.0
604.0,557.0,553.0,584.0,603.0,497.0
497.0,475.0,472.0,555.0,491.0,601.0
601.0,555.0,556.0,620.0,600.0,531.0
531.0,501.0,499.0,552.0,524.0,444.0
444.0,435.0,432.0,512.0,430.0,484.0
484.0,465.0,466.0,542.0,471.0,585.0
585.0,542.0,544.0,605.0,582.0,499.0
499.0,477.0,474.0,526.0,485.0,542.0
542.0,510.0,510.0,586.0,535.0,415.0
415.0,414.0,410.0,461.0,413.0,453.0
453.0,443.0,444.0,536.0,439.0,559.0
559.0,523.0,525.0,572.0,567.0,565.0
565.0,528.0,527.0,580.0,574.0,683.0
683.0,617.0,619.0,663.0,718.0,624.0
624.0,573.0,569.0,597.0,638.0,548.0
548.0,515.0,512.0,652.0,549.0,843.0
843.0,744.0,754.0,791.0,849.0,614.0
614.0,568.0,560.0,554.0,606.0,849.0
849.0,749.0,751.0,821.0,880.0,680.0
680.0,619.0,616.0,590.0,674.0,957.0
957.0,833.0,833.0,896.0,996.0,1239.0
1239.0,1058.0,1059.0,990.0,1312.0,792.0
792.0,706.0,702.0,694.0,769.0,728.0
728.0,657.0,657.0,715.0,699.0,647.0
647.0,595.0,594.0,622.0,615.0,513.0
513.0,492.0,491.0,563.0,470.0,638.0
638.0,588.0,589.0,654.0,632.0,556.0
556.0,526.0,525.0,568.0,539.0,460.0
460.0,452.0,452.0,530.0,433.0,500.0
500.0,483.0,483.0,554.0,489.0,611.0
611.0,568.0,568.0,629.0,623.0,510.0
510.0,491.0,490.0,535.0,493.0,556.0
556.0,526.0,526.0,602.0,556.0,422.0
422.0,424.0,423.0,469.0,401.0,461.0
461.0,454.0,455.0,546.0,454.0,571.0
571.0,538.0,539.0,583.0,584.0,584.0
584.0,548.0,547.0,600.0,587.0,692.0
692.0,629.0,630.0,671.0,698.0,644.0
644.0,593.0,592.0,624.0,646.0,554.0
554.0,526.0,526.0,575.0,567.0,862.0
862.0,762.0,764.0,808.0,897.0,636.0
636.0,589.0,592.0,580.0,634.0,874.0
874.0,771.0,768.0,837.0,903.0,725.0
725.0,658.0,663.0,633.0,728.0,1001.0
1001.0,870.0,866.0,921.0,1039.0,1261.0
1261.0,1077.0,1075.0,997.0,1334.0,810.0
810.0,724.0,739.0,721.0,796.0,746.0
746.0,675.0,680.0,735.0,711.0,672.0
672.0,619.0,622.0,650.0,636.0,545.0
545.0,522.0,525.0,608.0,501.0,665.0
665.0,614.0,612.0,674.0,671.0,571.0
571.0,542.0,545.0,587.0,575.0,486.0
486.0,478.0,480.0,570.0,459.0,509.0
509.0,495.0,495.0,552.0,514.0,625.0
625.0,583.0,581.0,640.0,628.0,518.0
518.0,502.0,505.0,554.0,517.0,569.0
569.0,541.0,541.0,625.0,569.0,430.0
430.0,436.0,439.0,481.0,411.0,469.0
469.0,466.0,465.0,556.0,470.0,583.0
583.0,552.0,550.0,583.0,584.0,603.0
603.0,567.0,567.0,620.0,605.0,706.0
706.0,644.0,644.0,685.0,713.0,657.0
657.0,608.0,610.0,643.0,659.0,584.0
584.0,553.0,557.0,613.0,598.0,888.0
888.0,786.0,781.0,805.0,920.0,654.0
654.0,607.0,618.0,617.0,659.0,1026.0
1026.0,891.0,879.0,941.0,1033.0,745.0
745.0,676.0,696.0,618.0,754.0,1025.0
1025.0,891.0,883.0,978.0,1033.0,1287.0
1287.0,1097.0,1093.0,970.0,1299.0,819.0
819.0,734.0,772.0,821.0,824.0,775.0
775.0,701.0,712.0,720.0,778.0,695.0
695.0,640.0,650.0,615.0,698.0,562.0
562.0,540.0,550.0,649.0,564.0,672.0
672.0,623.0,620.0,685.0,675.0,594.0
594.0,564.0,571.0,618.0,598.0,499.0
499.0,493.0,500.0,584.0,502.0,520.0
520.0,509.0,508.0,568.0,523.0,634.0
634.0,594.0,590.0,645.0,635.0,526.0
526.0,513.0,521.0,571.0,520.0,577.0
577.0,552.0,551.0,635.0,577.0,548.0
548.0,530.0,533.0,567.0,547.0,924.0
924.0,813.0,797.0,865.0,926.0,591.0
591.0,563.0,585.0,563.0,593.0,626.0
626.0,589.0,591.0,710.0,629.0,724.0
724.0,662.0,660.0,701.0,727.0,676.0
676.0,627.0,633.0,669.0,680.0,599.0
599.0,569.0,579.0,619.0,599.0,905.0
905.0,801.0,787.0,829.0,914.0,771.0
771.0,700.0,715.0,713.0,781.0,1035.0
1035.0,901.0,891.0,955.0,1049.0,793.0
793.0,717.0,746.0,751.0,808.0,1057.0
1057.0,919.0,910.0,921.0,1071.0,1314.0
1314.0,1121.0,1114.0,1164.0,1320.0,845.0
845.0,758.0,814.0,826.0,857.0,797.0
797.0,722.0,742.0,794.0,803.0,715.0
715.0,660.0,676.0,653.0,723.0,601.0
601.0,574.0,590.0,641.0,608.0,685.0
685.0,638.0,636.0,689.0,688.0,617.0
617.0,587.0,596.0,647.0,620.0,519.0
519.0,513.0,524.0,584.0,523.0,532.0
532.0,523.0,524.0,597.0,537.0,647.0
647.0,610.0,602.0,665.0,649.0,535.0
535.0,526.0,537.0,585.0,533.0,585.0
585.0,564.0,562.0,604.0,585.0,566.0
566.0,549.0,552.0,565.0,566.0,927.0
927.0,819.0,795.0,857.0,939.0,606.0
606.0,580.0,611.0,614.0,606.0,632.0
632.0,599.0,604.0,715.0,634.0,741.0
741.0,680.0,676.0,667.0,748.0,707.0
707.0,655.0,663.0,700.0,719.0,614.0
614.0,586.0,601.0,636.0,622.0,915.0
915.0,813.0,794.0,833.0,925.0,792.0
792.0,720.0,739.0,743.0,805.0,1125.0
1125.0,973.0,954.0,1034.0,1137.0,826.0
826.0,747.0,790.0,753.0,841.0,1075.0
1075.0,936.0,929.0,986.0,1090.0,1338.0
1338.0,1141.0,1132.0,1199.0,1347.0,865.0
865.0,778.0,851.0,893.0,881.0,811.0
811.0,737.0,766.0,908.0,821.0,744.0
744.0,687.0,707.0,809.0,755.0,611.0
611.0,587.0,610.0,704.0,627.0,691.0
691.0,648.0,646.0,739.0,706.0,624.0
624.0,597.0,609.0,659.0,638.0,529.0
529.0,526.0,541.0,590.0,534.0,538.0
538.0,533.0,535.0,581.0,544.0,651.0
651.0,618.0,608.0,677.0,654.0,550.0
550.0,543.0,555.0,612.0,565.0,588.0
588.0,571.0,570.0,634.0,588.0,571.0
571.0,558.0,562.0,573.0,581.0,930.0
930.0,826.0,794.0,836.0,946.0,608.0
608.0,586.0,625.0,598.0,623.0,637.0
637.0,608.0,614.0,673.0,639.0,747.0
747.0,689.0,683.0,717.0,762.0,713.0
713.0,664.0,674.0,712.0,727.0,624.0
624.0,599.0,616.0,656.0,641.0,915.0
915.0,817.0,794.0,839.0,913.0,793.0
793.0,725.0,747.0,764.0,809.0,1135.0
1135.0,983.0,959.0,980.0,1140.0,832.0
832.0,755.0,806.0,826.0,854.0,1081.0
1081.0,943.0,936.0,1036.0,1090.0,1343.0
1343.0,1146.0,1134.0,1123.0,1340.0,881.0
881.0,793.0,877.0,833.0,908.0,814.0
814.0,744.0,781.0,907.0,831.0,746.0
746.0,693.0,718.0,750.0,763.0,622.0
622.0,601.0,627.0,710.0,640.0,694.0
694.0,654.0,654.0,716.0,708.0,629.0
629.0,606.0,619.0,663.0,646.0,541.0
541.0,541.0,556.0,618.0,558.0,544.0
544.0,544.0,546.0,581.0,559.0,651.0
651.0,623.0,611.0,683.0,651.0,577.0
577.0,569.0,578.0,643.0,580.0,595.0
595.0,582.0,583.0,646.0,594.0,574.0
574.0,566.0,570.0,631.0,591.0,933.0
933.0,831.0,794.0,832.0,941.0,619.0
619.0,600.0,641.0,624.0,641.0,651.0
651.0,623.0,631.0,678.0,666.0,749.0
749.0,695.0,690.0,740.0,762.0,715.0
715.0,671.0,681.0,719.0,730.0,648.0
648.0,622.0,638.0,677.0,666.0,920.0
920.0,823.0,799.0,844.0,921.0,805.0
805.0,738.0,761.0,776.0,825.0,1147.0
1147.0,993.0,966.0,992.0,1142.0,843.0
843.0,767.0,824.0,789.0,875.0,1087.0
1087.0,949.0,943.0,1037.0,1087.0,1350.0
1350.0,1150.0,1138.0,1130.0,1338.0,893.0
893.0,806.0,897.0,845.0,937.0,822.0
822.0,753.0,797.0,802.0,843.0,756.0
756.0,705.0,733.0,761.0,776.0,636.0
636.0,616.0,645.0,686.0,658.0,702.0
702.0,665.0,666.0,726.0,716.0,633.0
633.0,614.0,629.0,682.0,652.0,557.0
557.0,559.0,574.0,633.0,577.0,548.0
548.0,552.0,556.0,626.0,565.0,661.0
661.0,635.0,621.0,695.0,670.0,593.0
593.0,586.0,595.0,651.0,612.0,603.0
603.0,593.0,595.0,656.0,603.0,583.0
583.0,579.0,583.0,642.0,600.0,935.0
935.0,835.0,794.0,861.0,930.0,627.0
627.0,611.0,655.0,671.0,660.0,672.0
672.0,644.0,651.0,698.0,685.0,758.0
758.0,706.0,701.0,750.0,767.0,722.0
722.0,680.0,692.0,728.0,739.0,661.0
661.0,637.0,654.0,707.0,680.0,948.0
948.0,847.0,818.0,850.0,939.0,826.0
826.0,757.0,783.0,794.0,848.0,1232.0
1232.0,1057.0,1020.0,1047.0,1208.0,876.0
876.0,794.0,864.0,848.0,920.0,1129.0
1129.0,981.0,979.0,1072.0,1121.0,1371.0
1371.0,1165.0,1157.0,1146.0,1362.0,915.0
915.0,825.0,926.0,947.0,971.0,839.0
839.0,769.0,821.0,818.0,865.0,775.0
775.0,723.0,756.0,779.0,797.0,658.0
658.0,637.0,670.0,706.0,686.0,723.0
723.0,685.0,688.0,745.0,733.0,646.0
646.0,629.0,646.0,697.0,668.0,578.0
578.0,580.0,596.0,654.0,600.0,568.0
568.0,573.0,578.0,653.0,584.0,673.0
673.0,649.0,635.0,709.0,679.0,599.0
599.0,596.0,606.0,662.0,606.0,603.0
603.0,599.0,602.0,679.0,603.0,590.0
590.0,589.0,592.0,653.0,606.0,945.0
945.0,845.0,799.0,872.0,928.0,631.0
631.0,619.0,666.0,680.0,673.0,684.0
684.0,658.0,664.0,703.0,682.0,767.0
767.0,717.0,712.0,712.0,773.0,733.0
733.0,693.0,705.0,741.0,750.0,678.0
678.0,654.0,672.0,703.0,698.0,963.0
963.0,860.0,829.0,859.0,945.0,865.0
865.0,789.0,813.0,818.0,873.0,1311.0
1311.0,1115.0,1070.0,1100.0,1271.0,902.0
902.0,816.0,901.0,893.0,961.0,1134.0
1134.0,985.0,991.0,1080.0,1122.0,1395.0
1395.0,1181.0,1172.0,1274.0,1373.0,935.0
935.0,842.0,952.0,1067.0,1005.0,850.0
850.0,781.0,841.0,831.0,884.0,829.0
829.0,766.0,798.0,818.0,849.0,675.0
675.0,655.0,698.0,724.0,711.0,730.0
730.0,695.0,702.0,756.0,740.0,661.0
661.0,645.0,663.0,713.0,684.0,605.0
605.0,605.0,621.0,637.0,628.0,581.0
581.0,588.0,596.0,603.0,600.0,683.0
683.0,661.0,647.0,697.0,686.0,611.0
611.0,610.0,621.0,682.0,620.0,616.0
616.0,614.0,616.0,692.0,616.0,607.0
607.0,608.0,610.0,612.0,623.0,953.0
953.0,854.0,805.0,823.0,922.0,661.0
661.0,646.0,693.0,723.0,708.0,698.0
698.0,673.0,683.0,727.0,712.0,803.0
803.0,747.0,739.0,766.0,803.0,755.0
755.0,713.0,728.0,776.0,774.0,715.0
715.0,686.0,704.0,886.0,735.0,971.0
971.0,869.0,841.0,866.0,948.0,932.0
932.0,841.0,858.0,867.0,932.0,1401.0
1401.0,1181.0,1132.0,1212.0,1342.0,917.0
917.0,830.0,935.0,1032.0,996.0,1150.0
1150.0,998.0,1011.0,1103.0,1137.0,1418.0
1418.0,1196.0,1189.0,1293.0,1366.0,964.0
964.0,866.0,983.0,1027.0,1043.0,869.0
869.0,799.0,867.0,960.0,910.0,839.0
839.0,777.0,816.0,887.0,863.0,701.0
701.0,679.0,723.0,769.0,740.0,750.0
750.0,714.0,724.0,764.0,761.0,679.0
679.0,664.0,684.0,721.0,705.0,628.0
628.0,628.0,644.0,700.0,653.0,595.0
595.0,605.0,614.0,656.0,616.0,691.0
691.0,673.0,659.0,672.0,692.0,617.0
617.0,621.0,632.0,672.0,642.0,631.0
631.0,631.0,631.0,687.0,630.0,618.0
618.0,622.0,624.0,661.0,634.0,959.0
959.0,861.0,810.0,839.0,918.0,673.0
673.0,661.0,707.0,725.0,726.0,706.0
706.0,684.0,695.0,767.0,722.0,820.0
820.0,764.0,754.0,739.0,799.0,781.0
781.0,737.0,750.0,795.0,798.0,735.0
735.0,705.0,725.0,759.0,757.0,989.0
989.0,885.0,857.0,914.0,945.0,970.0
970.0,871.0,887.0,896.0,978.0,1502.0
1502.0,1253.0,1193.0,1200.0,1429.0,938.0
938.0,849.0,974.0,1075.0,1041.0,1210.0
1210.0,1042.0,1058.0,1154.0,1195.0,1441.0
1441.0,1212.0,1215.0,1141.0,1404.0,980.0
980.0,881.0,1009.0,1068.0,1075.0,897.0
897.0,823.0,897.0,934.0,945.0,857.0
857.0,794.0,840.0,847.0,886.0,720.0
720.0,698.0,747.0,792.0,764.0,776.0
776.0,737.0,748.0,785.0,786.0,687.0
687.0,675.0,700.0,737.0,721.0,647.0
647.0,647.0,664.0,720.0,628.0,602.0
602.0,616.0,628.0,670.0,586.0,700.0
700.0,685.0,670.0,716.0,698.0,637.0
637.0,641.0,650.0,688.0,660.0,644.0
644.0,647.0,647.0,702.0,645.0,629.0
629.0,636.0,638.0,692.0,627.0,976.0
976.0,877.0,821.0,851.0,904.0,676.0
676.0,669.0,719.0,747.0,737.0,731.0
731.0,707.0,716.0,754.0,730.0,840.0
840.0,782.0,773.0,754.0,831.0,808.0
808.0,761.0,774.0,820.0,821.0,767.0
767.0,733.0,754.0,939.0,786.0,1015.0
1015.0,906.0,880.0,898.0,966.0,993.0
993.0,891.0,908.0,920.0,1011.0,1558.0
1558.0,1292.0,1226.0,1228.0,1460.0,974.0
974.0,878.0,1013.0,1021.0,1162.0,1223.0
1223.0,1053.0,1078.0,1133.0,1204.0,1467.0
1467.0,1230.0,1235.0,1158.0,1425.0,987.0
987.0,889.0,1028.0,1094.0,1097.0,926.0
926.0,847.0,925.0,964.0,976.0,884.0
884.0,818.0,868.0,869.0,916.0,765.0
765.0,735.0,786.0,832.0,811.0,801.0
801.0,760.0,777.0,810.0,815.0,691.0
691.0,684.0,716.0,755.0,732.0,652.0
652.0,657.0,676.0,729.0,630.0,606.0
606.0,626.0,638.0,674.0,586.0,761.0
761.0,733.0,707.0,698.0,698.0,644.0
644.0,653.0,669.0,707.0,658.0,647.0
647.0,655.0,658.0,718.0,644.0,637.0
637.0,648.0,649.0,679.0,634.0,980.0
980.0,883.0,825.0,853.0,894.0,677.0
677.0,676.0,726.0,759.0,744.0,735.0
735.0,716.0,723.0,786.0,748.0,843.0
843.0,789.0,778.0,755.0,831.0,814.0
814.0,770.0,782.0,829.0,826.0,783.0
783.0,749.0,768.0,802.0,803.0,1024.0
1024.0,915.0,889.0,904.0,969.0,993.0
993.0,894.0,913.0,929.0,1013.0,1567.0
1567.0,1295.0,1226.0,1334.0,1446.0,983.0
983.0,887.0,1026.0,1046.0,1192.0,1231.0
1231.0,1059.0,1088.0,1145.0,1235.0,1477.0
1477.0,1235.0,1242.0,1164.0,1427.0,999.0
999.0,901.0,1044.0,1119.0,1156.0,941.0
941.0,861.0,944.0,986.0,981.0,901.0
901.0,834.0,887.0,885.0,884.0,771.0
771.0,745.0,800.0,847.0,760.0,816.0
816.0,776.0,793.0,811.0,755.0,695.0
695.0,693.0,728.0,765.0,680.0,662.0
662.0,671.0,689.0,704.0,635.0,613.0
613.0,638.0,650.0,630.0,591.0,766.0
766.0,742.0,715.0,707.0,694.0,645.0
645.0,660.0,676.0,669.0,659.0,649.0
649.0,664.0,665.0,681.0,647.0,640.0
640.0,657.0,656.0,630.0,637.0,984.0
984.0,889.0,828.0,851.0,883.0,683.0
683.0,687.0,735.0,772.0,775.0,739.0
739.0,724.0,732.0,908.0,754.0,853.0
853.0,801.0,787.0,760.0,825.0,835.0
835.0,789.0,798.0,843.0,844.0,789.0
789.0,759.0,780.0,815.0,817.0,1025.0
1025.0,918.0,893.0,921.0,965.0,1008.0
1008.0,907.0,924.0,972.0,1022.0,1575.0
1575.0,1296.0,1228.0,1329.0,1435.0,999.0
999.0,901.0,1041.0,1170.0,1225.0,1236.0
1236.0,1063.0,1096.0,1261.0,1252.0,1486.0
1486.0,1238.0,1247.0,1268.0,1430.0,1021.0
1021.0,918.0,1063.0,1242.0,1191.0,948.0
948.0,869.0,958.0,1073.0,1005.0,915.0
915.0,847.0,903.0,911.0,898.0,784.0
784.0,759.0,816.0,860.0,771.0,822.0
822.0,785.0,804.0,822.0,754.0,700.0
700.0,703.0,739.0,744.0,681.0,690.0
690.0,697.0,710.0,722.0,652.0,629.0
629.0,656.0,669.0,649.0,609.0,772.0
772.0,752.0,726.0,718.0,697.0,656.0
656.0,675.0,689.0,680.0,670.0,656.0
656.0,676.0,676.0,689.0,656.0,653.0
653.0,673.0,670.0,642.0,649.0,993.0
993.0,898.0,837.0,835.0,881.0,695.0
695.0,702.0,749.0,775.0,793.0,757.0
757.0,743.0,748.0,805.0,776.0,877.0
877.0,822.0,807.0,801.0,848.0,851.0
851.0,805.0,816.0,856.0,864.0,821.0
821.0,786.0,805.0,842.0,848.0,1041.0
1041.0,932.0,910.0,920.0,982.0,1032.0
1032.0,926.0,944.0,995.0,1044.0,1596.0
1596.0,1307.0,1242.0,1363.0,1440.0,1030.0
1030.0,925.0,1066.0,1206.0,1269.0,1280.0
1280.0,1093.0,1128.0,1294.0,1300.0,1497.0
1497.0,1243.0,1264.0,1288.0,1451.0,1032.0
1032.0,929.0,1078.0,1267.0,1218.0,979.0
979.0,894.0,983.0,1089.0,1037.0,927.0
927.0,860.0,921.0,934.0,914.0,806.0
806.0,780.0,838.0,796.0,786.0,832.0
832.0,797.0,820.0,783.0,758.0,712.0
712.0,718.0,754.0,749.0,686.0,695.0
695.0,707.0,721.0,730.0,653.0,641.0
641.0,672.0,683.0,666.0,615.0,796.0
796.0,774.0,745.0,705.0,709.0,769.0
769.0,757.0,755.0,741.0,753.0,666.0
666.0,690.0,709.0,744.0,707.0,668.0
668.0,691.0,692.0,713.0,679.0,1010.0
1010.0,913.0,853.0,830.0,890.0,707.0
707.0,717.0,765.0,797.0,809.0,788.0
788.0,770.0,772.0,824.0,801.0,894.0
894.0,838.0,826.0,849.0,864.0,871.0
871.0,824.0,835.0,881.0,883.0,844.0
844.0,807.0,826.0,861.0,871.0,1057.0
1057.0,946.0,927.0,971.0,995.0,1052.0
1052.0,943.0,961.0,1034.0,1061.0,1615.0
1615.0,1317.0,1255.0,1374.0,1448.0,1064.0
1064.0,951.0,1092.0,1320.0,1311.0,1303.0
1303.0,1110.0,1150.0,1374.0,1336.0,1528.0
1528.0,1263.0,1287.0,1368.0,1481.0,1046.0
1046.0,942.0,1098.0,1193.0,1252.0,990.0
990.0,906.0,999.0,1100.0,1059.0,941.0
941.0,874.0,937.0,941.0,925.0,846.0
846.0,812.0,867.0,815.0,810.0,871.0
871.0,829.0,852.0,813.0,786.0,728.0
728.0,736.0,778.0,785.0,707.0,701.0
701.0,718.0,736.0,756.0,661.0,662.0
662.0,694.0,702.0,678.0,627.0,814.0
814.0,792.0,763.0,705.0,719.0,780.0
780.0,771.0,770.0,748.0,764.0,681.0
681.0,707.0,725.0,767.0,724.0,678.0
678.0,705.0,706.0,736.0,694.0,1022.0
1022.0,926.0,865.0,835.0,894.0,722.0
722.0,734.0,781.0,791.0,827.0,798.0
798.0,783.0,785.0,825.0,817.0,911.0
911.0,855.0,841.0,865.0,878.0,910.0
910.0,854.0,862.0,878.0,914.0,945.0
945.0,877.0,888.0,911.0,951.0,1075.0
1075.0,962.0,960.0,994.0,1047.0,1065.0
1065.0,955.0,982.0,1077.0,1093.0,1673.0
1673.0,1354.0,1289.0,1353.0,1486.0,1086.0
1086.0,969.0,1119.0,1390.0,1351.0,1332.0
1332.0,1130.0,1176.0,1415.0,1369.0,1541.0
1541.0,1271.0,1302.0,1320.0,1497.0,1623.0
1623.0,1333.0,1398.0,1465.0,1619.0,1011.0
1011.0,926.0,1127.0,1364.0,1296.0,971.0
971.0,900.0,1003.0,1230.0,1042.0,1181.0
1181.0,1038.0,1059.0,1005.0,1039.0,885.0
885.0,845.0,937.0,802.0,891.0,739.0
739.0,750.0,819.0,758.0,731.0,725.0
725.0,742.0,767.0,847.0,651.0,782.0
782.0,779.0,775.0,904.0,671.0,837.0
837.0,815.0,804.0,761.0,746.0,794.0
794.0,787.0,795.0,711.0,778.0,710.0
710.0,734.0,752.0,734.0,745.0,685.0
685.0,718.0,723.0,789.0,705.0,1031.0
1031.0,939.0,877.0,897.0,896.0,752.0
752.0,761.0,804.0,772.0,848.0,815.0
815.0,801.0,805.0,881.0,838.0,939.0
939.0,880.0,865.0,864.0,904.0,931.0
931.0,875.0,884.0,914.0,939.0,966.0
966.0,898.0,909.0,975.0,975.0,1091.0
1091.0,980.0,978.0,1041.0,1066.0,1094.0
1094.0,981.0,1006.0,1071.0,1118.0,1720.0
1720.0,1391.0,1322.0,1345.0,1517.0,1119.0
1119.0,998.0,1152.0,1422.0,1402.0,1360.0
1360.0,1155.0,1205.0,1442.0,1412.0,1557.0
1557.0,1288.0,1324.0,1425.0,1521.0,1644.0
1644.0,1352.0,1418.0,1432.0,1637.0,1045.0
1045.0,956.0,1157.0,1333.0,1331.0,984.0
984.0,916.0,1025.0,1231.0,1064.0,1205.0
1205.0,1060.0,1081.0,1114.0,1049.0,910.0
910.0,869.0,962.0,858.0,905.0,748.0
748.0,764.0,836.0,822.0,739.0,727.0
727.0,750.0,778.0,803.0,649.0,791.0
791.0,792.0,786.0,876.0,668.0,854.0
854.0,833.0,819.0,814.0,751.0,802.0
802.0,800.0,808.0,749.0,788.0,716.0
716.0,745.0,763.0,761.0,757.0,692.0
692.0,729.0,733.0,769.0,716.0,1038.0
1038.0,951.0,886.0,872.0,900.0,767.0
767.0,778.0,818.0,844.0,862.0,827.0
827.0,817.0,819.0,849.0,853.0,946.0
946.0,893.0,876.0,900.0,914.0,956.0
956.0,899.0,903.0,915.0,958.0,979.0
979.0,915.0,926.0,953.0,993.0,1107.0
1107.0,998.0,996.0,1031.0,1083.0,1124.0
1124.0,1009.0,1030.0,1091.0,1145.0,1759.0
1759.0,1427.0,1354.0,1416.0,1552.0,1168.0
1168.0,1038.0,1192.0,1432.0,1457.0,1375.0
1375.0,1174.0,1231.0,1464.0,1450.0,1572.0
1572.0,1308.0,1345.0,1397.0,1543.0,1667.0
1667.0,1378.0,1441.0,1461.0,1655.0,1060.0
1060.0,973.0,1176.0,1374.0,1347.0,995.0
995.0,931.0,1041.0,1263.0,1071.0,1211.0
1211.0,1073.0,1093.0,1094.0,1046.0,1064.0
1064.0,977.0,1044.0,888.0,992.0,756.0
756.0,776.0,875.0,827.0,800.0,740.0
740.0,766.0,802.0,935.0,683.0,814.0
814.0,814.0,809.0,932.0,687.0,861.0
861.0,845.0,835.0,752.0,756.0,807.0
807.0,810.0,819.0,698.0,787.0,717.0
717.0,753.0,770.0,764.0,754.0,701.0
701.0,742.0,743.0,825.0,717.0,1045.0
1045.0,964.0,896.0,912.0,902.0,781.0
781.0,795.0,831.0,820.0,875.0,845.0
845.0,836.0,836.0,848.0,873.0,954.0
954.0,906.0,890.0,901.0,929.0,965.0
965.0,913.0,916.0,964.0,971.0,987.0
987.0,928.0,937.0,1001.0,1003.0,1113.0
1113.0,1010.0,1006.0,1052.0,1090.0,1129.0
1129.0,1021.0,1040.0,1083.0,1150.0,1766.0
1766.0,1441.0,1363.0,1389.0,1556.0,1190.0
1190.0,1061.0,1210.0,1490.0,1479.0,1381.0
1381.0,1187.0,1244.0,1538.0,1468.0,1578.0
1578.0,1321.0,1355.0,1468.0,1553.0,1669.0
1669.0,1387.0,1448.0,1417.0,1658.0,1071.0
1071.0,988.0,1187.0,1332.0,1358.0,1011.0
1011.0,949.0,1056.0,1158.0,1083.0,1223.0
1223.0,1088.0,1108.0,1147.0,1050.0,1072.0
1072.0,990.0,1056.0,924.0,994.0,762.0
762.0,787.0,885.0,841.0,804.0,749.0
749.0,779.0,813.0,884.0,688.0,822.0
822.0,827.0,820.0,908.0,691.0,865.0
865.0,855.0,843.0,784.0,759.0,813.0
813.0,821.0,828.0,745.0,794.0,723.0
723.0,764.0,779.0,774.0,763.0,703.0
703.0,751.0,750.0,878.0,724.0,1049.0
1049.0,974.0,904.0,901.0,904.0,793.0
793.0,810.0,843.0,837.0,886.0,857.0
857.0,851.0,849.0,874.0,887.0,965.0
965.0,921.0,903.0,935.0,943.0,976.0
976.0,928.0,929.0,949.0,984.0,994.0
994.0,940.0,949.0,978.0,1014.0,1130.0
1130.0,1029.0,1021.0,1065.0,1104.0,1134.0
1134.0,1031.0,1051.0,1105.0,1160.0,1776.0
1776.0,1455.0,1375.0,1427.0,1561.0,1198.0
1198.0,1074.0,1220.0,1474.0,1496.0,1387.0
1387.0,1198.0,1253.0,1587.0,1481.0,1589.0
1589.0,1335.0,1366.0,1431.0,1563.0,1680.0
1680.0,1401.0,1459.0,1382.0,1667.0,1088.0
1088.0,1006.0,1202.0,1384.0,1377.0,1026.0
1026.0,966.0,1071.0,1352.0,1098.0,1229.0
1229.0,1099.0,1119.0,1138.0,1052.0,1082.0
1082.0,1003.0,1067.0,873.0,994.0,768.0
768.0,798.0,895.0,816.0,806.0,760.0
760.0,793.0,824.0,933.0,692.0,860.0
860.0,859.0,845.0,927.0,712.0,885.0
885.0,875.0,866.0,796.0,784.0,821.0
821.0,834.0,843.0,719.0,816.0,732.0
732.0,777.0,792.0,773.0,781.0,707.0
707.0,761.0,760.0,833.0,732.0,1057.0
1057.0,986.0,915.0,907.0,906.0,829.0
829.0,840.0,867.0,850.0,909.0,897.0
897.0,884.0,880.0,891.0,925.0,992.0
992.0,945.0,931.0,968.0,982.0,994.0
994.0,947.0,951.0,994.0,1015.0,1011.0
1011.0,958.0,968.0,989.0,1036.0,1137.0
1137.0,1041.0,1035.0,1065.0,1113.0,1144.0
1144.0,1045.0,1064.0,1140.0,1166.0,1835.0
1835.0,1500.0,1411.0,1537.0,1591.0,1232.0
1232.0,1103.0,1253.0,1558.0,1545.0,1403.0
1403.0,1215.0,1276.0,1600.0,1520.0,1608.0
1608.0,1353.0,1386.0,1472.0,1589.0,1691.0
1691.0,1414.0,1474.0,1393.0,1680.0,1113.0
1113.0,1030.0,1222.0,1365.0,1395.0,1047.0
1047.0,987.0,1092.0,1367.0,1113.0,1242.0
1242.0,1114.0,1136.0,1185.0,1056.0,1101.0
1101.0,1023.0,1085.0,921.0,1001.0,798.0
798.0,825.0,919.0,813.0,826.0,768.0
768.0,806.0,840.0,892.0,706.0,875.0
875.0,876.0,862.0,837.0,724.0,897.0
897.0,890.0,881.0,832.0,796.0,831.0
831.0,848.0,856.0,772.0,828.0,766.0
766.0,806.0,816.0,786.0,808.0,714.0
714.0,773.0,776.0,820.0,753.0,1067.0
1067.0,1000.0,928.0,923.0,918.0,858.0
858.0,866.0,889.0,809.0,932.0,922.0
922.0,907.0,903.0,970.0,953.0,1012.0
1012.0,965.0,952.0,1015.0,1007.0,1022.0
1022.0,972.0,976.0,1012.0,1044.0,1029.0
1029.0,977.0,989.0,1008.0,1060.0,1152.0
1152.0,1057.0,1053.0,1088.0,1131.0,1175.0
1175.0,1072.0,1088.0,1175.0,1189.0,1846.0
1846.0,1514.0,1427.0,1460.0,1607.0,1253.0
1253.0,1123.0,1272.0,1547.0,1565.0,1423.0
1423.0,1235.0,1295.0,1698.0,1541.0,1611.0
1611.0,1362.0,1397.0,1526.0,1599.0,1721.0
1721.0,1440.0,1495.0,1345.0,1698.0,1128.0
1128.0,1046.0,1239.0,1456.0,1414.0,1053.0
1053.0,998.0,1103.0,1235.0,1123.0,1258.0
1258.0,1132.0,1150.0,1158.0,1063.0,1114.0
1114.0,1038.0,1100.0,881.0,1010.0,814.0
814.0,843.0,935.0,951.0,840.0,785.0
785.0,824.0,857.0,883.0,722.0,882.0
882.0,887.0,874.0,787.0,736.0,905.0
905.0,903.0,892.0,778.0,804.0,849.0
849.0,867.0,872.0,838.0,841.0,776.0
776.0,820.0,830.0,951.0,821.0,730.0
730.0,791.0,792.0,825.0,769.0,1074.0
1074.0,1012.0,941.0,867.0,928.0,864.0
864.0,878.0,899.0,879.0,940.0,950.0
950.0,933.0,923.0,1001.0,971.0,1035.0
1035.0,988.0,974.0,1031.0,1031.0,1043.0
1043.0,993.0,997.0,1033.0,1069.0,1044.0
1044.0,994.0,1007.0,1099.0,1082.0,1155.0
1155.0,1067.0,1064.0,1080.0,1141.0,1195.0
1195.0,1092.0,1104.0,1125.0,1201.0,2105.0
2105.0,1693.0,1564.0,1520.0,1765.0,1269.0
1269.0,1139.0,1333.0,1745.0,1689.0,1440.0
1440.0,1251.0,1329.0,1850.0,1613.0,1633.0
1633.0,1380.0,1422.0,1655.0,1629.0,1740.0
1740.0,1455.0,1514.0,1246.0,1701.0,1145.0
1145.0,1064.0,1258.0,1195.0,1407.0,1067.0
1067.0,1013.0,1120.0,1009.0,1116.0,1267.0
1267.0,1143.0,1163.0,1147.0,1061.0,1125.0
1125.0,1051.0,1112.0,974.0,1014.0,838.0
838.0,866.0,955.0,1030.0,858.0,786.0
786.0,833.0,870.0,904.0,737.0,896.0
896.0,904.0,889.0,766.0,752.0,921.0
921.0,920.0,908.0,738.0,821.0,860.0
860.0,881.0,886.0,832.0,855.0,816.0
816.0,853.0,857.0,909.0,850.0,766.0
766.0,821.0,822.0,901.0,806.0,1090.0
1090.0,1029.0,963.0,934.0,959.0,884.0
884.0,898.0,920.0,904.0,964.0,961.0
961.0,947.0,940.0,980.0,985.0,1050.0
1050.0,1004.0,989.0,1002.0,1041.0,1063.0
1063.0,1013.0,1015.0,1070.0,1082.0,1064.0
1064.0,1014.0,1026.0,1153.0,1098.0,1179.0
1179.0,1089.0,1085.0,1256.0,1163.0,1212.0
1212.0,1110.0,1123.0,1259.0,1223.0,2157.0
2157.0,1732.0,1597.0,1546.0,1806.0,1283.0
1283.0,1155.0,1355.0,1648.0,1721.0,1470.0
1470.0,1277.0,1354.0,1789.0,1640.0,1662.0
1662.0,1404.0,1448.0,1655.0,1658.0,1754.0
1754.0,1469.0,1532.0,1315.0,1721.0,1161.0
1161.0,1080.0,1276.0,1308.0,1420.0,1093.0
1093.0,1037.0,1143.0,1074.0,1132.0,1294.0
1294.0,1167.0,1187.0,1140.0,1083.0,1158.0
1158.0,1079.0,1140.0,926.0,1044.0,851.0
851.0,882.0,976.0,1098.0,881.0,794.0
794.0,845.0,884.0,987.0,750.0,907.0
907.0,918.0,903.0,854.0,760.0,934.0
934.0,935.0,922.0,727.0,829.0,885.0
885.0,904.0,906.0,738.0,871.0,822.0
822.0,864.0,871.0,859.0,862.0,776.0
776.0,834.0,835.0,952.0,817.0,1091.0
1091.0,1037.0,970.0,1027.0,964.0,899.0
899.0,914.0,933.0,972.0,972.0,986.0
986.0,970.0,959.0,945.0,1004.0,1073.0
1073.0,1026.0,1010.0,947.0,1066.0,1085.0
1085.0,1034.0,1036.0,1067.0,1109.0,1077.0
1077.0,1029.0,1043.0,1134.0,1120.0,1193.0
1193.0,1104.0,1101.0,1236.0,1179.0,1230.0
1230.0,1128.0,1140.0,1267.0,1238.0,2329.0
2329.0,1850.0,1688.0,1643.0,1911.0,1312.0
1312.0,1179.0,1407.0,1766.0,1813.0,1503.0
1503.0,1302.0,1392.0,1938.0,1712.0,1688.0
1688.0,1425.0,1476.0,1749.0,1697.0,1766.0
1766.0,1480.0,1550.0,1271.0,1732.0,1173.0
1173.0,1094.0,1293.0,1205.0,1417.0,1114.0
1114.0,1056.0,1163.0,1084.0,1132.0,1306.0
1306.0,1180.0,1202.0,1101.0,1085.0,1177.0
1177.0,1098.0,1158.0,1024.0,1055.0,857.0
857.0,893.0,989.0,1213.0,892.0,800.0
800.0,857.0,896.0,966.0,760.0,916.0
916.0,932.0,914.0,792.0,769.0,938.0
938.0,945.0,931.0,625.0,834.0,886.0
886.0,912.0,913.0,686.0,873.0,824.0
824.0,873.0,878.0,900.0,862.0,779.0
779.0,844.0,843.0,953.0,817.0,1099.0
1099.0,1048.0,979.0,980.0,968.0,902.0
902.0,924.0,941.0,923.0,976.0,1002.0
1002.0,987.0,972.0,983.0,1015.0,1090.0
1090.0,1043.0,1026.0,1017.0,1083.0,1096.0
1096.0,1047.0,1050.0,1109.0,1126.0,1088.0
1088.0,1042.0,1056.0,1201.0,1135.0,1196.0
1196.0,1112.0,1109.0,1113.0,1187.0,1240.0
1240.0,1140.0,1150.0,1343.0,1244.0,2337.0
2337.0,1853.0,1691.0,1614.0,1914.0,1321.0
1321.0,1190.0,1416.0,1678.0,1819.0,1513.0
1513.0,1313.0,1402.0,1909.0,1721.0,1700.0
1700.0,1435.0,1486.0,1826.0,1709.0,1778.0
1778.0,1489.0,1560.0,1608.0,1745.0,1177.0
1177.0,1103.0,1302.0,1286.0,1427.0,1121.0
1121.0,1067.0,1173.0,1112.0,1140.0,1311.0
1311.0,1188.0,1210.0,1423.0,1090.0,1185.0
1185.0,1108.0,1167.0,1090.0,1060.0,860.0
860.0,903.0,998.0,1180.0,896.0,806.0
806.0,869.0,906.0,854.0,764.0,928.0
928.0,947.0,926.0,992.0,777.0,943.0
943.0,956.0,941.0,959.0,842.0,891.0
891.0,923.0,923.0,863.0,879.0,830.0
830.0,885.0,888.0,823.0,868.0,785.0
785.0,857.0,852.0,822.0,823.0,1104.0
1104.0,1058.0,987.0,931.0,972.0,910.0
910.0,936.0,951.0,971.0,983.0,1011.0
1011.0,1000.0,983.0,1063.0,1024.0,1099.0
1099.0,1055.0,1036.0,1080.0,1092.0,1108.0
1108.0,1061.0,1062.0,1048.0,1137.0,1092.0
1092.0,1051.0,1065.0,1063.0,1143.0,1200.0
1200.0,1120.0,1116.0,1154.0,1192.0,1248.0
1248.0,1150.0,1158.0,1239.0,1249.0,2355.0
2355.0,1861.0,1698.0,1759.0,1923.0,1330.0
1330.0,1200.0,1427.0,1764.0,1831.0,1518.0
1518.0,1319.0,1409.0,1959.0,1731.0,1710.0
1710.0,1443.0,1494.0,1827.0,1720.0,1794.0
1794.0,1500.0,1570.0,1570.0,1759.0,1199.0
1199.0,1122.0,1320.0,1259.0,1449.0,1140.0
1140.0,1085.0,1192.0,1133.0,1165.0,1321.0
1321.0,1199.0,1224.0,1119.0,1108.0,1195.0
1195.0,1120.0,1179.0,1151.0,1072.0,862.0
862.0,912.0,1008.0,1208.0,900.0,814.0
814.0,883.0,917.0,1041.0,767.0,945.0
945.0,965.0,941.0,831.0,785.0,949.0
949.0,967.0,952.0,668.0,849.0,895.0
895.0,934.0,932.0,712.0,884.0,849.0
849.0,906.0,904.0,906.0,880.0,793.0
793.0,871.0,866.0,947.0,836.0,1120.0
1120.0,1074.0,1001.0,984.0,987.0,929.0
929.0,956.0,968.0,989.0,1001.0,1027.0
1027.0,1017.0,1000.0,1027.0,1042.0,1126.0
1126.0,1079.0,1058.0,938.0,1117.0,1130.0
1130.0,1081.0,1083.0,1144.0,1162.0,1104.0
1104.0,1065.0,1081.0,1109.0,1162.0,1217.0
1217.0,1136.0,1132.0,1330.0,1208.0,1268.0
1268.0,1168.0,1176.0,1315.0,1266.0,2370.0
2370.0,1867.0,1708.0,1625.0,1935.0,1349.0
1349.0,1217.0,1442.0,1829.0,1846.0,1549.0
1549.0,1342.0,1431.0,1985.0,1757.0,1724.0
1724.0,1454.0,1509.0,1563.0,1743.0,1839.0
1839.0,1530.0,1597.0,1291.0,1795.0,1229.0
1229.0,1147.0,1348.0,1332.0,1488.0,1164.0
1164.0,1107.0,1217.0,1637.0,1200.0,1342.0
1342.0,1217.0,1245.0,1485.0,1134.0,1213.0
1213.0,1138.0,1199.0,1000.0,1091.0,877.0
877.0,930.0,1026.0,738.0,913.0,825.0
825.0,899.0,933.0,846.0,775.0,975.0
975.0,992.0,964.0,985.0,803.0,974.0
974.0,991.0,976.0,1004.0,872.0,919.0
919.0,957.0,956.0,944.0,911.0,865.0
865.0,924.0,924.0,845.0,903.0,800.0
800.0,884.0,881.0,818.0,850.0,1125.0
1125.0,1084.0,1012.0,938.0,992.0,935.0
935.0,968.0,979.0,991.0,1002.0,1051.0
1051.0,1039.0,1017.0,1122.0,1053.0,1144.0
1144.0,1097.0,1075.0,1151.0,1133.0,1167.0
1167.0,1111.0,1109.0,1082.0,1194.0,1132.0
1132.0,1089.0,1107.0,1151.0,1198.0,1242.0
1242.0,1158.0,1156.0,1193.0,1242.0,1292.0
1292.0,1188.0,1198.0,1297.0,1295.0,2416.0
2416.0,1893.0,1735.0,1832.0,1968.0,1371.0
1371.0,1236.0,1466.0,1809.0,1877.0,1573.0
1573.0,1361.0,1453.0,2069.0,1784.0,1748.0
1748.0,1471.0,1529.0,1666.0,1767.0,1866.0
1866.0,1549.0,1617.0,1316.0,1819.0,1252.0
1252.0,1167.0,1369.0,1288.0,1513.0,1250.0
1250.0,1166.0,1268.0,1641.0,1260.0,1375.0
1375.0,1243.0,1283.0,1566.0,1192.0,1295.0
1295.0,1195.0,1254.0,1179.0,1166.0,887.0
887.0,945.0,1057.0,804.0,960.0,860.0
860.0,929.0,965.0,1200.0,809.0,990.0
990.0,1009.0,987.0,981.0,817.0,1159.0
1159.0,1112.0,1071.0,1108.0,973.0,932.0
932.0,974.0,1004.0,739.0,987.0,872.0
872.0,938.0,950.0,1000.0,943.0,808.0
808.0,899.0,899.0,779.0,860.0,1128.0
1128.0,1093.0,1022.0,765.0,981.0,959.0
959.0,992.0,997.0,895.0,997.0,1075.0
1075.0,1062.0,1038.0,1261.0,1059.0,1171.0
1171.0,1121.0,1098.0,1315.0,1153.0,1198.0
1198.0,1136.0,1134.0,1154.0,1225.0,1154.0
1154.0,1110.0,1130.0,1167.0,1231.0,1260.0
1260.0,1175.0,1176.0,1134.0,1270.0,1315.0
1315.0,1208.0,1218.0,1257.0,1320.0,2430.0
2430.0,1900.0,1746.0,1754.0,1978.0,1704.0
1704.0,1449.0,1627.0,1994.0,2068.0,1602.0
1602.0,1388.0,1534.0,2151.0,1947.0,1776.0
1776.0,1498.0,1578.0,1780.0,1871.0,1893.0
1893.0,1575.0,1652.0,1351.0,1866.0,1278.0
1278.0,1192.0,1396.0,1231.0,1524.0,1355.0
1355.0,1239.0,1329.0,1246.0,1302.0,1388.0
1388.0,1260.0,1317.0,1652.0,1216.0,1299.0
1299.0,1206.0,1272.0,1255.0,1173.0,901.0
901.0,962.0,1073.0,806.0,963.0,912.0
912.0,969.0,998.0,781.0,835.0,1028.0
1028.0,1040.0,1021.0,964.0,855.0,1165.0
1165.0,1124.0,1091.0,1201.0,998.0,936.0
936.0,984.0,1017.0,1181.0,999.0,880.0
880.0,951.0,962.0,997.0,948.0,820.0
820.0,914.0,912.0,687.0,865.0,1140.0
1140.0,1109.0,1037.0,747.0,986.0,972.0
972.0,1008.0,1012.0,980.0,1006.0,1106.0
1106.0,1089.0,1061.0,1376.0,1081.0,1197.0
1197.0,1145.0,1123.0,1368.0,1182.0,1216.0
1216.0,1156.0,1156.0,1089.0,1252.0,1192.0
1192.0,1142.0,1159.0,1176.0,1267.0,1280.0
1280.0,1196.0,1200.0,1231.0,1300.0,1336.0
1336.0,1230.0,1241.0,1304.0,1344.0,2473.0
2473.0,1938.0,1780.0,1714.0,2005.0,1736.0
1736.0,1478.0,1658.0,1971.0,2099.0,1628.0
1628.0,1413.0,1560.0,2238.0,1979.0,1801.0
1801.0,1523.0,1602.0,2017.0,1901.0,1908.0
1908.0,1594.0,1672.0,1799.0,1887.0,1294.0
1294.0,1210.0,1413.0,1451.0,1543.0,1375.0
1375.0,1260.0,1347.0,1295.0,1319.0,1423.0
1423.0,1291.0,1343.0,1171.0,1242.0,1341.0
1341.0,1240.0,1304.0,1234.0,1209.0,923.0
923.0,983.0,1097.0,1187.0,998.0,927.0
927.0,986.0,1017.0,1089.0,861.0,1041.0
1041.0,1057.0,1038.0,928.0,870.0,1177.0
1177.0,1140.0,1107.0,702.0,1005.0,949.0
949.0,1000.0,1031.0,664.0,1004.0,887.0
887.0,963.0,973.0,911.0,952.0,828.0
828.0,927.0,924.0,1155.0,870.0,1159.0
1159.0,1129.0,1054.0,1248.0,997.0,982.0
982.0,1022.0,1026.0,1091.0,1018.0,1191.0
1191.0,1149.0,1109.0,1121.0,1135.0,1207.0
1207.0,1160.0,1150.0,999.0,1225.0,1250.0
1250.0,1185.0,1185.0,1079.0,1294.0,1207.0
1207.0,1159.0,1180.0,1347.0,1294.0,1291.0
1291.0,1212.0,1217.0,1449.0,1314.0,1353.0
1353.0,1249.0,1259.0,1291.0,1352.0,2495.0
2495.0,1963.0,1803.0,1695.0,2008.0,1759.0
1759.0,1502.0,1679.0,1938.0,2111.0,1654.0
1654.0,1438.0,1582.0,2189.0,2003.0,1812.0
1812.0,1539.0,1619.0,1927.0,1925.0,1922.0
1922.0,1612.0,1687.0,1552.0,1907.0,1302.0
1302.0,1223.0,1424.0,1321.0,1560.0,1411.0
1411.0,1291.0,1370.0,1610.0,1348.0,1434.0
1434.0,1306.0,1360.0,1532.0,1263.0,1346.0
1346.0,1252.0,1315.0,1305.0,1220.0,935.0
935.0,998.0,1109.0,1053.0,1007.0,929.0
929.0,995.0,1025.0,1008.0,864.0,1047.0
1047.0,1068.0,1047.0,949.0,870.0,1189.0
1189.0,1155.0,1119.0,1005.0,1007.0,950.0
950.0,1009.0,1039.0,1045.0,1006.0,894.0
894.0,975.0,983.0,1104.0,957.0,836.0
836.0,939.0,934.0,918.0,875.0,1162.0
1162.0,1139.0,1064.0,885.0,1002.0,988.0
988.0,1033.0,1036.0,867.0,1024.0,1289.0
1289.0,1217.0,1161.0,1257.0,1189.0,1214.0
1214.0,1173.0,1178.0,1333.0,1271.0,1264.0
1264.0,1203.0,1205.0,1328.0,1327.0,1214.0
1214.0,1172.0,1194.0,1193.0,1311.0,1299.0
1299.0,1225.0,1229.0,1195.0,1319.0,1367.0
1367.0,1267.0,1273.0,1291.0,1355.0,2503.0
2503.0,1977.0,1817.0,1963.0,2004.0,1766.0
1766.0,1515.0,1689.0,1917.0,2108.0,1665.0
1665.0,1454.0,1593.0,2174.0,2010.0,1820.0
1820.0,1553.0,1629.0,1921.0,1937.0,1931.0
1931.0,1626.0,1697.0,1577.0,1921.0,1304.0
1304.0,1233.0,1429.0,1353.0,1574.0,1418.0
1418.0,1304.0,1378.0,1634.0,1360.0,1446.0
1446.0,1322.0,1371.0,1517.0,1274.0,1363.0
1363.0,1271.0,1330.0,1292.0,1233.0,941.0
941.0,1010.0,1119.0,1063.0,1019.0,940.0
940.0,1010.0,1037.0,1053.0,876.0,1052.0
1052.0,1080.0,1057.0,973.0,877.0,1197.0
1197.0,1169.0,1131.0,1003.0,1010.0,958.0
958.0,1022.0,1050.0,1029.0,1010.0,896.0
896.0,984.0,991.0,1101.0,960.0,840.0
840.0,950.0,942.0,928.0,882.0,1171.0
1171.0,1153.0,1075.0,908.0,1007.0,990.0
990.0,1043.0,1044.0,877.0,1027.0,1311.0
1311.0,1239.0,1178.0,1277.0,1201.0,1219.0
1219.0,1184.0,1189.0,1327.0,1281.0,1272.0
1272.0,1216.0,1217.0,1328.0,1337.0,1221.0
1221.0,1185.0,1205.0,1200.0,1320.0,1302.0
1302.0,1235.0,1237.0,1212.0,1325.0,1377.0
1377.0,1281.0,1284.0,1308.0,1361.0,2510.0
2510.0,1988.0,1828.0,1994.0,1998.0,1784.0
1784.0,1534.0,1702.0,1905.0,2115.0,1679.0
1679.0,1470.0,1605.0,2164.0,2026.0,1824.0
1824.0,1562.0,1637.0,1922.0,1952.0,1938.0
1938.0,1636.0,1705.0,1598.0,1933.0,1313.0
1313.0,1246.0,1437.0,1368.0,1588.0,1435.0
1435.0,1322.0,1391.0,1655.0,1377.0,1450.0
1450.0,1332.0,1380.0,1513.0,1285.0,1367.0
1367.0,1281.0,1338.0,1287.0,1238.0,945.0
945.0,1021.0,1126.0,1063.0,1023.0,948.0
948.0,1023.0,1046.0,1071.0,881.0,1350.0
1350.0,1270.0,1201.0,1141.0,1039.0,1224.0
1224.0,1193.0,1203.0,1084.0,1152.0,978.0
978.0,1043.0,1090.0,1173.0,1104.0,914.0
914.0,1004.0,1018.0,1144.0,1005.0,847.0
847.0,963.0,960.0,856.0,886.0,1180.0
1180.0,1167.0,1090.0,871.0,988.0,998.0
998.0,1057.0,1058.0,915.0,1003.0,1354.0
1354.0,1273.0,1206.0,1370.0,1199.0,1231.0
1231.0,1199.0,1209.0,1340.0,1290.0,1290.0
1290.0,1234.0,1236.0,1309.0,1356.0,1261.0
1261.0,1217.0,1234.0,1206.0,1357.0,1324.0
1324.0,1256.0,1261.0,1258.0,1363.0,1395.0
1395.0,1299.0,1304.0,1367.0,1393.0,2575.0
2575.0,2031.0,1869.0,2080.0,2033.0,1802.0
1802.0,1551.0,1726.0,1891.0,2144.0,1713.0
1713.0,1497.0,1632.0,2177.0,2062.0,1846.0
1846.0,1581.0,1658.0,1941.0,1984.0,1943.0
1943.0,1645.0,1716.0,1616.0,1951.0,1525.0
1525.0,1385.0,1542.0,1492.0,1710.0,1455.0
1455.0,1342.0,1443.0,1719.0,1482.0,1477.0
1477.0,1356.0,1415.0,1613.0,1357.0,1379.0
1379.0,1296.0,1359.0,1301.0,1270.0,962.0
962.0,1040.0,1145.0,1019.0,1033.0,952.0
952.0,1034.0,1059.0,1060.0,873.0,1358.0
1358.0,1283.0,1214.0,1194.0,1021.0,1232.0
1232.0,1206.0,1214.0,1116.0,1136.0,995.0
995.0,1062.0,1106.0,1169.0,1104.0,927.0
927.0,1021.0,1034.0,1126.0,1019.0,861.0
861.0,981.0,976.0,856.0,909.0,1184.0
1184.0,1178.0,1103.0,909.0,1003.0,1006.0
1006.0,1070.0,1070.0,951.0,1015.0,1361.0
1361.0,1285.0,1218.0,1396.0,1204.0,1253.0
1253.0,1221.0,1227.0,1329.0,1300.0,1297.0
1297.0,1247.0,1249.0,1293.0,1365.0,1281.0
1281.0,1238.0,1251.0,1229.0,1373.0,1333.0
1333.0,1270.0,1276.0,1296.0,1378.0,1412.0
1412.0,1318.0,1321.0,1362.0,1410.0,2594.0
2594.0,2049.0,1887.0,2021.0,2038.0,1853.0
1853.0,1590.0,1759.0,1930.0,2172.0,1752.0
1752.0,1529.0,1663.0,1835.0,2107.0,1881.0
1881.0,1611.0,1689.0,1859.0,2036.0,1949.0
1949.0,1656.0,1733.0,1907.0,1985.0,1552.0
1552.0,1410.0,1562.0,1719.0,1742.0,1474.0
1474.0,1362.0,1461.0,1589.0,1508.0,1489.0
1489.0,1372.0,1430.0,1536.0,1372.0,1388.0
1388.0,1310.0,1371.0,1457.0,1277.0,1127.0
1127.0,1150.0,1228.0,1281.0,1119.0,964.0
964.0,1050.0,1099.0,1111.0,1057.0,1364.0
1364.0,1296.0,1236.0,1246.0,1062.0,1239.0
1239.0,1219.0,1229.0,1242.0,1149.0,999.0
999.0,1073.0,1117.0,1112.0,1100.0,945.0
945.0,1041.0,1050.0,1023.0,1015.0,863.0
863.0,991.0,987.0,937.0,904.0,1191.0
1191.0,1191.0,1114.0,1073.0,1002.0,1017.0
1017.0,1085.0,1083.0,1043.0,1019.0,1375.0
1375.0,1303.0,1234.0,1219.0,1211.0,1278.0
1278.0,1245.0,1248.0,1435.0,1315.0,1303.0
1303.0,1259.0,1264.0,1279.0,1374.0,1301.0
1301.0,1258.0,1269.0,1291.0,1394.0,1351.0
1351.0,1290.0,1295.0,1323.0,1401.0,1429.0
1429.0,1337.0,1340.0,1353.0,1430.0,2620.0
2620.0,2074.0,1911.0,2046.0,2049.0,1876.0
1876.0,1612.0,1780.0,1953.0,2188.0,1772.0
1772.0,1550.0,1682.0,2164.0,2121.0,1905.0
1905.0,1634.0,1711.0,1882.0,2063.0,1959.0
1959.0,1671.0,1748.0,1923.0,2008.0,1565.0
1565.0,1426.0,1576.0,1733.0,1764.0,1494.0
1494.0,1383.0,1478.0,1605.0,1531.0,1679.0
1679.0,1498.0,1528.0,1645.0,1480.0,1406.0
1406.0,1329.0,1420.0,1518.0,1369.0,1133.0
1133.0,1161.0,1252.0,1312.0,1178.0,969.0
969.0,1060.0,1112.0,1127.0,1066.0,1375.0
1375.0,1310.0,1250.0,1260.0,1059.0,1245.0
1245.0,1231.0,1240.0,1252.0,1131.0,1010.0
1010.0,1087.0,1129.0,1122.0,1084.0,957.0
957.0,1055.0,1063.0,1034.0,1006.0,879.0
879.0,1008.0,1002.0,951.0,909.0,1197.0
1197.0,1202.0,1127.0,1083.0,1011.0,1033.0
1033.0,1103.0,1098.0,1056.0,1033.0,1388.0
1388.0,1319.0,1250.0,1233.0,1224.0,1304.0
1304.0,1269.0,1270.0,1271.0,1331.0,1333.0
1333.0,1286.0,1289.0,1305.0,1398.0,1334.0
1334.0,1287.0,1297.0,1320.0,1428.0,1367.0
1367.0,1307.0,1316.0,1346.0,1428.0,1459.0
1459.0,1364.0,1365.0,1401.0,1460.0,2644.0
2644.0,2099.0,1938.0,2073.0,2066.0,1902.0
1902.0,1637.0,1805.0,1979.0,2194.0,1815.0
1815.0,1586.0,1714.0,2166.0,2144.0,1933.0
1933.0,1662.0,1739.0,1914.0,2094.0,1981.0
1981.0,1694.0,1773.0,1950.0,2043.0,1582.0
1582.0,1445.0,1596.0,1754.0,1801.0,1505.0
1505.0,1398.0,1493.0,1620.0,1566.0,1694.0
1694.0,1516.0,1544.0,1660.0,1510.0,1421.0
1421.0,1347.0,1436.0,1532.0,1389.0,1151.0
1151.0,1179.0,1268.0,1327.0,1193.0,986.0
986.0,1078.0,1129.0,1143.0,1082.0,1395.0
1395.0,1331.0,1270.0,1279.0,1080.0,1267.0
1267.0,1252.0,1261.0,1272.0,1148.0,1332.0
1332.0,1293.0,1289.0,1304.0,1249.0,964.0
964.0,1067.0,1128.0,1122.0,1141.0,891.0
891.0,1022.0,1035.0,998.0,996.0,1206.0
1206.0,1216.0,1147.0,1110.0,1050.0,1042.0
1042.0,1116.0,1113.0,1073.0,1037.0,1391.0
1391.0,1329.0,1261.0,1243.0,1203.0,1318.0
1318.0,1286.0,1283.0,1283.0,1307.0,1346.0
1346.0,1302.0,1304.0,1317.0,1381.0,1366.0
1366.0,1314.0,1321.0,1344.0,1426.0,1373.0
1373.0,1319.0,1331.0,1359.0,1438.0,1476.0
1476.0,1382.0,1382.0,1455.0,1479.0,2744.0
2744.0,2171.0,1997.0,2136.0,2124.0,1925.0
1925.0,1660.0,1839.0,2020.0,2241.0,1851.0
1851.0,1616.0,1747.0,1930.0,2188.0,1964.0
1964.0,1689.0,1769.0,1948.0,2133.0,2018.0
2018.0,1725.0,1805.0,1985.0,2085.0,1615.0
1615.0,1474.0,1626.0,1788.0,1844.0,1527.0
1527.0,1419.0,1518.0,1648.0,1606.0,1710.0
1710.0,1534.0,1564.0,1681.0,1544.0,1426.0
1426.0,1358.0,1448.0,1545.0,1408.0,1157.0
1157.0,1191.0,1278.0,1336.0,1204.0,998.0
998.0,1093.0,1142.0,1153.0,1095.0,1410.0
1410.0,1348.0,1285.0,1292.0,1091.0,1290.0
1290.0,1274.0,1281.0,1291.0,1161.0,1338.0
1338.0,1304.0,1302.0,1316.0,1256.0,973.0
973.0,1081.0,1141.0,1132.0,1147.0,908.0
908.0,1041.0,1051.0,1011.0,1009.0,1212.0
1212.0,1228.0,1160.0,1119.0,1061.0,1046.0
1046.0,1126.0,1123.0,1080.0,1045.0,1406.0
1406.0,1346.0,1275.0,1254.0,1211.0,1328.0
1328.0,1300.0,1297.0,1294.0,1313.0,1358.0
1358.0,1317.0,1318.0,1329.0,1388.0,1368.0
1368.0,1323.0,1330.0,1350.0,1429.0,1379.0
1379.0,1331.0,1341.0,1366.0,1440.0,1485.0
1485.0,1396.0,1393.0,1539.0,1484.0,2754.0
2754.0,2185.0,2010.0,2145.0,2125.0,1941.0
1941.0,1677.0,1853.0,2033.0,2242.0,1865.0
1865.0,1633.0,1761.0,1943.0,2195.0,1969.0
1969.0,1699.0,1779.0,1957.0,2142.0,2025.0
2025.0,1737.0,1814.0,1993.0,2097.0,1626.0
1626.0,1488.0,1637.0,1797.0,1861.0,1547.0
1547.0,1439.0,1534.0,1663.0,1632.0,1715.0
1715.0,1544.0,1575.0,1691.0,1567.0,1433.0
1433.0,1370.0,1458.0,1553.0,1427.0,1163.0
1163.0,1203.0,1288.0,1343.0,1219.0,1002.0
1002.0,1104.0,1150.0,1159.0,1010.0,1415.0
1415.0,1359.0,1294.0,1297.0,1098.0,1297.0
1297.0,1286.0,1291.0,1297.0,1164.0,1342.0
1342.0,1315.0,1311.0,1321.0,1255.0,980.0
980.0,1093.0,1150.0,1138.0,1147.0,912.0
912.0,1051.0,1060.0,1016.0,1012.0,1218.0
1218.0,1239.0,1170.0,1125.0,1067.0,1066.0
1066.0,1147.0,1139.0,1093.0,1058.0,1445.0
1445.0,1378.0,1303.0,1281.0,1238.0,1334.0
1334.0,1311.0,1313.0,1310.0,1333.0,1369.0
1369.0,1332.0,1332.0,1342.0,1403.0,1371.0
1371.0,1333.0,1340.0,1358.0,1436.0,1382.0
1382.0,1340.0,1349.0,1371.0,1443.0,1491.0
1491.0,1407.0,1402.0,1541.0,1485.0,2782.0
2782.0,2208.0,2029.0,2163.0,2130.0,1956.0
1956.0,1694.0,1869.0,2049.0,2248.0,1874.0
1874.0,1645.0,1773.0,1955.0,2204.0,1975.0
1975.0,1709.0,1788.0,1966.0,2152.0,2037.0
2037.0,1751.0,1825.0,2004.0,2110.0,1634.0
1634.0,1500.0,1646.0,1806.0,1876.0,1549.0
1549.0,1448.0,1540.0,1668.0,1646.0,1728.0
1728.0,1559.0,1587.0,1700.0,1584.0,1437.0
1437.0,1380.0,1467.0,1559.0,1440.0,1163.0
1163.0,1211.0,1294.0,1346.0,1228.0,1015.0
1015.0,1120.0,1162.0,1167.0,1022.0,1432.0
1432.0,1377.0,1310.0,1310.0,1112.0,1305.0
1305.0,1299.0,1304.0,1307.0,1175.0,1344.0
1344.0,1324.0,1321.0,1327.0,1258.0,988.0
988.0,1107.0,1161.0,1145.0,1151.0,923.0
923.0,1067.0,1072.0,1025.0,1020.0,1226.0
1226.0,1252.0,1182.0,1133.0,1075.0,1073.0
1073.0,1159.0,1151.0,1101.0,1066.0,1452.0
1452.0,1390.0,1314.0,1289.0,1243.0,1348.0
1348.0,1328.0,1327.0,1321.0,1340.0,1381.0
1381.0,1347.0,1346.0,1353.0,1411.0,1408.0
1408.0,1364.0,1366.0,1383.0,1457.0,1400.0
1400.0,1359.0,1370.0,1392.0,1467.0,1520.0
1520.0,1433.0,1427.0,1571.0,1514.0,2802.0
2802.0,2225.0,2051.0,2186.0,2152.0,1971.0
1971.0,1709.0,1885.0,2068.0,2262.0,1898.0
1898.0,1667.0,1792.0,1977.0,2220.0,2003.0
2003.0,1733.0,1810.0,1991.0,2174.0,2056.0
2056.0,1769.0,1844.0,2026.0,2134.0,1652.0
1652.0,1519.0,1664.0,1826.0,1901.0,1575.0
1575.0,1471.0,1561.0,1691.0,1677.0,1740.0
1740.0,1574.0,1603.0,1717.0,1608.0,1465.0
1465.0,1405.0,1489.0,1582.0,1468.0,1186.0
1186.0,1233.0,1315.0,1369.0,1256.0,1032.0
1032.0,1139.0,1181.0,1186.0,1048.0,1443.0
1443.0,1392.0,1326.0,1325.0,1131.0,1310.0
1310.0,1310.0,1315.0,1317.0,1182.0,1352.0
1352.0,1337.0,1332.0,1336.0,1261.0,991.0
991.0,1117.0,1170.0,1150.0,1150.0,931.0
931.0,1080.0,1083.0,1032.0,1023.0,1240.0
1240.0,1269.0,1196.0,1144.0,1082.0,1083.0
1083.0,1174.0,1164.0,1111.0,1075.0,1497.0
1497.0,1425.0,1344.0,1318.0,1269.0,1356.0
1356.0,1340.0,1345.0,1339.0,1361.0,1404.0
1404.0,1369.0,1367.0,1374.0,1434.0,1419.0
1419.0,1378.0,1382.0,1398.0,1475.0,1413.0
1413.0,1374.0,1385.0,1406.0,1482.0,1546.0
1546.0,1456.0,1447.0,1481.0,1533.0,2821.0
2821.0,2242.0,2071.0,2206.0,2165.0,2012.0
2012.0,1741.0,1913.0,2099.0,2285.0,1932.0
1932.0,1694.0,1820.0,2009.0,2252.0,2036.0
2036.0,1761.0,1838.0,2024.0,2211.0,2071.0
2071.0,1785.0,1863.0,2049.0,2165.0,1681.0
1681.0,1544.0,1686.0,1852.0,1934.0,1595.0
1595.0,1491.0,1581.0,1714.0,1707.0,1760.0
1760.0,1593.0,1622.0,1739.0,1634.0,1479.0
1479.0,1421.0,1505.0,1599.0,1488.0,1204.0
1204.0,1252.0,1332.0,1386.0,1275.0,1052.0
1052.0,1160.0,1200.0,1205.0,1151.0,1462.0
1462.0,1411.0,1346.0,1344.0,1150.0,1324.0
1324.0,1327.0,1333.0,1333.0,1196.0,1364.0
1364.0,1352.0,1347.0,1350.0,1271.0,1002.0
1002.0,1132.0,1184.0,1162.0,1159.0,939.0
939.0,1094.0,1096.0,1042.0,1030.0,1258.0
1258.0,1288.0,1214.0,1158.0,1094.0,1101.0
1101.0,1193.0,1183.0,1128.0,1090.0,1520.0
1520.0,1446.0,1365.0,1337.0,1285.0,1368.0
1368.0,1356.0,1363.0,1355.0,1376.0,1432.0
1432.0,1394.0,1390.0,1397.0,1454.0,1443.0
1443.0,1401.0,1405.0,1422.0,1498.0,1430.0
1430.0,1393.0,1404.0,1426.0,1503.0,1575.0
1575.0,1482.0,1472.0,1507.0,1558.0,2837.0
2837.0,2261.0,2095.0,2231.0,2181.0,2181.0
2181.0,1856.0,2005.0,2203.0,2369.0,1957.0
1957.0,1720.0,1866.0,2069.0,2326.0,2063.0
2063.0,1788.0,1870.0,2066.0,2272.0,2088.0
2088.0,1806.0,1886.0,2078.0,2205.0,1700.0
1700.0,1565.0,1704.0,1874.0,1961.0,1629.0
1629.0,1521.0,1606.0,1741.0,1733.0,1785.0
1785.0,1618.0,1646.0,1765.0,1658.0,1498.0
1498.0,1441.0,1524.0,1620.0,1508.0,1221.0
1221.0,1270.0,1349.0,1403.0,1292.0,1061.0
1061.0,1172.0,1212.0,1215.0,1083.0,1468.0
1468.0,1423.0,1359.0,1353.0,1413.0,1357.0
1357.0,1355.0,1356.0,1355.0,1212.0,1379.0
1379.0,1369.0,1367.0,1368.0,1286.0,1016.0
1016.0,1147.0,1198.0,1177.0,1127.0,949.0
949.0,1106.0,1108.0,1052.0,1027.0,1271.0
1271.0,1303.0,1230.0,1171.0,1107.0,1109.0
1109.0,1205.0,1196.0,1138.0,1100.0,1534.0
1534.0,1464.0,1383.0,1352.0,1294.0,1387.0
1387.0,1376.0,1382.0,1372.0,1402.0,1465.0
1465.0,1422.0,1416.0,1423.0,1475.0,1467.0
1467.0,1424.0,1429.0,1447.0,1523.0,1459.0
1459.0,1419.0,1430.0,1454.0,1532.0,1586.0
1586.0,1497.0,1491.0,1526.0,1581.0,2863.0
2863.0,2291.0,2126.0,2262.0,2548.0,2208.0
2208.0,1884.0,2030.0,2232.0,2325.0,1992.0
1992.0,1752.0,1892.0,2100.0,2353.0,2098.0
2098.0,1820.0,1900.0,2099.0,2128.0,2104.0
2104.0,1826.0,1907.0,2102.0,2138.0,1716.0
1716.0,1584.0,1719.0,1891.0,1859.0,1647.0
1647.0,1541.0,1622.0,1757.0,1730.0,1792.0
1792.0,1632.0,1659.0,1776.0,1800.0,1525.0
1525.0,1466.0,1543.0,1638.0,1630.0,1224.0
1224.0,1279.0,1358.0,1410.0,1306.0,1146.0
1146.0,1231.0,1257.0,1264.0,1230.0,1472.0
1472.0,1434.0,1382.0,1379.0,1434.0,1377.0
1377.0,1375.0,1377.0,1378.0,1420.0,1401.0
1401.0,1391.0,1388.0,1391.0,1434.0,1021.0
1021.0,1157.0,1210.0,1187.0,1158.0,960.0
960.0,1119.0,1120.0,1062.0,1038.0,1277.0
1277.0,1315.0,1242.0,1180.0,1239.0,1119.0
1119.0,1218.0,1208.0,1049.0,1105.0,1547.0
1547.0,1480.0,1399.0,1359.0,1298.0,1401.0
1401.0,1393.0,1398.0,1386.0,1396.0,1472.0
1472.0,1435.0,1429.0,1434.0,1492.0,1490.0
1490.0,1446.0,1449.0,1465.0,1537.0,1475.0
1475.0,1437.0,1448.0,1471.0,1512.0,1610.0
1610.0,1521.0,1513.0,1548.0,1609.0,2895.0
2895.0,2329.0,2165.0,2300.0,2579.0,2243.0
2243.0,1919.0,2062.0,2268.0,2359.0,2020.0
2020.0,1781.0,1917.0,2130.0,2141.0,2108.0
2108.0,1839.0,1916.0,2118.0,2145.0,2126.0
2126.0,1852.0,1927.0,2122.0,2140.0,1734.0
1734.0,1605.0,1735.0,1907.0,1879.0,1662.0
1662.0,1560.0,1636.0,1771.0,1747.0,1800.0
1800.0,1647.0,1672.0,1787.0,1812.0,1550.0
1550.0,1490.0,1561.0,1655.0,1652.0,1236.0
1236.0,1293.0,1370.0,1421.0,1377.0,1159.0
1159.0,1246.0,1270.0,1274.0,1244.0,1478.0
1478.0,1446.0,1395.0,1388.0,1444.0,1388.0
1388.0,1390.0,1391.0,1388.0,1432.0,1401.0
1401.0,1399.0,1396.0,1395.0,1312.0,1024.0
1024.0,1164.0,1214.0,1188.0,1161.0,966.0
966.0,1128.0,1127.0,1064.0,1044.0,1287.0
1287.0,1328.0,1255.0,1188.0,1249.0,1123.0
1123.0,1226.0,1217.0,1061.0,1110.0,1642.0
1642.0,1548.0,1456.0,1423.0,1342.0,1409.0
1409.0,1405.0,1424.0,1417.0,1433.0,1483.0
1483.0,1450.0,1447.0,1454.0,1467.0,1514.0
1514.0,1470.0,1470.0,1488.0,1563.0,1479.0
1479.0,1448.0,1461.0,1483.0,1521.0,1615.0
1615.0,1533.0,1524.0,1557.0,1609.0,2906.0
2906.0,2351.0,2189.0,2321.0,2593.0,2270.0
2270.0,1948.0,2084.0,2291.0,2383.0,2036.0
2036.0,1802.0,1933.0,2147.0,2159.0,2115.0
2115.0,1854.0,1927.0,2129.0,2156.0,2134.0
2134.0,1868.0,1938.0,2132.0,2148.0,1747.0
1747.0,1622.0,1745.0,1915.0,1892.0,1688.0
1688.0,1585.0,1654.0,1787.0,1769.0,1803.0
1803.0,1658.0,1683.0,1796.0,1820.0,1561.0
1561.0,1506.0,1571.0,1663.0,1663.0,1262.0
1262.0,1317.0,1386.0,1436.0,1387.0,1161.0
1161.0,1253.0,1278.0,1279.0,1228.0,1484.0
1484.0,1458.0,1407.0,1396.0,1451.0,1392.0
1392.0,1400.0,1400.0,1394.0,1437.0,1411.0
1411.0,1413.0,1409.0,1403.0,1406.0,1028.0
1028.0,1173.0,1221.0,1191.0,1168.0,975.0
975.0,1139.0,1136.0,1068.0,1053.0,1294.0
1294.0,1339.0,1268.0,1196.0,1258.0,1126.0
1126.0,1235.0,1226.0,1072.0,1188.0,1648.0
1648.0,1560.0,1470.0,1432.0,1524.0,1417.0
1417.0,1418.0,1436.0,1425.0,1440.0,1497.0
1497.0,1467.0,1462.0,1467.0,1479.0,1527.0
1527.0,1486.0,1486.0,1501.0,1553.0,1492.0
1492.0,1464.0,1476.0,1496.0,1498.0,1623.0
1623.0,1547.0,1538.0,1569.0,1625.0,2915.0
2915.0,2371.0,2213.0,2342.0,2599.0,2284.0
2284.0,1968.0,2099.0,2308.0,2396.0,2043.0
2043.0,1816.0,1940.0,2156.0,2170.0,2123.0
2123.0,1869.0,1937.0,2137.0,2165.0,2146.0
2146.0,1886.0,1949.0,2142.0,2161.0,1752.0
1752.0,1634.0,1750.0,1920.0,1902.0,1699.0
1699.0,1601.0,1662.0,1793.0,1781.0,1810.0
1810.0,1672.0,1693.0,1803.0,1829.0,1567.0
1567.0,1517.0,1579.0,1668.0,1671.0,1268.0
1268.0,1327.0,1392.0,1439.0,1397.0,1165.0
1165.0,1263.0,1284.0,1280.0,1258.0,1492.0
1492.0,1471.0,1419.0,1402.0,1459.0,1401.0
1401.0,1413.0,1412.0,1402.0,1404.0,1432.0
1432.0,1433.0,1427.0,1419.0,1465.0,1039.0
1039.0,1186.0,1233.0,1201.0,1182.0,987.0
987.0,1153.0,1148.0,1078.0,1066.0,1311.0
1311.0,1357.0,1288.0,1212.0,1275.0,1136.0
1136.0,1247.0,1241.0,1090.0,1201.0,1792.0
1792.0,1659.0,1555.0,1523.0,1624.0,1429.0
1429.0,1433.0,1470.0,1471.0,1519.0,1521.0
1521.0,1490.0,1489.0,1500.0,1546.0,1544.0
1544.0,1505.0,1507.0,1526.0,1532.0,1505.0
1505.0,1480.0,1492.0,1514.0,1552.0,1638.0
1638.0,1565.0,1556.0,1586.0,1598.0,2937.0
2937.0,2396.0,2243.0,2371.0,2615.0,2338.0
2338.0,2013.0,2136.0,2351.0,2442.0,2065.0
2065.0,1840.0,1961.0,2185.0,2200.0,2146.0
2146.0,1893.0,1957.0,2163.0,2191.0,2187.0
2187.0,1922.0,1979.0,2177.0,2197.0,1779.0
1779.0,1660.0,1772.0,1947.0,1932.0,1740.0
1740.0,1635.0,1692.0,1827.0,1820.0,1846.0
1846.0,1703.0,1724.0,1838.0,1868.0,1579.0
1579.0,1533.0,1596.0,1688.0,1691.0,1285.0
1285.0,1345.0,1406.0,1454.0,1415.0,1180.0
1180.0,1279.0,1298.0,1294.0,1278.0,1508.0
1508.0,1488.0,1438.0,1419.0,1419.0,1416.0
1416.0,1430.0,1430.0,1417.0,1417.0,1451.0
1451.0,1453.0,1446.0,1437.0,1485.0,1061.0
1061.0,1206.0,1251.0,1218.0,1207.0,999.0
999.0,1167.0,1163.0,1091.0,1083.0,1323.0
1323.0,1372.0,1305.0,1226.0,1226.0,1148.0
1148.0,1262.0,1256.0,1181.0,1216.0,1804.0
1804.0,1675.0,1575.0,1540.0,1643.0,1438.0
1438.0,1447.0,1483.0,1482.0,1530.0,1542.0
1542.0,1511.0,1508.0,1527.0,1568.0,1563.0
1563.0,1524.0,1526.0,1801.0,1544.0,1520.0
1520.0,1497.0,1509.0,1530.0,1530.0,1657.0
1657.0,1585.0,1575.0,1605.0,1604.0,2959.0
2959.0,2422.0,2276.0,2299.0,2633.0,2395.0
2395.0,2060.0,2175.0,2398.0,2398.0,2128.0
2128.0,1890.0,2005.0,2359.0,2260.0,2184.0
2184.0,1928.0,1991.0,2563.0,2236.0,2213.0
2213.0,1949.0,2006.0,2177.0,2211.0,1796.0
1796.0,1679.0,1787.0,1922.0,1957.0,1755.0
1755.0,1653.0,1706.0,1774.0,1843.0,1869.0
1869.0,1727.0,1744.0,1838.0,1858.0,1603.0
1603.0,1556.0,1615.0,1524.0,1708.0,1302.0
1302.0,1363.0,1420.0,1414.0,1468.0,1209.0
1209.0,1303.0,1319.0,1337.0,1315.0,1520.0
1520.0,1504.0,1457.0,1367.0,1436.0,1433.0
1433.0,1448.0,1448.0,1354.0,1434.0,1464.0
1464.0,1469.0,1462.0,1371.0,1452.0,1069.0
1069.0,1217.0,1259.0,1263.0,1226.0,1009.0
1009.0,1178.0,1173.0,1115.0,1098.0,1330.0
1330.0,1383.0,1319.0,1340.0,1235.0,1161.0
1161.0,1276.0,1270.0,1003.0,1191.0,1951.0
1951.0,1777.0,1665.0,1635.0,1634.0,1451.0
1451.0,1462.0,1517.0,1381.0,1528.0,1553.0
1553.0,1525.0,1527.0,1572.0,1543.0,1576.0
1576.0,1540.0,1542.0,1857.0,1562.0,1528.0
1528.0,1509.0,1521.0,1346.0,1542.0,1685.0
1685.0,1610.0,1597.0,1626.0,1626.0,2967.0
2967.0,2434.0,2295.0,2277.0,2420.0,2411.0
2411.0,2077.0,2189.0,2245.0,2415.0,2162.0
2162.0,1919.0,2028.0,2373.0,2265.0,2206.0
2206.0,1949.0,2012.0,2564.0,2230.0,2227.0
2227.0,1965.0,2021.0,2211.0,2228.0,1815.0
1815.0,1698.0,1803.0,2081.0,1985.0,1768.0
1768.0,1668.0,1720.0,1806.0,1857.0,1901.0
1901.0,1755.0,1768.0,1868.0,1883.0,1614.0
1614.0,1570.0,1630.0,1542.0,1724.0,1312.0
1312.0,1376.0,1432.0,1431.0,1480.0,1219.0
1219.0,1317.0,1331.0,1350.0,1324.0,1533.0
1533.0,1519.0,1472.0,1380.0,1448.0,1446.0
1446.0,1463.0,1463.0,1369.0,1447.0,1471.0
1471.0,1480.0,1474.0,1376.0,1461.0,1084.0
1084.0,1233.0,1273.0,1275.0,1238.0,1030.0
1030.0,1199.0,1192.0,1127.0,1114.0,1341.0
1341.0,1397.0,1336.0,1356.0,1249.0,1171.0
1171.0,1289.0,1283.0,1020.0,1203.0,2063.0
2063.0,1855.0,1734.0,1707.0,1706.0,1467.0
1467.0,1479.0,1547.0,1397.0,1567.0,1598.0
1598.0,1561.0,1563.0,1621.0,1585.0,1582.0
1582.0,1551.0,1559.0,1899.0,1583.0,1596.0
1596.0,1560.0,1565.0,1370.0,1591.0,1714.0
1714.0,1635.0,1629.0,1953.0,1664.0,2984.0
2984.0,2451.0,2318.0,2276.0,2447.0,2434.0
2434.0,2099.0,2210.0,2302.0,2439.0,2197.0
2197.0,1948.0,2054.0,2367.0,2296.0,2231.0
2231.0,1972.0,2035.0,2588.0,2258.0,2243.0
2243.0,1982.0,2039.0,2224.0,2249.0,1830.0
1830.0,1715.0,1818.0,2094.0,2001.0,1792.0
1792.0,1691.0,1739.0,1843.0,1877.0,1922.0
1922.0,1775.0,1788.0,1884.0,1904.0,1623.0
1623.0,1583.0,1643.0,1570.0,1737.0,1323.0
1323.0,1390.0,1444.0,1441.0,1491.0,1228.0
1228.0,1329.0,1343.0,1363.0,1333.0,1550.0
1550.0,1537.0,1490.0,1397.0,1463.0,1465.0
1465.0,1482.0,1481.0,1384.0,1464.0,1484.0
1484.0,1496.0,1490.0,1391.0,1476.0,1094.0
1094.0,1247.0,1286.0,1284.0,1249.0,1045.0
1045.0,1215.0,1208.0,1141.0,1127.0,1353.0
1353.0,1412.0,1351.0,1370.0,1262.0,1187.0
1187.0,1306.0,1300.0,1037.0,1217.0,2094.0
2094.0,1882.0,1761.0,1784.0,1733.0,1481.0
1481.0,1495.0,1564.0,1412.0,1585.0,1619.0
1619.0,1581.0,1582.0,1635.0,1605.0,1602.0
1602.0,1571.0,1578.0,1919.0,1603.0,1612.0
1612.0,1577.0,1583.0,1380.0,1609.0,1727.0
1727.0,1651.0,1644.0,1972.0,1679.0,2998.0
2998.0,2467.0,2336.0,2296.0,2465.0,2469.0
2469.0,2128.0,2235.0,2329.0,2467.0,2408.0
2408.0,2092.0,2178.0,2499.0,2432.0,2265.0
2265.0,2002.0,2089.0,2615.0,2333.0,2262.0
2262.0,2002.0,2067.0,2287.0,2291.0,1836.0
1836.0,1726.0,1830.0,2159.0,2020.0,1818.0
1818.0,1715.0,1760.0,1829.0,1899.0,1939.0
1939.0,1793.0,1807.0,1948.0,1923.0,1636.0
1636.0,1598.0,1657.0,1544.0,1752.0,1352.0
1352.0,1415.0,1467.0,1487.0,1512.0,1252.0
1252.0,1352.0,1365.0,1371.0,1355.0,1558.0
1558.0,1549.0,1505.0,1454.0,1477.0,1470.0
1470.0,1493.0,1492.0,1417.0,1473.0,1487.0
1487.0,1505.0,1499.0,1381.0,1481.0,1097.0
1097.0,1255.0,1293.0,1301.0,1251.0,1048.0
1048.0,1224.0,1215.0,1125.0,1129.0,1357.0
1357.0,1421.0,1361.0,1377.0,1266.0,1191.0
1191.0,1315.0,1308.0,1045.0,1221.0,2101.0
2101.0,1895.0,1775.0,1743.0,1743.0,1490.0
1490.0,1508.0,1575.0,1435.0,1594.0,1640.0
1640.0,1602.0,1601.0,1634.0,1621.0,1609.0
1609.0,1582.0,1591.0,1925.0,1614.0,1618.0
1618.0,1588.0,1593.0,1521.0,1616.0,1732.0
1732.0,1661.0,1654.0,1686.0,1686.0,3017.0
3017.0,2488.0,2358.0,2325.0,2485.0,2473.0
2473.0,2139.0,2246.0,2337.0,2478.0,2430.0
2430.0,2114.0,2196.0,2507.0,2449.0,2276.0
2276.0,2017.0,2102.0,2616.0,2345.0,2273.0
2273.0,2017.0,2080.0,2283.0,2302.0,1843.0
1843.0,1738.0,1839.0,2172.0,2027.0,1830.0
1830.0,1730.0,1772.0,1836.0,1908.0,1947.0
1947.0,1806.0,1819.0,1969.0,1932.0,1646.0
1646.0,1612.0,1668.0,1760.0,1760.0,1360.0
1360.0,1428.0,1477.0,1518.0,1518.0,1257.0
1257.0,1362.0,1374.0,1360.0,1360.0,1561.0
1561.0,1558.0,1514.0,1419.0,1482.0,1472.0
1472.0,1501.0,1500.0,1425.0,1476.0,1495.0
1495.0,1517.0,1510.0,1388.0,1487.0,1105.0
1105.0,1267.0,1303.0,1304.0,1257.0,1057.0
1057.0,1236.0,1226.0,1128.0,1136.0,1373.0
1373.0,1438.0,1378.0,1392.0,1279.0,1195.0
1195.0,1325.0,1319.0,1057.0,1228.0,2110.0
2110.0,1908.0,1790.0,1798.0,1754.0,1498.0
1498.0,1520.0,1585.0,1602.0,1602.0,1645.0
1645.0,1613.0,1610.0,1628.0,1628.0,1619.0
1619.0,1596.0,1603.0,1623.0,1623.0,1624.0
1624.0,1599.0,1604.0,1623.0,1623.0,1740.0
1740.0,1674.0,1666.0,1694.0,1694.0,3031.0
3031.0,2504.0,2377.0,2503.0,2502.0,2480.0
2480.0,2151.0,2256.0,2489.0,2489.0,2442.0
2442.0,2129.0,2208.0,2460.0,2460.0,2290.0
2290.0,2033.0,2115.0,2358.0,2358.0,2284.0
2284.0,2031.0,2091.0,2313.0,2313.0,1859.0
1859.0,1755.0,1853.0,2039.0,2039.0,1841.0
1841.0,1744.0,1784.0,1918.0,1918.0,1961.0
1961.0,1822.0,1834.0,1944.0,1944.0,1656.0
1656.0,1625.0,1681.0,1769.0,1770.0,1369.0
1369.0,1440.0,1487.0,1525.0,1526.0,1267.0
1267.0,1375.0,1385.0,1367.0,1368.0,1568.0
1568.0,1570.0,1525.0,1490.0,1490.0,1480.0
1480.0,1513.0,1511.0,1484.0,1484.0,1505.0
1505.0,1530.0,1522.0,1497.0,1497.0,1113.0
1113.0,1278.0,1313.0,1263.0,1263.0,1066.0
1066.0,1248.0,1237.0,1143.0,1143.0,1383.0
1383.0,1451.0,1391.0,1289.0,1289.0,1207.0
1207.0,1339.0,1332.0,1075.0,1239.0,2192.0
2192.0,1968.0,1845.0,1854.0,1813.0,1513.0
1513.0,1537.0,1610.0,1633.0,1633.0,1666.0
1666.0,1633.0,1632.0,1653.0,1653.0,1675.0
1675.0,1639.0,1642.0,1666.0,1666.0,1641.0
1641.0,1617.0,1627.0,1651.0,1651.0,1757.0
1757.0,1692.0,1685.0,1715.0,1715.0,3070.0
3070.0,2536.0,2409.0,2540.0,2538.0,2500.0
2500.0,2170.0,2278.0,2515.0,2515.0,2456.0
2456.0,2145.0,2224.0,2479.0,2479.0,2316.0
2316.0,2056.0,2136.0,2380.0,2380.0,2366.0
2366.0,2091.0,2145.0,2372.0,2372.0,1875.0
1875.0,1772.0,1878.0,2070.0,2071.0,1855.0
1855.0,1760.0,1802.0,1938.0,1939.0,1990.0
1990.0,1848.0,1858.0,1970.0,1970.0,1700.0
1700.0,1660.0,1714.0,1806.0,1806.0,1376.0
1376.0,1451.0,1503.0,1543.0,1543.0,1287.0
1287.0,1394.0,1404.0,1386.0,1386.0,1580.0
1580.0,1584.0,1541.0,1505.0,1505.0,1495.0
1495.0,1529.0,1527.0,1499.0,1499.0,1514.0
1514.0,1543.0,1535.0,1508.0,1508.0,1126.0
1126.0,1294.0,1327.0,1274.0,1275.0,1083.0
1083.0,1266.0,1254.0,1157.0,1157.0,1396.0
1396.0,1467.0,1406.0,1303.0,1303.0,1390.0
1390.0,1464.0,1439.0,1356.0,1356.0,2238.0
2238.0,2005.0,1903.0,1891.0,1890.0,1547.0
1547.0,1566.0,1645.0,1682.0,1682.0,1691.0
1691.0,1656.0,1658.0,1688.0,1688.0,1695.0
1695.0,1659.0,1664.0,1692.0,1692.0,1669.0
1669.0,1642.0,1651.0,1678.0,1678.0,1778.0
1778.0,1712.0,1707.0,1739.0,1739.0,3086.0
3086.0,2555.0,2430.0,2564.0,2562.0,2521.0
2521.0,2191.0,2297.0,2537.0,2537.0,2483.0
2483.0,2170.0,2247.0,2504.0,2504.0,2354.0
2354.0,2088.0,2166.0,2413.0,2413.0,2381.0
2381.0,2108.0,2164.0,2393.0,2393.0,1893.0
1893.0,1791.0,1895.0,2088.0,2089.0,1878.0
1878.0,1782.0,1822.0,1959.0,1959.0,2015.0
2015.0,1871.0,1881.0,1993.0,1993.0,1757.0
1757.0,1704.0,1754.0,1849.0,1849.0,1389.0
1389.0,1466.0,1522.0,1566.0,1566.0,1299.0
1299.0,1409.0,1419.0,1401.0,1401.0,1584.0
1584.0,1594.0,1552.0,1514.0,1514.0,1506.0
1506.0,1543.0,1540.0,1509.0,1509.0,1534.0
1534.0,1563.0,1553.0,1524.0,1524.0,1133.0
1133.0,1305.0,1338.0,1284.0,1284.0,1087.0
1087.0,1275.0,1263.0,1162.0,1163.0,1399.0
1399.0,1475.0,1416.0,1308.0,1308.0,1574.0
1574.0,1588.0,1546.0,1471.0,1470.0,2269.0
2269.0,2033.0,1954.0,1960.0,1959.0,1560.0
1560.0,1581.0,1665.0,1715.0,1715.0,1720.0
1720.0,1682.0,1683.0,1718.0,1718.0,1733.0
1733.0,1690.0,1695.0,1727.0,1727.0,1685.0
1685.0,1659.0,1671.0,1701.0,1701.0,1804.0
1804.0,1736.0,1730.0,1765.0,1764.0,3119.0
3119.0,2585.0,2465.0,2601.0,2600.0,2558.0
2558.0,2224.0,2327.0,2574.0,2573.0,2506.0
2506.0,2193.0,2269.0,2532.0,2532.0,2378.0
2378.0,2112.0,2187.0,2437.0,2437.0,2410.0
2410.0,2135.0,2188.0,2421.0,2421.0,1900.0
1900.0,1803.0,1905.0,2100.0,2101.0,1897.0
1897.0,1802.0,1838.0,1974.0,1975.0,2036.0
2036.0,1892.0,1900.0,2012.0,2013.0,1770.0
1770.0,1720.0,1768.0,1863.0,1863.0,1395.0
1395.0,1477.0,1531.0,1573.0,1573.0,1314.0
1314.0,1425.0,1433.0,1412.0,1412.0,1592.0
1592.0,1606.0,1565.0,1524.0,1524.0,1525.0
1525.0,1562.0,1558.0,1524.0,1524.0,1547.0
1547.0,1578.0,1569.0,1538.0,1538.0,1144.0
1144.0,1318.0,1350.0,1294.0,1294.0,1096.0
1096.0,1287.0,1274.0,1171.0,1171.0,1409.0
1409.0,1488.0,1430.0,1319.0,1318.0,1794.0
1794.0,1736.0,1677.0,1620.0,1612.0,2328.0
2328.0,2080.0,2025.0,2056.0,2055.0,1580.0
1580.0,1601.0,1691.0,1701.0,1761.0,1736.0
1736.0,1700.0,1702.0,1753.0,1745.0,1745.0
1745.0,1705.0,1710.0,1746.0,1745.0,1698.0
1698.0,1675.0,1686.0,1528.0,1716.0,1823.0
1823.0,1756.0,1749.0,1788.0,1782.0,3158.0
3158.0,2621.0,2504.0,2534.0,2639.0,2571.0
2571.0,2241.0,2343.0,2436.0,2596.0,2535.0
2535.0,2221.0,2291.0,2527.0,2558.0,2403.0
2403.0,2137.0,2207.0,2449.0,2462.0,2419.0
2419.0,2149.0,2201.0,2312.0,2435.0,1916.0
1916.0,1821.0,1917.0,2290.0,2113.0,1915.0
1915.0,1821.0,1854.0,1905.0,1989.0,2047.0
2047.0,1907.0,1915.0,2124.0,2025.0,1780.0
1780.0,1734.0,1779.0,1693.0,1873.0,1406.0
1406.0,1490.0,1540.0,1580.0,1581.0,1318.0
1318.0,1433.0,1440.0,1415.0,1415.0,1597.0
1597.0,1615.0,1576.0,1479.0,1529.0,1541.0
1541.0,1579.0,1573.0,1506.0,1537.0,1555.0
1555.0,1590.0,1582.0,1454.0,1548.0,1156.0
1156.0,1331.0,1361.0,1324.0,1303.0,1112.0
1112.0,1302.0,1289.0,1179.0,1183.0,1427.0
1427.0,1506.0,1451.0,1360.0,1336.0,1923.0
1923.0,1827.0,1761.0,1716.0,1702.0,2353.0
2353.0,2105.0,2066.0,2084.0,2110.0,1594.0
1594.0,1617.0,1706.0,1724.0,1786.0,1743.0
1743.0,1711.0,1714.0,1759.0,1759.0,1765.0
1765.0,1725.0,1728.0,1766.0,1763.0,1719.0
1719.0,1696.0,1705.0,1735.0,1735.0,1836.0
1836.0,1772.0,1766.0,1804.0,1799.0,3173.0
3173.0,2643.0,2533.0,2586.0,2666.0,2582.0
2582.0,2258.0,2355.0,2535.0,2612.0,2558.0
2558.0,2246.0,2308.0,2540.0,2578.0,2442.0
2442.0,2172.0,2236.0,2474.0,2493.0,2458.0
2458.0,2184.0,2232.0,2469.0,2471.0,1937.0
1937.0,1842.0,1934.0,2122.0,2135.0,1926.0
1926.0,1836.0,1867.0,2027.0,2003.0,2063.0
2063.0,1926.0,1931.0,2069.0,2041.0,1784.0
1784.0,1744.0,1787.0,1882.0,1879.0,1414.0
1414.0,1501.0,1547.0,1590.0,1584.0,1328.0
1328.0,1445.0,1450.0,1447.0,1421.0,1609.0
1609.0,1630.0,1592.0,1577.0,1540.0,1550.0
1550.0,1591.0,1586.0,1553.0,1546.0,1558.0
1558.0,1598.0,1591.0,1557.0,1554.0,1162.0
1162.0,1340.0,1367.0,1296.0,1306.0,1114.0
1114.0,1308.0,1296.0,1200.0,1184.0,1430.0
1430.0,1514.0,1461.0,1369.0,1340.0,2005.0
2005.0,1887.0,1820.0,1778.0,1760.0,2358.0
2358.0,2118.0,2089.0,2119.0,2140.0,1607.0
1607.0,1632.0,1716.0,1730.0,1802.0,1753.0
1753.0,1725.0,1726.0,1770.0,1770.0,1776.0
1776.0,1740.0,1742.0,1778.0,1774.0,1725.0
1725.0,1707.0,1715.0,1743.0,1743.0,1842.0
1842.0,1783.0,1777.0,1813.0,1806.0,3193.0
3193.0,2668.0,2564.0,2731.0,2692.0,2598.0
2598.0,2278.0,2370.0,2541.0,2631.0,2561.0
2561.0,2257.0,2315.0,2543.0,2587.0,2446.0
2446.0,2183.0,2241.0,2475.0,2497.0,2475.0
2475.0,2205.0,2246.0,2481.0,2483.0,1939.0
1939.0,1851.0,1936.0,2121.0,2137.0,1935.0
1935.0,1849.0,1875.0,2036.0,2007.0,2070.0
2070.0,1938.0,1942.0,2081.0,2047.0,1789.0
1789.0,1754.0,1793.0,1888.0,1882.0,1420.0
1420.0,1511.0,1552.0,1594.0,1585.0,1333.0
1333.0,1454.0,1457.0,1454.0,1423.0,1611.0
1611.0,1638.0,1602.0,1586.0,1544.0,1558.0
1558.0,1603.0,1597.0,1562.0,1553.0,1564.0
1564.0,1608.0,1601.0,1564.0,1560.0,1172.0
1172.0,1352.0,1376.0,1301.0,1311.0,1115.0
1115.0,1314.0,1302.0,1204.0,1185.0,1441.0
1441.0,1527.0,1477.0,1383.0,1349.0,2015.0
2015.0,1902.0,1839.0,1795.0,1776.0,2365.0
2365.0,2131.0,2106.0,2129.0,2154.0,1618.0
1618.0,1645.0,1722.0,1726.0,1808.0,1759.0
1759.0,1736.0,1736.0,1945.0,1776.0,1781.0
1781.0,1750.0,1751.0,1783.0,1779.0,1729.0
1729.0,1716.0,1723.0,1747.0,1747.0,1862.0
1862.0,1803.0,1796.0,2040.0,1821.0,3196.0
3196.0,2681.0,2587.0,2752.0,2713.0,2612.0
2612.0,2297.0,2381.0,2456.0,2647.0,2572.0
2572.0,2274.0,2325.0,2543.0,2598.0,2454.0
2454.0,2197.0,2249.0,2478.0,2505.0,2490.0
2490.0,2223.0,2259.0,2492.0,2495.0,1957.0
1957.0,1870.0,1947.0,2130.0,2148.0,1944.0
1944.0,1862.0,1885.0,2047.0,2015.0,2076.0
2076.0,1950.0,1952.0,2206.0,2055.0,1803.0
1803.0,1770.0,1805.0,1900.0,1892.0,1426.0
1426.0,1521.0,1558.0,1600.0,1588.0,1341.0
1341.0,1465.0,1467.0,1516.0,1427.0,1619.0
1619.0,1649.0,1616.0,1602.0,1552.0,1576.0
1576.0,1621.0,1615.0,1581.0,1568.0,1573.0
1573.0,1620.0,1615.0,1462.0,1571.0,1188.0
1188.0,1367.0,1389.0,1347.0,1322.0,1122.0
1122.0,1324.0,1313.0,1182.0,1191.0,1452.0
1452.0,1540.0,1494.0,1488.0,1361.0,2159.0
2159.0,2003.0,1938.0,1842.0,1880.0,2466.0
2466.0,2206.0,2190.0,2223.0,2262.0,1643.0
1643.0,1668.0,1745.0,1668.0,1857.0,1777.0
1777.0,1755.0,1755.0,2010.0,1804.0,1810.0
1810.0,1776.0,1776.0,1917.0,1808.0,1756.0
1756.0,1741.0,1748.0,1617.0,1774.0,1904.0
1904.0,1838.0,1831.0,2080.0,1859.0,3223.0
3223.0,2709.0,2628.0,2707.0,2758.0,2637.0
2637.0,2322.0,2399.0,2482.0,2677.0,2587.0
2587.0,2292.0,2337.0,2545.0,2618.0,2489.0
2489.0,2229.0,2272.0,2819.0,2534.0,2514.0
2514.0,2248.0,2279.0,2310.0,2521.0,1977.0
1977.0,1891.0,1959.0,2141.0,2165.0,1974.0
1974.0,1889.0,1908.0,1945.0,2039.0,2092.0
2092.0,1968.0,1971.0,2226.0,2074.0,1821.0
1821.0,1789.0,1819.0,1920.0,1908.0,1450.0
1450.0,1542.0,1575.0,1592.0,1605.0,1354.0
1354.0,1479.0,1481.0,1535.0,1438.0,1625.0
1625.0,1660.0,1630.0,1515.0,1562.0,1593.0
1593.0,1639.0,1633.0,1595.0,1582.0,1589.0
1589.0,1637.0,1632.0,1477.0,1587.0,1192.0
1192.0,1376.0,1396.0,1345.0,1326.0,1142.0
1142.0,1342.0,1331.0,1201.0,1204.0,1465.0
1465.0,1555.0,1515.0,1505.0,1376.0,2201.0
2201.0,2039.0,1981.0,1893.0,1921.0,2534.0
2534.0,2259.0,2246.0,2279.0,2329.0,1664.0
1664.0,1689.0,1760.0,1660.0,1888.0,1800.0
1800.0,1777.0,1776.0,2048.0,1829.0,1827.0
1827.0,1794.0,1795.0,1933.0,1828.0,1773.0
1773.0,1759.0,1765.0,1624.0,1791.0,1926.0
1926.0,1860.0,1853.0,2126.0,1881.0,3242.0
3242.0,2731.0,2661.0,2728.0,2792.0,2654.0
2654.0,2342.0,2410.0,2507.0,2698.0,2608.0
2608.0,2314.0,2352.0,2547.0,2638.0,2511.0
2511.0,2252.0,2288.0,2835.0,2554.0,2540.0
2540.0,2273.0,2300.0,2324.0,2545.0,1992.0
1992.0,1908.0,1968.0,2372.0,2177.0,2010.0
2010.0,1920.0,1934.0,1981.0,2065.0,2137.0
2137.0,2005.0,2007.0,2271.0,2113.0,1850.0
1850.0,1815.0,1843.0,1769.0,1938.0,1481.0
1481.0,1569.0,1597.0,1629.0,1632.0,1364.0
1364.0,1492.0,1495.0,1551.0,1452.0,1635.0
1635.0,1673.0,1647.0,1538.0,1575.0,1620.0
1620.0,1663.0,1658.0,1632.0,1605.0,1600.0
1600.0,1651.0,1648.0,1479.0,1602.0,1215.0
1215.0,1397.0,1413.0,1370.0,1342.0,1155.0
1155.0,1357.0,1347.0,1209.0,1216.0,1474.0
1474.0,1567.0,1533.0,1520.0,1389.0,2416.0
2416.0,2187.0,2129.0,2093.0,2078.0,2576.0
2576.0,2295.0,2297.0,2261.0,2414.0,1688.0
1688.0,1712.0,1774.0,1694.0,1926.0,1813.0
1813.0,1792.0,1792.0,2122.0,1850.0,1845.0
1845.0,1813.0,1813.0,1882.0,1846.0,1808.0
1808.0,1789.0,1793.0,1725.0,1820.0,1938.0
1938.0,1875.0,1870.0,2088.0,1900.0,3258.0
3258.0,2748.0,2689.0,2798.0,2817.0,2697.0
2697.0,2377.0,2435.0,2535.0,2735.0,2621.0
2621.0,2330.0,2363.0,2521.0,2658.0,2529.0
2529.0,2270.0,2301.0,2889.0,2572.0,2557.0
2557.0,2291.0,2313.0,2297.0,2562.0,2011.0
2011.0,1927.0,1978.0,2409.0,2192.0,2044.0
2044.0,1949.0,1960.0,2008.0,2092.0,2148.0
2148.0,2019.0,2022.0,2281.0,2130.0,1869.0
1869.0,1834.0,1858.0,1814.0,1954.0,1492.0
1492.0,1583.0,1607.0,1624.0,1641.0,1396.0
1396.0,1520.0,1521.0,1597.0,1475.0,1640.0
1640.0,1683.0,1663.0,1547.0,1587.0,1629.0
1629.0,1676.0,1671.0,1644.0,1615.0,1609.0
1609.0,1664.0,1661.0,1508.0,1611.0,1238.0
1238.0,1419.0,1432.0,1365.0,1358.0,1166.0
1166.0,1371.0,1363.0,1238.0,1227.0,1484.0
1484.0,1581.0,1551.0,1522.0,1401.0,2612.0
2612.0,2323.0,2268.0,2284.0,2223.0,2583.0
2583.0,2306.0,2320.0,2244.0,2469.0,1703.0
1703.0,1728.0,1778.0,1708.0,1948.0,1832.0
1832.0,1812.0,1810.0,2202.0,1869.0,1864.0
1864.0,1832.0,1832.0,1814.0,1865.0,1823.0
1823.0,1805.0,1809.0,1825.0,1836.0,1953.0
1953.0,1891.0,1887.0,2045.0,1916.0,3290.0
3290.0,2775.0,2728.0,2876.0,2855.0,2731.0
2731.0,2406.0,2453.0,2554.0,2769.0,2637.0
2637.0,2346.0,2373.0,2498.0,2679.0,2566.0
2566.0,2301.0,2324.0,2959.0,2602.0,2573.0
2573.0,2308.0,2326.0,2267.0,2582.0,2030.0
2030.0,1946.0,1987.0,2450.0,2207.0,2070.0
2070.0,1973.0,1980.0,2035.0,2113.0,2165.0
2165.0,2037.0,2039.0,2286.0,2149.0,1880.0
1880.0,1848.0,1868.0,1862.0,1966.0,1508.0
1508.0,1601.0,1619.0,1615.0,1653.0,1431.0
