Naive,AR,ARMA,ARIMA,ETS,PreviousObservation,CurrentObservation
628.0,628.0,628.0,628.0,628.0,628.0,644.0
644.0,636.0,636.0,636.0,636.0,644.0,477.0
477.0,645.0,673.0,583.0,583.0,477.0,460.0
460.0,521.0,546.0,552.0,460.0,460.0,5291.0
5291.0,310.0,0.0,0.0,1500.0,5291.0,434.0
434.0,1621.0,858.0,0.0,1323.0,434.0,426.0
426.0,1391.0,1337.0,0.0,1195.0,426.0,401.0
401.0,1236.0,1621.0,0.0,1096.0,401.0,401.0
401.0,1121.0,1667.0,0.0,1018.0,401.0,413.0
413.0,1035.0,1576.0,957.0,957.0,413.0,44.0
44.0,965.0,1466.0,874.0,956.0,44.0,421.0
421.0,873.0,1293.0,837.0,956.0,421.0,464.0
464.0,836.0,1176.0,808.0,955.0,464.0,516.0
516.0,807.0,1093.0,787.0,814.0,516.0,400.0
400.0,786.0,1033.0,761.0,786.0,400.0,434.0
434.0,760.0,981.0,741.0,741.0,434.0,417.0
417.0,739.0,938.0,722.0,721.0,417.0,439.0
439.0,720.0,901.0,706.0,118.0,439.0,543.0
543.0,705.0,869.0,698.0,400.0,543.0,462.0
462.0,697.0,845.0,686.0,458.0,462.0,448.0
448.0,685.0,823.0,674.0,446.0,448.0,371.0
371.0,673.0,804.0,661.0,424.0,371.0,392.0
392.0,659.0,785.0,649.0,385.0,392.0,381.0
381.0,647.0,767.0,638.0,372.0,381.0,390.0
390.0,635.0,750.0,628.0,395.0,390.0,314.0
314.0,624.0,733.0,616.0,326.0,314.0,328.0
328.0,613.0,715.0,605.0,312.0,328.0,307.0
307.0,601.0,608.0,594.0,295.0,307.0,387.0
387.0,591.0,591.0,587.0,333.0,387.0,380.0
380.0,584.0,584.0,580.0,349.0,380.0,352.0
352.0,577.0,576.0,573.0,354.0,352.0,370.0
370.0,569.0,569.0,567.0,361.0,370.0,362.0
362.0,563.0,563.0,561.0,361.0,362.0,409.0
409.0,558.0,557.0,556.0,313.0,409.0,473.0
473.0,554.0,554.0,554.0,422.0,473.0,336.0
336.0,550.0,550.0,548.0,385.0,336.0,384.0
384.0,544.0,544.0,543.0,393.0,384.0,357.0
357.0,539.0,539.0,538.0,372.0,357.0,389.0
389.0,535.0,535.0,534.0,383.0,389.0,350.0
350.0,531.0,531.0,530.0,364.0,350.0,339.0
339.0,526.0,526.0,525.0,350.0,339.0,317.0
317.0,520.0,520.0,520.0,322.0,317.0,320.0
320.0,515.0,515.0,516.0,312.0,320.0,352.0
352.0,512.0,512.0,512.0,330.0,352.0,316.0
316.0,507.0,507.0,508.0,316.0,316.0,278.0
278.0,501.0,501.0,503.0,286.0,278.0,342.0
342.0,498.0,498.0,499.0,312.0,342.0,320.0
320.0,494.0,494.0,495.0,314.0,320.0,431.0
431.0,494.0,494.0,494.0,389.0,431.0,367.0
367.0,491.0,491.0,492.0,385.0,367.0,536.0
536.0,493.0,493.0,492.0,493.0,536.0,335.0
335.0,488.0,488.0,489.0,414.0,335.0,405.0
405.0,487.0,487.0,488.0,417.0,405.0,434.0
434.0,486.0,486.0,487.0,435.0,434.0,406.0
406.0,485.0,485.0,485.0,429.0,406.0,407.0
407.0,483.0,483.0,484.0,421.0,407.0,340.0
340.0,480.0,480.0,481.0,383.0,340.0,370.0
370.0,478.0,478.0,479.0,362.0,370.0,451.0
451.0,479.0,479.0,479.0,422.0,451.0,378.0
378.0,476.0,476.0,477.0,395.0,378.0,392.0
392.0,475.0,475.0,476.0,393.0,392.0,418.0
418.0,474.0,474.0,475.0,408.0,418.0,467.0
467.0,475.0,475.0,475.0,451.0,467.0,413.0
413.0,473.0,473.0,474.0,434.0,413.0,409.0
409.0,472.0,472.0,473.0,417.0,409.0,390.0
390.0,471.0,471.0,472.0,401.0,390.0,444.0
444.0,471.0,471.0,471.0,430.0,444.0,529.0
529.0,473.0,473.0,472.0,499.0,529.0,486.0
486.0,472.0,472.0,472.0,507.0,486.0,648.0
648.0,477.0,477.0,475.0,619.0,648.0,498.0
498.0,475.0,475.0,475.0,566.0,498.0,458.0
458.0,475.0,475.0,475.0,502.0,458.0,686.0
686.0,480.0,480.0,478.0,627.0,686.0,547.0
547.0,480.0,480.0,479.0,599.0,547.0,429.0
429.0,477.0,477.0,478.0,496.0,429.0,389.0
389.0,476.0,476.0,477.0,454.0,389.0,433.0
433.0,476.0,476.0,476.0,445.0,433.0,346.0
346.0,473.0,473.0,475.0,344.0,346.0,352.0
352.0,472.0,472.0,473.0,332.0,352.0,359.0
359.0,470.0,470.0,472.0,325.0,359.0,410.0
410.0,470.0,470.0,471.0,363.0,410.0,381.0
381.0,469.0,469.0,470.0,367.0,381.0,469.0
469.0,470.0,470.0,470.0,426.0,469.0,541.0
541.0,472.0,472.0,471.0,523.0,541.0,434.0
434.0,470.0,470.0,470.0,475.0,434.0,490.0
490.0,471.0,471.0,470.0,493.0,490.0,568.0
568.0,473.0,473.0,472.0,554.0,568.0,759.0
759.0,479.0,479.0,475.0,714.0,759.0,594.0
594.0,478.0,478.0,476.0,674.0,594.0,632.0
632.0,481.0,481.0,478.0,675.0,632.0,710.0
710.0,485.0,485.0,480.0,723.0,710.0,720.0
720.0,488.0,488.0,483.0,749.0,720.0,727.0
727.0,491.0,512.0,486.0,762.0,727.0,1137.0
1137.0,512.0,548.0,493.0,1058.0,1137.0,641.0
641.0,499.0,550.0,494.0,842.0,641.0,490.0
490.0,494.0,539.0,494.0,629.0,490.0,692.0
692.0,503.0,546.0,496.0,661.0,692.0,498.0
498.0,496.0,537.0,496.0,529.0,498.0,464.0
464.0,495.0,527.0,496.0,533.0,464.0,416.0
416.0,492.0,517.0,495.0,479.0,416.0,444.0
444.0,493.0,507.0,495.0,462.0,444.0,409.0
409.0,491.0,501.0,494.0,437.0,409.0,408.0
408.0,490.0,495.0,493.0,423.0,408.0,421.0
421.0,490.0,491.0,492.0,422.0,421.0,393.0
393.0,488.0,485.0,491.0,409.0,393.0,402.0
402.0,487.0,483.0,490.0,405.0,402.0,477.0
477.0,490.0,484.0,490.0,439.0,477.0,403.0
403.0,487.0,482.0,489.0,409.0,403.0,434.0
434.0,487.0,482.0,489.0,420.0,434.0,640.0
640.0,496.0,492.0,490.0,574.0,640.0,1357.0
1357.0,532.0,539.0,498.0,1256.0,1357.0,993.0
993.0,530.0,564.0,503.0,1175.0,993.0,980.0
980.0,537.0,585.0,507.0,1122.0,980.0,976.0
976.0,544.0,606.0,511.0,1080.0,976.0,1103.0
1103.0,564.0,643.0,516.0,1152.0,1103.0,685.0
685.0,532.0,625.0,518.0,808.0,685.0,640.0
640.0,529.0,604.0,519.0,750.0,640.0,950.0
950.0,559.0,638.0,522.0,851.0,950.0,566.0
566.0,526.0,611.0,523.0,708.0,566.0,634.0
634.0,533.0,601.0,524.0,671.0,634.0,627.0
627.0,533.0,593.0,524.0,649.0,627.0,533.0
533.0,525.0,577.0,524.0,544.0,533.0,423.0
423.0,515.0,550.0,524.0,505.0,423.0,400.0
400.0,512.0,529.0,523.0,397.0,400.0,436.0
436.0,514.0,519.0,522.0,443.0,436.0,418.0
418.0,512.0,510.0,521.0,430.0,418.0,377.0
377.0,507.0,500.0,520.0,403.0,377.0,398.0
398.0,508.0,495.0,519.0,400.0,398.0,403.0
403.0,508.0,492.0,518.0,370.0,403.0,397.0
397.0,506.0,489.0,517.0,375.0,397.0,430.0
430.0,509.0,490.0,517.0,406.0,430.0,398.0
398.0,505.0,487.0,516.0,394.0,398.0,391.0
391.0,503.0,485.0,515.0,384.0,391.0,1109.0
1109.0,572.0,552.0,519.0,759.0,1109.0,768.0
768.0,544.0,568.0,521.0,898.0,768.0,628.0
628.0,532.0,564.0,522.0,715.0,628.0,730.0
730.0,543.0,572.0,523.0,769.0,730.0,828.0
828.0,555.0,589.0,525.0,842.0,828.0,806.0
806.0,555.0,599.0,527.0,851.0,806.0,888.0
888.0,567.0,617.0,530.0,911.0,888.0,1118.0
1118.0,598.0,660.0,534.0,1106.0,1118.0,958.0
958.0,587.0,675.0,537.0,1057.0,958.0,1037.0
1037.0,602.0,701.0,701.0,1086.0,1037.0,782.0
782.0,573.0,685.0,685.0,914.0,782.0,636.0
636.0,555.0,653.0,653.0,693.0,636.0,544.0
544.0,543.0,617.0,618.0,536.0,544.0,384.0
384.0,522.0,571.0,571.0,353.0,384.0,335.0
335.0,514.0,533.0,533.0,420.0,335.0,378.0
378.0,519.0,515.0,515.0,397.0,378.0,398.0
398.0,520.0,506.0,506.0,313.0,398.0,385.0
385.0,518.0,498.0,498.0,329.0,385.0,442.0
442.0,525.0,500.0,501.0,392.0,442.0,383.0
383.0,516.0,494.0,494.0,367.0,383.0,362.0
362.0,512.0,487.0,487.0,344.0,362.0,418.0
418.0,519.0,490.0,489.0,387.0,418.0,379.0
379.0,513.0,486.0,486.0,372.0,379.0,405.0
405.0,515.0,487.0,486.0,390.0,405.0,447.0
447.0,520.0,492.0,492.0,433.0,447.0,482.0
482.0,525.0,500.0,500.0,478.0,482.0,530.0
530.0,531.0,512.0,512.0,533.0,530.0,569.0
569.0,537.0,524.0,524.0,582.0,569.0,861.0
861.0,578.0,571.0,571.0,844.0,861.0,894.0
894.0,585.0,607.0,607.0,954.0,894.0,845.0
845.0,581.0,624.0,624.0,936.0,845.0,757.0
757.0,570.0,623.0,624.0,842.0,757.0,1167.0
1167.0,635.0,684.0,685.0,1146.0,1167.0,758.0
758.0,576.0,664.0,665.0,903.0,758.0,750.0
750.0,576.0,651.0,651.0,796.0,750.0,905.0
905.0,603.0,667.0,668.0,869.0,905.0,480.0
480.0,537.0,612.0,613.0,658.0,480.0,363.0
363.0,518.0,560.0,561.0,501.0,363.0,353.0
353.0,515.0,526.0,526.0,420.0,353.0,420.0
420.0,525.0,515.0,515.0,420.0,420.0,376.0
376.0,517.0,502.0,502.0,396.0,376.0,472.0
472.0,532.0,508.0,508.0,435.0,472.0,535.0
535.0,542.0,521.0,521.0,512.0,535.0,446.0
446.0,527.0,516.0,516.0,448.0,446.0,438.0
438.0,526.0,511.0,511.0,446.0,438.0,404.0
404.0,520.0,503.0,503.0,411.0,404.0,410.0
410.0,520.0,499.0,499.0,393.0,410.0,457.0
457.0,527.0,503.0,503.0,436.0,457.0,375.0
375.0,513.0,493.0,493.0,404.0,375.0,384.0
384.0,514.0,489.0,488.0,393.0,384.0,430.0
430.0,520.0,492.0,492.0,430.0,430.0,424.0
424.0,519.0,493.0,493.0,416.0,424.0,377.0
377.0,511.0,487.0,486.0,388.0,377.0,430.0
430.0,519.0,490.0,490.0,415.0,430.0,395.0
395.0,512.0,487.0,487.0,398.0,395.0,400.0
400.0,512.0,486.0,485.0,397.0,400.0,399.0
399.0,512.0,484.0,484.0,396.0,399.0,348.0
348.0,502.0,475.0,475.0,359.0,348.0,369.0
369.0,505.0,473.0,473.0,357.0,369.0,402.0
402.0,510.0,476.0,476.0,390.0,402.0,413.0
413.0,511.0,479.0,479.0,411.0,413.0,447.0
447.0,516.0,487.0,487.0,447.0,447.0,401.0
401.0,508.0,484.0,484.0,416.0,401.0,495.0
495.0,523.0,497.0,496.0,489.0,495.0,1431.0
1431.0,680.0,648.0,584.0,1324.0,1431.0,1340.0
1340.0,684.0,742.0,710.0,1396.0,1340.0,391.0
391.0,511.0,629.0,661.0,612.0,391.0,358.0
358.0,505.0,562.0,616.0,333.0,358.0,388.0
388.0,509.0,527.0,575.0,310.0,388.0,434.0
434.0,517.0,515.0,540.0,400.0,434.0,463.0
463.0,522.0,512.0,513.0,411.0,463.0,344.0
344.0,500.0,492.0,477.0,336.0,344.0,328.0
328.0,496.0,477.0,447.0,289.0,328.0,382.0
382.0,505.0,477.0,433.0,347.0,382.0,343.0
343.0,497.0,471.0,422.0,338.0,343.0,374.0
374.0,502.0,472.0,423.0,341.0,374.0,378.0
378.0,502.0,473.0,430.0,372.0,378.0,357.0
357.0,497.0,469.0,440.0,343.0,357.0,371.0
371.0,499.0,470.0,454.0,370.0,371.0,354.0
354.0,495.0,466.0,468.0,352.0,354.0,402.0
402.0,503.0,472.0,488.0,396.0,402.0,394.0
394.0,501.0,474.0,505.0,390.0,394.0,351.0
351.0,493.0,468.0,515.0,349.0,351.0,345.0
345.0,491.0,463.0,522.0,339.0,345.0,380.0
380.0,497.0,465.0,530.0,381.0,380.0,403.0
403.0,501.0,471.0,537.0,409.0,403.0,344.0
344.0,489.0,463.0,534.0,350.0,344.0,362.0
362.0,491.0,462.0,530.0,361.0,362.0,363.0
363.0,491.0,461.0,524.0,360.0,363.0,347.0
347.0,487.0,457.0,515.0,345.0,347.0,581.0
581.0,531.0,495.0,533.0,585.0,581.0,377.0
377.0,493.0,482.0,523.0,420.0,377.0,345.0
345.0,486.0,469.0,510.0,346.0,345.0,419.0
419.0,499.0,474.0,505.0,408.0,419.0,395.0
395.0,494.0,472.0,499.0,398.0,395.0,375.0
375.0,490.0,468.0,490.0,376.0,375.0,357.0
357.0,486.0,462.0,481.0,355.0,357.0,403.0
403.0,494.0,466.0,480.0,405.0,403.0,393.0
393.0,492.0,466.0,478.0,393.0,393.0,412.0
412.0,495.0,470.0,480.0,413.0,412.0,423.0
423.0,497.0,473.0,484.0,414.0,423.0,406.0
406.0,493.0,473.0,488.0,412.0,406.0,404.0
404.0,493.0,472.0,490.0,406.0,404.0,346.0
346.0,481.0,461.0,486.0,342.0,346.0,698.0
698.0,549.0,514.0,521.0,650.0,698.0,476.0
476.0,506.0,508.0,526.0,512.0,476.0,345.0
345.0,481.0,483.0,516.0,347.0,345.0,541.0
541.0,518.0,500.0,526.0,510.0,541.0,540.0
540.0,518.0,510.0,533.0,538.0,540.0,413.0
413.0,494.0,495.0,525.0,438.0,413.0,469.0
469.0,504.0,496.0,520.0,461.0,469.0,443.0
443.0,499.0,491.0,513.0,446.0,443.0,453.0
453.0,501.0,490.0,506.0,450.0,453.0,552.0
552.0,520.0,506.0,511.0,535.0,552.0,490.0
490.0,508.0,505.0,508.0,502.0,490.0,413.0
413.0,493.0,492.0,498.0,429.0,413.0,438.0
438.0,497.0,488.0,491.0,428.0,438.0,863.0
863.0,579.0,556.0,531.0,798.0,863.0,447.0
447.0,500.0,528.0,524.0,533.0,447.0,460.0
460.0,502.0,514.0,517.0,466.0,460.0,1204.0
1204.0,644.0,627.0,591.0,984.0,1204.0,977.0
977.0,606.0,661.0,636.0,1018.0,977.0,1245.0
1245.0,667.0,734.0,712.0,1288.0,1245.0,1268.0
1268.0,684.0,791.0,791.0,1280.0,1268.0,1204.0
1204.0,679.0,818.0,819.0,1200.0,1204.0,1171.0
1171.0,680.0,834.0,834.0,1287.0,1171.0,1119.0
1119.0,674.0,837.0,837.0,1148.0,1119.0,1173.0
1173.0,694.0,857.0,858.0,1173.0,1173.0,1083.0
1083.0,677.0,852.0,852.0,1116.0,1083.0,1231.0
1231.0,723.0,889.0,889.0,1195.0,1231.0,1127.0
1127.0,701.0,892.0,891.0,1171.0,1127.0,1191.0
1191.0,726.0,913.0,912.0,1181.0,1191.0,564.0
564.0,548.0,774.0,773.0,762.0,564.0,542.0
542.0,542.0,682.0,681.0,574.0,542.0,548.0
548.0,544.0,628.0,627.0,603.0,548.0,474.0
474.0,523.0,578.0,578.0,458.0,474.0,568.0
568.0,549.0,570.0,570.0,442.0,568.0,507.0
507.0,532.0,552.0,552.0,498.0,507.0,608.0
608.0,560.0,563.0,563.0,566.0,608.0,513.0
513.0,534.0,549.0,549.0,487.0,513.0,473.0
473.0,522.0,532.0,532.0,480.0,473.0,595.0
595.0,557.0,548.0,548.0,534.0,595.0,515.0
515.0,534.0,540.0,540.0,509.0,515.0,1166.0
1166.0,718.0,675.0,675.0,885.0,1166.0,490.0
490.0,529.0,613.0,613.0,663.0,490.0,838.0
838.0,626.0,650.0,650.0,785.0,838.0,1166.0
1166.0,720.0,745.0,744.0,1059.0,1166.0,659.0
659.0,578.0,692.0,692.0,806.0,659.0,1897.0
1897.0,932.0,938.0,938.0,1647.0,1897.0,1421.0
1421.0,814.0,1000.0,999.0,1567.0,1421.0,1201.0
1201.0,755.0,983.0,983.0,1366.0,1201.0,1179.0
1179.0,753.0,970.0,970.0,1312.0,1179.0,850.0
850.0,652.0,878.0,1074.0,1002.0,850.0,1306.0
1306.0,800.0,943.0,1006.0,1184.0,1306.0,1212.0
1212.0,776.0,961.0,1017.0,1219.0,1212.0,1105.0
1105.0,745.0,947.0,1009.0,1152.0,1105.0,892.0
892.0,676.0,883.0,934.0,1009.0,892.0,449.0
449.0,529.0,730.0,944.0,704.0,449.0,382.0
382.0,506.0,617.0,650.0,323.0,382.0,561.0
561.0,565.0,596.0,602.0,545.0,561.0,482.0
482.0,539.0,564.0,579.0,365.0,482.0,524.0
524.0,553.0,555.0,597.0,404.0,524.0,516.0
516.0,550.0,548.0,609.0,429.0,516.0,519.0
519.0,551.0,544.0,586.0,498.0,519.0,468.0
468.0,534.0,530.0,556.0,490.0,468.0,494.0
494.0,542.0,527.0,540.0,447.0,494.0,458.0
458.0,530.0,517.0,520.0,433.0,458.0,470.0
470.0,534.0,513.0,507.0,439.0,470.0,482.0
482.0,538.0,514.0,514.0,454.0,482.0,1096.0
1096.0,742.0,664.0,647.0,922.0,1096.0,1317.0
1317.0,822.0,813.0,843.0,1296.0,1317.0,565.0
565.0,568.0,712.0,807.0,801.0,565.0,485.0
485.0,541.0,634.0,706.0,625.0,485.0,1131.0
1131.0,757.0,746.0,883.0,947.0,1131.0,1544.0
1544.0,906.0,920.0,963.0,1434.0,1544.0,1392.0
1392.0,864.0,994.0,1042.0,1520.0,1392.0,960.0
960.0,713.0,922.0,966.0,1226.0,960.0,1227.0
1227.0,812.0,954.0,1000.0,1268.0,1227.0,1005.0
1005.0,734.0,913.0,960.0,1118.0,1005.0,872.0
872.0,687.0,855.0,901.0,949.0,872.0,516.0
516.0,558.0,723.0,766.0,612.0,516.0,386.0
386.0,511.0,610.0,649.0,366.0,386.0,746.0
746.0,641.0,642.0,685.0,652.0,746.0,419.0
419.0,523.0,574.0,611.0,524.0,419.0,385.0
385.0,510.0,526.0,557.0,315.0,385.0,415.0
415.0,521.0,506.0,415.0,429.0,415.0,411.0
411.0,519.0,493.0,536.0,419.0,411.0,550.0
550.0,569.0,523.0,575.0,492.0,550.0,450.0
450.0,533.0,513.0,563.0,469.0,450.0,525.0
525.0,560.0,527.0,588.0,500.0,525.0,476.0
476.0,542.0,523.0,567.0,468.0,476.0,1042.0
1042.0,746.0,668.0,700.0,793.0,1042.0,912.0
912.0,701.0,719.0,755.0,859.0,912.0,1013.0
1013.0,739.0,775.0,814.0,944.0,1013.0,748.0
748.0,643.0,737.0,772.0,836.0,748.0,478.0
478.0,545.0,642.0,673.0,638.0,478.0,574.0
574.0,580.0,615.0,645.0,602.0,574.0,1030.0
1030.0,746.0,720.0,757.0,838.0,1030.0,928.0
928.0,710.0,753.0,792.0,887.0,928.0,992.0
992.0,735.0,790.0,830.0,945.0,992.0,1329.0
1329.0,863.0,904.0,948.0,1156.0,1329.0,1165.0
1165.0,806.0,927.0,969.0,1161.0,1165.0,586.0
586.0,589.0,779.0,734.0,845.0,586.0,598.0
598.0,593.0,698.0,738.0,709.0,598.0,1220.0
1220.0,827.0,824.0,869.0,988.0,1220.0,443.0
443.0,537.0,685.0,726.0,693.0,443.0,518.0
518.0,564.0,625.0,666.0,597.0,518.0,910.0
910.0,709.0,696.0,742.0,767.0,910.0,466.0
466.0,546.0,619.0,661.0,605.0,466.0,467.0
467.0,546.0,574.0,615.0,530.0,467.0,463.0
463.0,544.0,548.0,587.0,494.0,463.0,468.0
468.0,546.0,534.0,571.0,480.0,468.0,445.0
445.0,537.0,520.0,555.0,428.0,445.0,439.0
439.0,535.0,510.0,544.0,449.0,439.0,459.0
459.0,542.0,510.0,542.0,454.0,459.0,442.0
442.0,535.0,505.0,535.0,448.0,442.0,476.0
476.0,547.0,511.0,540.0,463.0,476.0,372.0
372.0,509.0,487.0,531.0,414.0,372.0,452.0
452.0,538.0,494.0,543.0,434.0,452.0,440.0
440.0,533.0,495.0,531.0,434.0,440.0,412.0
412.0,522.0,488.0,532.0,424.0,412.0,419.0
419.0,525.0,486.0,527.0,407.0,419.0,487.0
487.0,550.0,503.0,540.0,455.0,487.0,455.0
455.0,538.0,504.0,540.0,456.0,455.0,459.0
459.0,539.0,505.0,546.0,458.0,459.0,451.0
451.0,536.0,504.0,538.0,454.0,451.0,447.0
447.0,534.0,502.0,535.0,450.0,447.0,446.0
446.0,533.0,501.0,531.0,448.0,446.0,507.0
507.0,556.0,516.0,546.0,480.0,507.0,481.0
481.0,546.0,518.0,546.0,481.0,481.0,447.0
447.0,533.0,510.0,542.0,462.0,447.0,476.0
476.0,543.0,513.0,540.0,471.0,476.0,694.0
694.0,625.0,573.0,599.0,591.0,694.0,492.0
492.0,549.0,553.0,576.0,537.0,492.0,460.0
460.0,537.0,533.0,576.0,496.0,460.0,409.0
409.0,518.0,509.0,523.0,449.0,409.0,418.0
418.0,521.0,497.0,489.0,432.0,418.0,464.0
464.0,538.0,502.0,500.0,449.0,464.0,439.0
439.0,528.0,498.0,497.0,439.0,439.0,458.0
458.0,535.0,501.0,496.0,451.0,458.0,477.0
477.0,542.0,508.0,502.0,465.0,477.0,493.0
493.0,548.0,516.0,508.0,480.0,493.0,585.0
585.0,582.0,545.0,538.0,537.0,585.0,477.0
477.0,542.0,532.0,520.0,505.0,477.0,590.0
590.0,584.0,556.0,538.0,551.0,590.0,678.0
678.0,617.0,593.0,583.0,620.0,678.0,442.0
442.0,529.0,551.0,527.0,524.0,442.0,501.0
501.0,551.0,542.0,509.0,511.0,501.0,455.0
455.0,533.0,525.0,503.0,481.0,455.0,436.0
436.0,526.0,510.0,488.0,456.0,436.0,453.0
453.0,532.0,506.0,488.0,455.0,453.0,680.0
680.0,617.0,565.0,558.0,586.0,680.0,456.0
456.0,533.0,538.0,526.0,511.0,456.0,636.0
636.0,600.0,571.0,547.0,589.0,636.0,448.0
448.0,530.0,540.0,519.0,508.0,448.0,468.0
468.0,537.0,527.0,496.0,486.0,468.0,491.0
491.0,546.0,526.0,505.0,489.0,491.0,471.0
471.0,538.0,520.0,501.0,479.0,471.0,379.0
379.0,504.0,492.0,469.0,425.0,379.0,421.0
421.0,519.0,487.0,465.0,423.0,421.0,733.0
733.0,635.0,567.0,562.0,590.0,733.0,868.0
868.0,686.0,649.0,654.0,741.0,868.0,462.0
462.0,535.0,588.0,559.0,590.0,462.0,581.0
581.0,579.0,585.0,536.0,585.0,581.0,1007.0
1007.0,738.0,696.0,682.0,813.0,1007.0,1177.0
1177.0,804.0,808.0,808.0,1011.0,1177.0,1297.0
1297.0,854.0,908.0,891.0,1167.0,1297.0,1285.0
1285.0,855.0,964.0,927.0,1231.0,1285.0,1010.0
1010.0,750.0,917.0,855.0,1111.0,1010.0,1191.0
1191.0,824.0,945.0,1091.0,1183.0,1191.0,1109.0
1109.0,794.0,938.0,1096.0,1130.0,1109.0,1193.0
1193.0,831.0,960.0,1125.0,1164.0,1193.0,1998.0
1998.0,1173.0,1217.0,1388.0,1617.0,1998.0,1220.0
1220.0,853.0,1134.0,1336.0,1401.0,1220.0,950.0
950.0,742.0,1004.0,1221.0,1157.0,950.0,639.0
639.0,613.0,835.0,1014.0,835.0,639.0,514.0
514.0,562.0,702.0,687.0,623.0,514.0,403.0
403.0,515.0,595.0,603.0,525.0,403.0,411.0
411.0,518.0,540.0,545.0,461.0,411.0,469.0
469.0,542.0,528.0,562.0,465.0,469.0,459.0
459.0,538.0,518.0,566.0,462.0,459.0,430.0
430.0,525.0,504.0,500.0,444.0,430.0,402.0
402.0,514.0,488.0,498.0,421.0,402.0,419.0
419.0,520.0,485.0,451.0,420.0,419.0,390.0
390.0,508.0,474.0,434.0,403.0,390.0,521.0
521.0,562.0,507.0,462.0,469.0,521.0,1452.0
1452.0,950.0,802.0,900.0,1029.0,1452.0,1414.0
1414.0,941.0,959.0,1063.0,1251.0,1414.0,1048.0
1048.0,788.0,926.0,935.0,1248.0,1048.0,512.0
512.0,561.0,742.0,686.0,779.0,512.0,1343.0
1343.0,911.0,902.0,888.0,1099.0,1343.0,1224.0
1224.0,865.0,951.0,905.0,1169.0,1224.0,1183.0
1183.0,850.0,967.0,1016.0,1177.0,1183.0,1252.0
1252.0,883.0,999.0,1019.0,1219.0,1252.0,1106.0
1106.0,822.0,971.0,977.0,1155.0,1106.0,1088.0
1088.0,816.0,951.0,966.0,1118.0,1088.0,1500.0
1500.0,1001.0,1073.0,1081.0,1333.0,1500.0,1230.0
1230.0,885.0,1055.0,1050.0,1275.0,1230.0,1119.0
1119.0,837.0,1010.0,1013.0,1187.0,1119.0,1286.0
1286.0,915.0,1042.0,981.0,1243.0,1286.0,601.0
601.0,607.0,839.0,827.0,882.0,601.0,439.0
439.0,534.0,676.0,707.0,631.0,439.0,443.0
443.0,535.0,591.0,572.0,420.0,443.0,515.0
515.0,568.0,570.0,568.0,518.0,515.0,421.0
421.0,525.0,529.0,545.0,463.0,421.0,417.0
417.0,523.0,506.0,674.0,377.0,417.0,407.0
407.0,518.0,491.0,651.0,420.0,407.0,391.0
391.0,511.0,478.0,447.0,356.0,391.0,385.0
385.0,508.0,469.0,426.0,393.0,385.0,499.0
499.0,559.0,501.0,451.0,454.0,499.0,1296.0
1296.0,917.0,771.0,819.0,944.0,1296.0,423.0
423.0,527.0,635.0,722.0,641.0,423.0,411.0
411.0,521.0,561.0,556.0,508.0,411.0,453.0
453.0,539.0,535.0,565.0,460.0,453.0,839.0
839.0,710.0,642.0,711.0,685.0,839.0,1131.0
1131.0,841.0,790.0,818.0,944.0,1131.0,1125.0
1125.0,840.0,868.0,918.0,1049.0,1125.0,851.0
851.0,718.0,821.0,872.0,934.0,851.0,1333.0
1333.0,936.0,952.0,997.0,1165.0,1333.0,1007.0
1007.0,791.0,916.0,888.0,1074.0,1007.0,1414.0
1414.0,978.0,1031.0,1162.0,1271.0,1414.0,1090.0
1090.0,832.0,986.0,1137.0,1207.0,1090.0,1130.0
1130.0,852.0,977.0,1135.0,1145.0,1130.0,1216.0
1216.0,893.0,1001.0,1163.0,1186.0,1216.0,1384.0
1384.0,975.0,1071.0,1239.0,1301.0,1384.0,359.0
359.0,501.0,770.0,940.0,756.0,359.0,385.0
385.0,512.0,619.0,690.0,539.0,385.0,385.0
385.0,512.0,542.0,513.0,447.0,385.0,350.0
350.0,495.0,491.0,635.0,390.0,350.0,344.0
344.0,492.0,464.0,457.0,363.0,344.0,343.0
343.0,491.0,449.0,416.0,351.0,343.0,379.0
379.0,507.0,454.0,402.0,353.0,379.0,388.0
388.0,511.0,459.0,397.0,380.0,388.0,473.0
473.0,550.0,489.0,424.0,435.0,473.0,552.0
552.0,586.0,531.0,470.0,504.0,552.0,373.0
373.0,504.0,493.0,435.0,427.0,373.0,455.0
455.0,541.0,500.0,442.0,443.0,455.0,812.0
812.0,706.0,622.0,574.0,691.0,812.0,369.0
369.0,502.0,538.0,501.0,489.0,369.0,481.0
481.0,553.0,532.0,494.0,484.0,481.0,433.0
433.0,531.0,513.0,472.0,454.0,433.0,926.0
926.0,758.0,665.0,633.0,731.0,926.0,888.0
888.0,741.0,730.0,724.0,823.0,888.0,831.0
831.0,715.0,745.0,763.0,881.0,831.0,825.0
825.0,712.0,750.0,785.0,826.0,825.0,914.0
914.0,754.0,783.0,831.0,892.0,914.0,680.0
680.0,646.0,722.0,777.0,762.0,680.0,539.0
539.0,581.0,644.0,692.0,631.0,539.0,484.0
484.0,556.0,587.0,618.0,544.0,484.0,416.0
416.0,524.0,535.0,545.0,469.0,416.0,411.0
411.0,521.0,508.0,497.0,434.0,411.0,414.0
414.0,523.0,495.0,467.0,422.0,414.0,451.0
451.0,539.0,500.0,461.0,439.0,451.0,443.0
443.0,535.0,501.0,455.0,441.0,443.0,410.0
410.0,520.0,490.0,439.0,423.0,410.0,504.0
504.0,563.0,515.0,462.0,471.0,504.0,403.0
403.0,516.0,495.0,441.0,431.0,403.0,480.0
480.0,552.0,510.0,455.0,460.0,480.0,365.0
365.0,498.0,479.0,423.0,404.0,365.0,550.0
550.0,584.0,525.0,468.0,501.0,550.0,743.0
743.0,673.0,612.0,567.0,640.0,743.0,870.0
870.0,732.0,699.0,677.0,776.0,870.0,1020.0
1020.0,803.0,792.0,802.0,921.0,1020.0,730.0
730.0,668.0,741.0,776.0,870.0,730.0,727.0
727.0,667.0,715.0,758.0,760.0,727.0,787.0
787.0,695.0,722.0,769.0,776.0,787.0,1182.0
1182.0,879.0,859.0,919.0,1017.0,1182.0,1057.0
1057.0,822.0,886.0,968.0,1043.0,1057.0,916.0
916.0,757.0,855.0,984.0,966.0,916.0,890.0
890.0,745.0,840.0,954.0,918.0,890.0,770.0
770.0,731.0,763.0,830.0,825.0,770.0,657.0
657.0,644.0,676.0,735.0,740.0,657.0,423.0
423.0,475.0,518.0,541.0,552.0,423.0,390.0
390.0,451.0,458.0,477.0,462.0,390.0,412.0
412.0,467.0,456.0,432.0,421.0,412.0,461.0
461.0,503.0,484.0,463.0,447.0,461.0,442.0
442.0,488.0,479.0,442.0,444.0,442.0,687.0
687.0,666.0,623.0,610.0,647.0,687.0,460.0
460.0,502.0,526.0,465.0,522.0,460.0,515.0
515.0,542.0,534.0,563.0,533.0,515.0,452.0
452.0,497.0,498.0,462.0,488.0,452.0,538.0
538.0,559.0,540.0,533.0,541.0,538.0,465.0
465.0,506.0,508.0,467.0,500.0,465.0,412.0
412.0,468.0,469.0,486.0,451.0,412.0,434.0
434.0,484.0,472.0,501.0,454.0,434.0,416.0
416.0,471.0,462.0,422.0,442.0,416.0,397.0
397.0,457.0,448.0,472.0,424.0,397.0,455.0
455.0,499.0,479.0,442.0,463.0,455.0,427.0
427.0,479.0,470.0,422.0,452.0,427.0,401.0
401.0,460.0,453.0,414.0,430.0,401.0,480.0
480.0,517.0,495.0,526.0,483.0,480.0,490.0
490.0,524.0,511.0,468.0,499.0,490.0,540.0
540.0,560.0,544.0,567.0,535.0,540.0,476.0
476.0,514.0,515.0,480.0,511.0,476.0,410.0
410.0,467.0,470.0,445.0,452.0,410.0,362.0
362.0,433.0,430.0,438.0,401.0,362.0,425.0
425.0,478.0,457.0,424.0,436.0,425.0,376.0
376.0,443.0,436.0,445.0,407.0,376.0,422.0
422.0,476.0,457.0,419.0,435.0,422.0,437.0
437.0,487.0,471.0,420.0,453.0,437.0,479.0
479.0,517.0,500.0,517.0,489.0,479.0,481.0
481.0,518.0,507.0,466.0,500.0,481.0,402.0
402.0,462.0,463.0,458.0,423.0,402.0,414.0
414.0,470.0,459.0,430.0,438.0,414.0,459.0
459.0,503.0,485.0,497.0,470.0,459.0,524.0
524.0,549.0,529.0,543.0,502.0,524.0,439.0
439.0,488.0,490.0,481.0,463.0,439.0,431.0
431.0,483.0,476.0,474.0,458.0,431.0,418.0
418.0,474.0,465.0,427.0,446.0,418.0,385.0
385.0,450.0,443.0,439.0,412.0,385.0,366.0
366.0,436.0,427.0,423.0,396.0,366.0,393.0
393.0,456.0,439.0,465.0,402.0,393.0,393.0
393.0,456.0,442.0,455.0,415.0,393.0,369.0
369.0,439.0,428.0,436.0,398.0,369.0,353.0
353.0,428.0,416.0,434.0,381.0,353.0,370.0
370.0,440.0,423.0,435.0,389.0,370.0,374.0
374.0,443.0,427.0,441.0,394.0,374.0,369.0
369.0,439.0,424.0,442.0,392.0,369.0,387.0
387.0,452.0,435.0,457.0,405.0,387.0,317.0
317.0,401.0,396.0,426.0,355.0,317.0,309.0
309.0,395.0,382.0,431.0,323.0,309.0,332.0
332.0,412.0,392.0,435.0,335.0,332.0,331.0
331.0,411.0,393.0,431.0,337.0,331.0,374.0
374.0,442.0,419.0,404.0,385.0,374.0,390.0
390.0,453.0,435.0,461.0,405.0,390.0,423.0
423.0,477.0,458.0,486.0,435.0,423.0,378.0
378.0,445.0,437.0,466.0,408.0,378.0,358.0
358.0,430.0,421.0,466.0,386.0,358.0,405.0
405.0,464.0,444.0,481.0,416.0,405.0,411.0
411.0,468.0,453.0,487.0,427.0,411.0,488.0
488.0,524.0,501.0,533.0,488.0,488.0,590.0
590.0,597.0,573.0,587.0,582.0,590.0,790.0
790.0,740.0,708.0,709.0,756.0,790.0,1171.0
1171.0,1014.0,967.0,938.0,1093.0,1171.0,645.0
645.0,637.0,716.0,679.0,767.0,645.0,1079.0
1079.0,947.0,911.0,964.0,1021.0,1079.0,1090.0
1090.0,955.0,966.0,963.0,1063.0,1090.0,1074.0
1074.0,945.0,971.0,999.0,1095.0,1074.0,1177.0
1177.0,1020.0,1034.0,1070.0,1174.0,1177.0,1316.0
1316.0,1123.0,1133.0,1143.0,1298.0,1316.0,1423.0
1423.0,1204.0,1224.0,1201.0,1410.0,1423.0,1376.0
1376.0,1172.0,1220.0,1184.0,1399.0,1376.0,1175.0
1175.0,1026.0,1098.0,1081.0,1246.0,1175.0,673.0
673.0,661.0,764.0,786.0,829.0,673.0,569.0
569.0,585.0,622.0,683.0,644.0,569.0,471.0
471.0,514.0,532.0,505.0,520.0,471.0,398.0
398.0,462.0,468.0,382.0,441.0,398.0,597.0
597.0,606.0,574.0,427.0,577.0,597.0,526.0
526.0,555.0,555.0,346.0,553.0,526.0,463.0
463.0,509.0,513.0,346.0,497.0,463.0,566.0
566.0,584.0,565.0,419.0,565.0,566.0,403.0
403.0,466.0,479.0,374.0,454.0,403.0,404.0
404.0,467.0,460.0,440.0,435.0,404.0,508.0
508.0,542.0,519.0,498.0,504.0,508.0,438.0
438.0,491.0,489.0,510.0,467.0,438.0,1112.0
1112.0,977.0,888.0,931.0,984.0,1112.0,1216.0
1216.0,1054.0,1044.0,990.0,1173.0,1216.0,448.0
448.0,500.0,611.0,645.0,638.0,448.0,567.0
567.0,585.0,588.0,675.0,599.0,567.0,1162.0
1162.0,1013.0,941.0,934.0,1048.0,1162.0,1181.0
1181.0,1027.0,1031.0,1019.0,1168.0,1181.0,1479.0
1479.0,1246.0,1235.0,1280.0,1383.0,1479.0,1329.0
1329.0,1139.0,1187.0,1135.0,1353.0,1329.0,1135.0
1135.0,998.0,1057.0,1068.0,1211.0,1135.0,1015.0
1015.0,911.0,956.0,996.0,1075.0,1015.0,1197.0
1197.0,1045.0,1048.0,1047.0,1173.0,1197.0,659.0
659.0,653.0,736.0,686.0,809.0,659.0,588.0
588.0,602.0,627.0,656.0,650.0,588.0,928.0
928.0,848.0,813.0,731.0,881.0,928.0,464.0
464.0,513.0,570.0,419.0,572.0,464.0,435.0
435.0,492.0,500.0,396.0,484.0,435.0,490.0
490.0,532.0,519.0,380.0,505.0,490.0,564.0
564.0,585.0,568.0,429.0,567.0,564.0,481.0
481.0,525.0,528.0,387.0,517.0,481.0,408.0
408.0,473.0,476.0,482.0,452.0,408.0,411.0
411.0,475.0,466.0,453.0,439.0,411.0,469.0
469.0,517.0,498.0,497.0,466.0,469.0,447.0
447.0,500.0,492.0,508.0,467.0,447.0,374.0
374.0,447.0,446.0,502.0,409.0,374.0,374.0
374.0,446.0,436.0,521.0,399.0,374.0,1054.0
1054.0,938.0,845.0,856.0,868.0,1054.0,1507.0
1507.0,1268.0,1222.0,1157.0,1386.0,1507.0,475.0
475.0,522.0,663.0,657.0,721.0,475.0,1176.0
1176.0,1021.0,962.0,1236.0,1060.0,1176.0,480.0
480.0,526.0,625.0,706.0,662.0,480.0,1190.0
1190.0,1027.0,950.0,950.0,1056.0,1190.0,1194.0
1194.0,1031.0,1037.0,1038.0,1172.0,1194.0,1147.0
1147.0,999.0,1033.0,1033.0,1173.0,1147.0,1389.0
1389.0,1173.0,1174.0,1124.0,1347.0,1389.0,1041.0
1041.0,925.0,1009.0,940.0,1149.0,1041.0,379.0
379.0,457.0,579.0,572.0,597.0,379.0,758.0
758.0,724.0,694.0,765.0,740.0,758.0,511.0
511.0,550.0,580.0,580.0,597.0,511.0,366.0
366.0,448.0,468.0,468.0,435.0,366.0,381.0
381.0,459.0,448.0,448.0,421.0,381.0,435.0
435.0,497.0,475.0,475.0,450.0,435.0,437.0
437.0,498.0,482.0,483.0,459.0,437.0,414.0
414.0,482.0,471.0,469.0,447.0,414.0,415.0
415.0,483.0,469.0,402.0,417.0,415.0,436.0
436.0,497.0,481.0,437.0,454.0,436.0,387.0
387.0,462.0,455.0,454.0,423.0,387.0,505.0
505.0,545.0,516.0,516.0,497.0,505.0,1169.0
1169.0,1014.0,917.0,917.0,987.0,1169.0,550.0
550.0,578.0,659.0,659.0,695.0,550.0,1196.0
1196.0,1030.0,961.0,960.0,1030.0,1196.0,1544.0
1544.0,1279.0,1244.0,1266.0,1427.0,1544.0,1276.0
1276.0,1091.0,1162.0,1205.0,1338.0,1276.0,1138.0
1138.0,993.0,1060.0,1176.0,1210.0,1138.0,1344.0
1344.0,1141.0,1155.0,1269.0,1324.0,1344.0,584.0
584.0,603.0,741.0,742.0,822.0,584.0,585.0
585.0,603.0,635.0,635.0,670.0,585.0,1056.0
1056.0,932.0,875.0,874.0,960.0,1056.0,1232.0
1232.0,1058.0,1039.0,1039.0,1169.0,1232.0,1097.0
1097.0,963.0,1005.0,1005.0,1137.0,1097.0,1299.0
1299.0,1107.0,1113.0,1113.0,1270.0,1299.0,1272.0
1272.0,1090.0,1127.0,1127.0,1268.0,1272.0,1113.0
1113.0,978.0,1039.0,1039.0,1175.0,1113.0,407.0
407.0,481.0,608.0,607.0,658.0,407.0,439.0
439.0,503.0,517.0,517.0,520.0,439.0,547.0
547.0,579.0,559.0,559.0,559.0,547.0,486.0
486.0,536.0,534.0,534.0,526.0,486.0,442.0
442.0,505.0,502.0,502.0,486.0,442.0,419.0
419.0,489.0,482.0,481.0,457.0,419.0,420.0
420.0,490.0,477.0,477.0,450.0,420.0,439.0
439.0,503.0,487.0,487.0,461.0,439.0,533.0
533.0,570.0,544.0,544.0,531.0,533.0,420.0
420.0,490.0,493.0,505.0,471.0,420.0,980.0
980.0,882.0,801.0,801.0,851.0,980.0,1310.0
1310.0,1115.0,1072.0,1072.0,1202.0,1310.0,435.0
435.0,503.0,632.0,600.0,673.0,435.0,1301.0
1301.0,1101.0,1011.0,1126.0,1130.0,1301.0,1075.0
1075.0,947.0,986.0,906.0,1081.0,1075.0,979.0
979.0,879.0,924.0,924.0,1039.0,979.0,1166.0
1166.0,1010.0,1013.0,1074.0,1145.0,1166.0,1023.0
1023.0,911.0,957.0,1003.0,1080.0,1023.0,1199.0
1199.0,1034.0,1042.0,1070.0,1181.0,1199.0,1387.0
1387.0,1168.0,1172.0,1132.0,1342.0,1387.0,1887.0
1887.0,1529.0,1499.0,1372.0,1737.0,1887.0,1243.0
1243.0,1070.0,1216.0,1034.0,1417.0,1243.0,1106.0
1106.0,974.0,1063.0,1025.0,1223.0,1106.0,414.0
414.0,490.0,622.0,622.0,685.0,414.0,453.0
453.0,518.0,532.0,532.0,541.0,453.0,411.0
411.0,488.0,486.0,486.0,469.0,411.0,753.0
753.0,727.0,671.0,671.0,686.0,753.0,470.0
470.0,530.0,555.0,555.0,556.0,470.0,623.0
623.0,637.0,614.0,614.0,622.0,623.0,475.0
475.0,534.0,544.0,544.0,540.0,475.0,401.0
401.0,482.0,484.0,484.0,464.0,401.0,392.0
392.0,476.0,464.0,464.0,434.0,392.0,411.0
411.0,489.0,470.0,470.0,438.0,411.0,401.0
401.0,482.0,466.0,466.0,413.0,401.0,415.0
415.0,492.0,473.0,473.0,432.0,415.0,334.0
334.0,435.0,428.0,428.0,388.0,334.0,340.0
340.0,439.0,420.0,421.0,375.0,340.0,349.0
349.0,446.0,424.0,424.0,376.0,349.0,335.0
335.0,436.0,416.0,417.0,367.0,335.0,392.0
392.0,475.0,447.0,447.0,403.0,392.0,379.0
379.0,466.0,447.0,447.0,404.0,379.0,455.0
455.0,519.0,491.0,491.0,460.0,455.0,422.0
422.0,496.0,483.0,483.0,452.0,422.0,344.0
344.0,442.0,437.0,437.0,396.0,344.0,393.0
393.0,476.0,453.0,453.0,386.0,393.0,408.0
408.0,487.0,465.0,450.0,423.0,408.0,414.0
414.0,490.0,471.0,471.0,428.0,414.0,369.0
369.0,458.0,446.0,445.0,407.0,369.0,402.0
402.0,478.0,455.0,455.0,420.0,402.0,451.0
451.0,513.0,486.0,486.0,457.0,451.0,583.0
583.0,606.0,570.0,570.0,558.0,583.0,474.0
474.0,530.0,531.0,531.0,519.0,474.0,447.0
447.0,511.0,505.0,505.0,488.0,447.0,472.0
472.0,528.0,512.0,512.0,494.0,472.0,494.0
494.0,544.0,526.0,526.0,492.0,494.0,472.0
472.0,528.0,518.0,518.0,502.0,472.0,496.0
496.0,545.0,529.0,529.0,515.0,496.0,421.0
421.0,493.0,490.0,490.0,470.0,421.0,454.0
454.0,516.0,498.0,498.0,476.0,454.0,473.0
473.0,530.0,511.0,511.0,490.0,473.0,536.0
536.0,574.0,550.0,550.0,536.0,536.0,393.0
393.0,473.0,480.0,480.0,456.0,393.0,443.0
443.0,509.0,490.0,490.0,462.0,443.0,397.0
397.0,476.0,466.0,466.0,436.0,397.0,358.0
358.0,449.0,438.0,437.0,395.0,358.0,408.0
408.0,484.0,458.0,458.0,406.0,408.0,386.0
386.0,469.0,452.0,451.0,397.0,386.0,409.0
409.0,485.0,463.0,463.0,420.0,409.0,434.0
434.0,503.0,480.0,480.0,449.0,434.0,416.0
416.0,490.0,474.0,474.0,435.0,416.0,365.0
365.0,454.0,444.0,444.0,398.0,365.0,389.0
389.0,471.0,450.0,449.0,402.0,389.0,383.0
383.0,467.0,448.0,448.0,400.0,383.0,455.0
455.0,517.0,488.0,488.0,446.0,455.0,377.0
377.0,462.0,454.0,454.0,403.0,377.0,383.0
383.0,467.0,449.0,449.0,400.0,383.0,418.0
418.0,491.0,467.0,467.0,421.0,418.0,399.0
399.0,478.0,461.0,461.0,414.0,399.0,378.0
378.0,463.0,448.0,448.0,397.0,378.0,383.0
383.0,467.0,447.0,447.0,395.0,383.0,445.0
445.0,510.0,482.0,482.0,436.0,445.0,730.0
730.0,711.0,653.0,653.0,643.0,730.0,474.0
474.0,531.0,554.0,554.0,536.0,474.0,948.0
948.0,863.0,794.0,794.0,823.0,948.0,572.0
572.0,601.0,649.0,648.0,662.0,572.0,1013.0
1013.0,908.0,855.0,855.0,906.0,1013.0,1228.0
1228.0,1060.0,1034.0,1034.0,1134.0,1228.0,1159.0
1159.0,1012.0,1044.0,1044.0,1162.0,1159.0,1047.0
1047.0,934.0,983.0,983.0,1100.0,1047.0,1312.0
1312.0,1122.0,1118.0,1118.0,1252.0,1312.0,1554.0
1554.0,1297.0,1295.0,1296.0,1466.0,1554.0,1213.0
1213.0,1055.0,1148.0,1148.0,1306.0,1213.0,1359.0
1359.0,1160.0,1193.0,1194.0,1352.0,1359.0,1013.0
1013.0,915.0,1007.0,1008.0,1128.0,1013.0,1423.0
1423.0,1207.0,1192.0,1192.0,1338.0,1423.0,629.0
629.0,645.0,794.0,794.0,853.0,629.0,643.0
643.0,655.0,691.0,690.0,718.0,643.0,473.0
473.0,536.0,567.0,566.0,554.0,473.0,482.0
482.0,542.0,539.0,538.0,503.0,482.0,532.0
532.0,578.0,559.0,559.0,533.0,532.0,537.0
537.0,580.0,567.0,567.0,532.0,537.0,503.0
503.0,556.0,550.0,550.0,525.0,503.0,480.0
480.0,540.0,532.0,532.0,506.0,480.0,423.0
423.0,499.0,495.0,385.0,458.0,423.0,568.0
568.0,602.0,567.0,567.0,544.0,568.0,451.0
451.0,519.0,520.0,520.0,476.0,451.0,1239.0
1239.0,1073.0,954.0,954.0,1014.0,1239.0,1533.0
1533.0,1283.0,1245.0,1245.0,1396.0,1533.0,1010.0
1010.0,912.0,1013.0,1013.0,1137.0,1010.0,530.0
530.0,576.0,676.0,676.0,722.0,530.0,1437.0
1437.0,1206.0,1106.0,1106.0,1228.0,1437.0,1058.0
1058.0,942.0,1007.0,1007.0,1129.0,1058.0,1244.0
1244.0,1071.0,1084.0,1084.0,1222.0,1244.0,1621.0
1621.0,1336.0,1318.0,1319.0,1504.0,1621.0,1161.0
1161.0,1014.0,1125.0,1125.0,1290.0,1161.0,1144.0
1144.0,1003.0,1062.0,1063.0,1207.0,1144.0,1331.0
1331.0,1135.0,1151.0,1151.0,1301.0,1331.0,1251.0
1251.0,1080.0,1131.0,1132.0,1277.0,1251.0,1452.0
1452.0,1224.0,1241.0,1241.0,1403.0,1452.0,1192.0
1192.0,1041.0,1126.0,1126.0,1277.0,1192.0,498.0
498.0,556.0,702.0,702.0,770.0,498.0,475.0
475.0,539.0,571.0,570.0,575.0,475.0,523.0
523.0,572.0,563.0,563.0,550.0,523.0,527.0
527.0,576.0,564.0,564.0,545.0,527.0,500.0
500.0,556.0,549.0,366.0,510.0,500.0,736.0
736.0,722.0,679.0,696.0,683.0,736.0,477.0
477.0,539.0,565.0,435.0,557.0,477.0,482.0
482.0,543.0,539.0,546.0,521.0,482.0,521.0
521.0,570.0,554.0,550.0,536.0,521.0,470.0
470.0,533.0,528.0,527.0,506.0,470.0,1261.0
1261.0,1102.0,993.0,993.0,1050.0,1261.0,988.0
988.0,901.0,936.0,936.0,1026.0,988.0,1126.0
1126.0,998.0,1004.0,1004.0,1115.0,1126.0,752.0
752.0,732.0,800.0,800.0,872.0,752.0,1286.0
1286.0,1109.0,1063.0,1029.0,1177.0,1286.0,1204.0
1204.0,1054.0,1081.0,1081.0,1215.0,1204.0,1147.0
1147.0,1012.0,1050.0,1050.0,1188.0,1147.0,1398.0
1398.0,1191.0,1191.0,1190.0,1351.0,1398.0,1444.0
1444.0,1225.0,1253.0,1253.0,1433.0,1444.0,1384.0
1384.0,1184.0,1237.0,1237.0,1406.0,1384.0,1324.0
1324.0,1143.0,1198.0,1198.0,1373.0,1324.0,1155.0
1155.0,1022.0,1089.0,1089.0,1245.0,1155.0,1206.0
1206.0,1060.0,1092.0,1092.0,1231.0,1206.0,1336.0
1336.0,1155.0,1170.0,1171.0,1319.0,1336.0,541.0
541.0,584.0,726.0,725.0,811.0,541.0,445.0
445.0,515.0,555.0,554.0,579.0,445.0,478.0
478.0,539.0,532.0,533.0,529.0,478.0,717.0
717.0,710.0,667.0,667.0,678.0,717.0,600.0
600.0,626.0,632.0,632.0,615.0,600.0,659.0
659.0,669.0,658.0,658.0,674.0,659.0,679.0
679.0,683.0,676.0,689.0,696.0,679.0,629.0
629.0,648.0,652.0,652.0,669.0,629.0,1097.0
1097.0,983.0,918.0,918.0,978.0,1097.0,570.0
570.0,605.0,677.0,677.0,719.0,570.0,868.0
868.0,817.0,790.0,842.0,838.0,868.0,585.0
585.0,616.0,658.0,659.0,684.0,585.0,1378.0
1378.0,1186.0,1078.0,1078.0,1174.0,1378.0,1292.0
1292.0,1122.0,1141.0,1141.0,1273.0,1292.0,1202.0
1202.0,1056.0,1105.0,1105.0,1243.0,1202.0,1127.0
1127.0,1004.0,1053.0,1130.0,1183.0,1127.0,1222.0
1222.0,1071.0,1094.0,1094.0,1228.0,1222.0,974.0
974.0,893.0,963.0,1021.0,1075.0,974.0,1416.0
1416.0,1211.0,1180.0,1180.0,1326.0,1416.0,1373.0
1373.0,1182.0,1218.0,1218.0,1376.0,1373.0,1422.0
1422.0,1220.0,1258.0,1173.0,1433.0,1422.0,1190.0
1190.0,1053.0,1135.0,1267.0,1287.0,1190.0,1227.0
1227.0,1080.0,1123.0,1242.0,1270.0,1227.0,1002.0
1002.0,918.0,990.0,1094.0,1108.0,1002.0,530.0
530.0,577.0,680.0,744.0,719.0,530.0,484.0
484.0,545.0,569.0,580.0,582.0,484.0,486.0
486.0,546.0,541.0,541.0,535.0,486.0,460.0
460.0,527.0,519.0,519.0,478.0,460.0,496.0
496.0,553.0,534.0,395.0,516.0,496.0,491.0
491.0,549.0,535.0,535.0,517.0,491.0,483.0
483.0,543.0,531.0,531.0,512.0,483.0,413.0
413.0,493.0,489.0,415.0,462.0,413.0,468.0
468.0,532.0,509.0,509.0,485.0,468.0,574.0
574.0,608.0,575.0,572.0,564.0,574.0,1111.0
1111.0,996.0,904.0,884.0,954.0,1111.0,1386.0
1386.0,1199.0,1157.0,1158.0,1281.0,1386.0,1095.0
1095.0,987.0,1050.0,1088.0,1170.0,1095.0,826.0
826.0,792.0,864.0,940.0,936.0,826.0,1369.0
1369.0,1187.0,1136.0,1211.0,1261.0,1369.0,1463.0
1463.0,1256.0,1262.0,1363.0,1421.0,1463.0,1156.0
1156.0,1032.0,1114.0,1235.0,1255.0,1156.0,1104.0
1104.0,994.0,1046.0,1166.0,1169.0,1104.0,696.0
696.0,698.0,785.0,857.0,855.0,696.0,1280.0
1280.0,1125.0,1065.0,1128.0,1173.0,1280.0,1263.0
1263.0,1114.0,1128.0,1214.0,1256.0,1263.0,1220.0
1220.0,1084.0,1119.0,1209.0,1250.0,1220.0,1229.0
1229.0,1091.0,1123.0,1225.0,1255.0,1229.0,1388.0
1388.0,1211.0,1220.0,1330.0,1369.0,1388.0,495.0
495.0,552.0,711.0,798.0,764.0,495.0,484.0
484.0,544.0,574.0,593.0,571.0,484.0,479.0
479.0,540.0,538.0,519.0,531.0,479.0,542.0
542.0,586.0,567.0,534.0,559.0,542.0,484.0
484.0,544.0,539.0,502.0,526.0,484.0,510.0
510.0,563.0,548.0,507.0,535.0,510.0,496.0
496.0,553.0,542.0,500.0,527.0,496.0,455.0
455.0,522.0,516.0,471.0,497.0,455.0,522.0
522.0,572.0,550.0,504.0,535.0,522.0,489.0
489.0,548.0,538.0,494.0,523.0,489.0,435.0
435.0,508.0,503.0,456.0,481.0,435.0,468.0
468.0,532.0,514.0,464.0,492.0,468.0,457.0
457.0,524.0,510.0,459.0,487.0,457.0,419.0
419.0,497.0,487.0,487.0,449.0,419.0,484.0
484.0,544.0,520.0,520.0,497.0,484.0,408.0
408.0,488.0,482.0,482.0,453.0,408.0,428.0
428.0,503.0,485.0,485.0,456.0,428.0,386.0
386.0,472.0,461.0,461.0,426.0,386.0,465.0
465.0,530.0,502.0,502.0,473.0,465.0,475.0
475.0,537.0,518.0,518.0,495.0,475.0,425.0
425.0,501.0,492.0,492.0,465.0,425.0,467.0
467.0,532.0,511.0,511.0,486.0,467.0,502.0
502.0,558.0,537.0,530.0,517.0,502.0,491.0
491.0,549.0,536.0,536.0,511.0,491.0,535.0
535.0,581.0,562.0,562.0,534.0,535.0,506.0
506.0,560.0,551.0,551.0,532.0,506.0,506.0
506.0,560.0,548.0,548.0,534.0,506.0,492.0
492.0,550.0,540.0,540.0,525.0,492.0,423.0
423.0,499.0,496.0,496.0,469.0,423.0,440.0
440.0,512.0,496.0,496.0,462.0,440.0,431.0
431.0,505.0,490.0,490.0,454.0,431.0,437.0
437.0,509.0,492.0,492.0,455.0,437.0,432.0
432.0,506.0,490.0,490.0,451.0,432.0,503.0
503.0,558.0,532.0,532.0,501.0,503.0,450.0
450.0,519.0,510.0,510.0,477.0,450.0,365.0
365.0,456.0,454.0,454.0,409.0,365.0,332.0
332.0,431.0,420.0,420.0,364.0,332.0,423.0
423.0,498.0,466.0,466.0,416.0,423.0,441.0
441.0,511.0,488.0,488.0,443.0,441.0,367.0
367.0,457.0,449.0,449.0,399.0,367.0,362.0
362.0,453.0,437.0,437.0,381.0,362.0,353.0
353.0,447.0,428.0,428.0,373.0,353.0,350.0
350.0,443.0,424.0,424.0,367.0,350.0,409.0
409.0,487.0,459.0,494.0,407.0,409.0,389.0
389.0,472.0,454.0,454.0,400.0,389.0,377.0
377.0,463.0,446.0,446.0,388.0,377.0,385.0
385.0,469.0,449.0,449.0,391.0,385.0,360.0
360.0,450.0,434.0,434.0,371.0,360.0,369.0
369.0,456.0,436.0,436.0,368.0,369.0,368.0
368.0,456.0,436.0,436.0,375.0,368.0,457.0
457.0,522.0,490.0,490.0,439.0,457.0,400.0
400.0,480.0,469.0,468.0,417.0,400.0,808.0
808.0,781.0,710.0,709.0,687.0,808.0,461.0
461.0,524.0,560.0,587.0,541.0,461.0,441.0
441.0,510.0,511.0,511.0,479.0,441.0,426.0
426.0,498.0,489.0,489.0,450.0,426.0,404.0
404.0,482.0,470.0,470.0,425.0,404.0,503.0
503.0,555.0,524.0,524.0,488.0,503.0,428.0
428.0,499.0,493.0,526.0,453.0,428.0,487.0
487.0,542.0,520.0,520.0,484.0,487.0,1045.0
1045.0,953.0,862.0,823.0,895.0,1045.0,1159.0
1159.0,1038.0,1017.0,969.0,1094.0,1159.0,1174.0
1174.0,1055.0,1069.0,1018.0,1164.0,1174.0,1244.0
1244.0,1102.0,1118.0,1108.0,1235.0,1244.0,1008.0
1008.0,926.0,988.0,1015.0,1086.0,1008.0,1198.0
1198.0,1067.0,1070.0,1071.0,1176.0,1198.0,1025.0
1025.0,939.0,988.0,988.0,1079.0,1025.0,965.0
965.0,895.0,931.0,931.0,1010.0,965.0,1317.0
1317.0,1157.0,1127.0,1127.0,1233.0,1317.0,1311.0
1311.0,1153.0,1175.0,1175.0,1278.0,1311.0,1235.0
1235.0,1097.0,1142.0,1142.0,1249.0,1235.0,1040.0
1040.0,953.0,1017.0,1017.0,1110.0,1040.0,620.0
620.0,641.0,732.0,732.0,783.0,620.0,577.0
577.0,609.0,634.0,634.0,645.0,577.0,580.0
580.0,612.0,612.0,544.0,602.0,580.0,501.0
501.0,554.0,560.0,465.0,535.0,501.0,571.0
571.0,606.0,588.0,587.0,578.0,571.0,555.0
555.0,594.0,585.0,585.0,575.0,555.0,527.0
527.0,572.0,567.0,553.0,554.0,527.0,410.0
410.0,483.0,492.0,467.0,468.0,410.0,452.0
452.0,514.0,497.0,497.0,470.0,452.0,507.0
507.0,555.0,532.0,532.0,510.0,507.0,781.0
781.0,760.0,707.0,707.0,718.0,781.0,1446.0
1446.0,1258.0,1158.0,1158.0,1265.0,1446.0,1139.0
1139.0,1027.0,1079.0,1078.0,1192.0,1139.0,526.0
526.0,570.0,685.0,675.0,731.0,526.0,1140.0
1140.0,1027.0,963.0,963.0,1042.0,1140.0,904.0
904.0,850.0,888.0,888.0,960.0,904.0,1458.0
1458.0,1259.0,1201.0,1200.0,1332.0,1458.0,1198.0
1198.0,1067.0,1125.0,1170.0,1254.0,1198.0,1175.0
1175.0,1050.0,1093.0,1062.0,1209.0,1175.0,619.0
619.0,639.0,753.0,752.0,815.0,619.0,1438.0
1438.0,1242.0,1145.0,1146.0,1264.0,1438.0,1269.0
1269.0,1118.0,1154.0,1155.0,1284.0,1269.0,1283.0
1283.0,1129.0,1166.0,1166.0,1301.0,1283.0,1282.0
1282.0,1129.0,1169.0,1169.0,1304.0,1282.0,1279.0
1279.0,1128.0,1168.0,1169.0,1279.0,1279.0,744.0
744.0,733.0,853.0,853.0,928.0,744.0,645.0
645.0,660.0,709.0,700.0,742.0,645.0,418.0
418.0,494.0,538.0,529.0,530.0,418.0,401.0
401.0,480.0,480.0,468.0,442.0,401.0,372.0
372.0,456.0,446.0,446.0,416.0,372.0,444.0
444.0,510.0,482.0,482.0,451.0,444.0,353.0
353.0,442.0,436.0,450.0,399.0,353.0,364.0
364.0,450.0,431.0,335.0,369.0,364.0,1108.0
1108.0,1005.0,875.0,875.0,897.0,1108.0,535.0
535.0,579.0,649.0,639.0,668.0,535.0,1392.0
1392.0,1211.0,1094.0,1096.0,1174.0,1392.0,608.0
608.0,634.0,756.0,878.0,810.0,608.0,1187.0
1187.0,1057.0,998.0,951.0,1049.0,1187.0,1299.0
1299.0,1142.0,1134.0,1141.0,1247.0,1299.0,1560.0
1560.0,1335.0,1325.0,1432.0,1469.0,1560.0,1335.0
1335.0,1169.0,1245.0,1370.0,1398.0,1335.0,1099.0
1099.0,995.0,1083.0,1198.0,1211.0,1099.0,1442.0
1442.0,1250.0,1241.0,1352.0,1383.0,1442.0,696.0
696.0,697.0,852.0,941.0,949.0,696.0,1257.0
1257.0,1110.0,1065.0,1138.0,1163.0,1257.0,1591.0
1591.0,1360.0,1321.0,1420.0,1463.0,1591.0,1238.0
1238.0,1098.0,1193.0,1307.0,1334.0,1238.0,938.0
938.0,877.0,981.0,1078.0,1093.0,938.0,1083.0
1083.0,984.0,1003.0,1081.0,1104.0,1083.0,528.0
528.0,576.0,691.0,738.0,744.0,528.0,464.0
464.0,530.0,562.0,565.0,576.0,464.0,595.0
595.0,626.0,602.0,584.0,606.0,595.0,523.0
523.0,573.0,572.0,546.0,569.0,523.0,475.0
475.0,538.0,535.0,501.0,524.0,475.0,616.0
616.0,641.0,606.0,573.0,603.0,616.0,426.0
426.0,503.0,517.0,481.0,502.0,426.0,401.0
401.0,483.0,476.0,430.0,452.0,401.0,485.0
485.0,545.0,514.0,508.0,487.0,485.0,1231.0
1231.0,1091.0,954.0,945.0,999.0,1231.0,1264.0
1264.0,1119.0,1103.0,1150.0,1201.0,1264.0,519.0
519.0,572.0,711.0,754.0,761.0,519.0,794.0
794.0,772.0,759.0,779.0,801.0,794.0,1127.0
1127.0,1015.0,964.0,996.0,1037.0,1127.0,569.0
569.0,609.0,703.0,731.0,742.0,569.0,1295.0
1295.0,1135.0,1038.0,1077.0,1125.0,1295.0,912.0
912.0,857.0,922.0,976.0,1003.0,912.0,1305.0
1305.0,1143.0,1109.0,1177.0,1185.0,1305.0,733.0
733.0,728.0,845.0,907.0,914.0,733.0,1425.0
1425.0,1227.0,1149.0,1219.0,1262.0,1425.0,1321.0
1321.0,1153.0,1187.0,1281.0,1321.0,1321.0,921.0
921.0,865.0,976.0,1064.0,1079.0,921.0,1377.0
1377.0,1194.0,1164.0,1252.0,1291.0,1377.0,1345.0
1345.0,1172.0,1206.0,1308.0,1345.0,1345.0,465.0
465.0,539.0,733.0,806.0,792.0,465.0,789.0
789.0,771.0,763.0,796.0,808.0,789.0,534.0
534.0,589.0,632.0,639.0,648.0,534.0,459.0
459.0,535.0,550.0,531.0,542.0,459.0,535.0
535.0,590.0,566.0,482.0,555.0,535.0,498.0
498.0,564.0,551.0,512.0,535.0,498.0,399.0
399.0,493.0,492.0,496.0,439.0,399.0,393.0
393.0,488.0,470.0,466.0,434.0,393.0,499.0
499.0,564.0,521.0,473.0,494.0,499.0,411.0
411.0,500.0,488.0,456.0,458.0,411.0,355.0
355.0,460.0,447.0,450.0,407.0,355.0,625.0
625.0,653.0,582.0,573.0,567.0,625.0,420.0
420.0,506.0,512.0,546.0,488.0,420.0,438.0
438.0,518.0,500.0,564.0,472.0,438.0,481.0
481.0,549.0,519.0,603.0,494.0,481.0,376.0
376.0,473.0,467.0,555.0,433.0,376.0,451.0
451.0,527.0,491.0,569.0,462.0,451.0,435.0
435.0,514.0,490.0,491.0,460.0,435.0,415.0
415.0,500.0,478.0,525.0,436.0,415.0,471.0
471.0,540.0,505.0,540.0,480.0,471.0,364.0
364.0,463.0,456.0,463.0,422.0,364.0,390.0
390.0,482.0,454.0,452.0,418.0,390.0,356.0
356.0,458.0,435.0,466.0,394.0,356.0,414.0
414.0,499.0,460.0,485.0,424.0,414.0,411.0
411.0,496.0,466.0,488.0,432.0,411.0,402.0
402.0,490.0,463.0,492.0,429.0,402.0,468.0
468.0,537.0,499.0,529.0,470.0,468.0,472.0
472.0,540.0,512.0,545.0,488.0,472.0,472.0
472.0,540.0,516.0,560.0,494.0,472.0,432.0
432.0,511.0,496.0,551.0,471.0,432.0,463.0
463.0,534.0,506.0,507.0,467.0,463.0,418.0
418.0,501.0,485.0,519.0,456.0,418.0,452.0
452.0,526.0,497.0,550.0,471.0,452.0,446.0
446.0,521.0,497.0,541.0,472.0,446.0,385.0
385.0,477.0,464.0,509.0,433.0,385.0,420.0
420.0,503.0,473.0,514.0,441.0,420.0,379.0
379.0,473.0,453.0,507.0,418.0,379.0,384.0
384.0,477.0,449.0,493.0,412.0,384.0,396.0
396.0,485.0,454.0,483.0,417.0,396.0,422.0
422.0,504.0,470.0,495.0,437.0,422.0,449.0
449.0,523.0,490.0,494.0,461.0,449.0,416.0
416.0,499.0,478.0,486.0,449.0,416.0,416.0
416.0,499.0,475.0,479.0,429.0,416.0,411.0
411.0,496.0,471.0,519.0,437.0,411.0,409.0
409.0,494.0,468.0,518.0,436.0,409.0,414.0
414.0,498.0,470.0,519.0,438.0,414.0,380.0
380.0,473.0,452.0,502.0,417.0,380.0,463.0
463.0,533.0,492.0,492.0,463.0,463.0,397.0
397.0,485.0,469.0,475.0,436.0,397.0,507.0
507.0,565.0,521.0,559.0,497.0,507.0,480.0
480.0,546.0,524.0,557.0,501.0,480.0,435.0
435.0,513.0,500.0,546.0,473.0,435.0,377.0
377.0,471.0,460.0,516.0,425.0,377.0,384.0
384.0,476.0,451.0,505.0,412.0,384.0,392.0
392.0,482.0,452.0,452.0,411.0,392.0,332.0
332.0,438.0,420.0,460.0,372.0,332.0,424.0
424.0,505.0,460.0,459.0,417.0,424.0,387.0
387.0,478.0,452.0,458.0,409.0,387.0,366.0
366.0,463.0,439.0,446.0,392.0,366.0,347.0
347.0,449.0,424.0,455.0,373.0,347.0,345.0
345.0,448.0,418.0,447.0,365.0,345.0,357.0
357.0,456.0,422.0,424.0,369.0,357.0,501.0
501.0,560.0,503.0,534.0,469.0,501.0,396.0
396.0,485.0,471.0,508.0,429.0,396.0,358.0
358.0,457.0,440.0,502.0,391.0,358.0,447.0
447.0,521.0,479.0,539.0,435.0,447.0,393.0
393.0,483.0,462.0,467.0,416.0,393.0,338.0
338.0,443.0,427.0,434.0,372.0,338.0,352.0
352.0,453.0,423.0,488.0,367.0,352.0,330.0
330.0,438.0,410.0,465.0,347.0,330.0,371.0
371.0,467.0,428.0,472.0,364.0,371.0,389.0
389.0,480.0,443.0,467.0,379.0,389.0,436.0
436.0,514.0,474.0,503.0,423.0,436.0,507.0
507.0,565.0,523.0,548.0,482.0,507.0,465.0
465.0,535.0,516.0,527.0,476.0,465.0,334.0
334.0,441.0,443.0,505.0,389.0,334.0,390.0
390.0,481.0,449.0,499.0,394.0,390.0,353.0
353.0,455.0,431.0,432.0,368.0,353.0,413.0
413.0,497.0,457.0,457.0,402.0,413.0,389.0
389.0,479.0,453.0,504.0,395.0,389.0,573.0
573.0,612.0,552.0,573.0,512.0,573.0,1013.0
1013.0,930.0,826.0,826.0,852.0,1013.0,908.0
908.0,854.0,857.0,862.0,896.0,908.0,1245.0
1245.0,1098.0,1053.0,1077.0,1134.0,1245.0,1354.0
1354.0,1178.0,1178.0,1216.0,1287.0,1354.0,745.0
745.0,736.0,879.0,987.0,940.0,745.0,795.0
795.0,772.0,811.0,978.0,852.0,795.0,1330.0
1330.0,1154.0,1078.0,1189.0,1171.0,1330.0,1137.0
1137.0,1015.0,1062.0,1063.0,1158.0,1137.0,1457.0
1457.0,1247.0,1231.0,1238.0,1358.0,1457.0,639.0
639.0,660.0,848.0,848.0,903.0,639.0,783.0
783.0,762.0,796.0,796.0,827.0,783.0,1482.0
1482.0,1261.0,1148.0,1057.0,1255.0,1482.0,1423.0
1423.0,1221.0,1241.0,1242.0,1351.0,1423.0,1258.0
1258.0,1103.0,1184.0,1185.0,1306.0,1258.0,1273.0
1273.0,1115.0,1173.0,1176.0,1292.0,1273.0,451.0
451.0,528.0,729.0,728.0,761.0,451.0,494.0
494.0,559.0,600.0,600.0,590.0,494.0,503.0
503.0,565.0,564.0,564.0,534.0,503.0,539.0
539.0,591.0,571.0,559.0,544.0,539.0,641.0
641.0,664.0,628.0,629.0,603.0,641.0,441.0
441.0,521.0,540.0,552.0,508.0,441.0,407.0
407.0,494.0,490.0,394.0,447.0,407.0,456.0
456.0,530.0,502.0,449.0,460.0,456.0,605.0
605.0,637.0,584.0,530.0,554.0,605.0,542.0
542.0,591.0,579.0,596.0,551.0,542.0,882.0
882.0,836.0,760.0,753.0,777.0,882.0,1164.0
1164.0,1037.0,973.0,962.0,1040.0,1164.0,1209.0
1209.0,1069.0,1067.0,1090.0,1160.0,1209.0,1259.0
1259.0,1105.0,1126.0,1138.0,1234.0,1259.0,1455.0
1455.0,1248.0,1253.0,1252.0,1388.0,1455.0,601.0
601.0,634.0,830.0,858.0,882.0,601.0,537.0
537.0,588.0,655.0,655.0,662.0,537.0,584.0
584.0,621.0,624.0,600.0,617.0,584.0,1522.0
1522.0,1290.0,1120.0,1120.0,1207.0,1522.0,1425.0
1425.0,1222.0,1234.0,1234.0,1356.0,1425.0,1261.0
1261.0,1105.0,1179.0,1180.0,1305.0,1261.0,1292.0
1292.0,1129.0,1179.0,1180.0,1307.0,1292.0,1109.0
1109.0,998.0,1079.0,1079.0,1179.0,1109.0,1271.0
1271.0,1115.0,1136.0,1137.0,1236.0,1271.0,745.0
745.0,739.0,867.0,867.0,934.0,745.0,500.0
500.0,564.0,645.0,645.0,665.0,500.0,455.0
455.0,532.0,551.0,551.0,533.0,455.0,497.0
497.0,561.0,545.0,545.0,510.0,497.0,457.0
457.0,533.0,522.0,522.0,479.0,457.0,520.0
520.0,578.0,548.0,548.0,522.0,520.0,477.0
477.0,547.0,533.0,540.0,505.0,477.0,477.0
477.0,544.0,527.0,524.0,498.0,477.0,623.0
623.0,651.0,608.0,607.0,591.0,623.0,441.0
441.0,516.0,529.0,540.0,507.0,441.0,549.0
549.0,595.0,567.0,567.0,543.0,549.0,1265.0
1265.0,1118.0,987.0,987.0,1035.0,1265.0,1833.0
1833.0,1538.0,1448.0,1448.0,1588.0,1833.0,1471.0
1471.0,1272.0,1359.0,1430.0,1526.0,1471.0,1214.0
1214.0,1082.0,1184.0,1166.0,1330.0,1214.0,1508.0
1508.0,1301.0,1308.0,1309.0,1466.0,1508.0,1088.0
1088.0,991.0,1097.0,1094.0,1233.0,1088.0,1484.0
1484.0,1284.0,1271.0,1272.0,1416.0,1484.0,1530.0
1530.0,1321.0,1349.0,1349.0,1509.0,1530.0,1667.0
1667.0,1426.0,1453.0,1454.0,1631.0,1667.0,1378.0
1378.0,1211.0,1312.0,1313.0,1482.0,1378.0,996.0
996.0,927.0,1047.0,1047.0,1177.0,996.0,1582.0
1582.0,1363.0,1317.0,1317.0,1462.0,1582.0,667.0
667.0,685.0,865.0,865.0,954.0,667.0,869.0
869.0,834.0,850.0,850.0,897.0,869.0,758.0
758.0,752.0,782.0,679.0,831.0,758.0,593.0
593.0,631.0,669.0,655.0,693.0,593.0,550.0
550.0,600.0,611.0,606.0,614.0,550.0,664.0
664.0,683.0,658.0,609.0,662.0,664.0,572.0
572.0,615.0,620.0,627.0,596.0,572.0,677.0
677.0,693.0,669.0,669.0,672.0,677.0,399.0
399.0,487.0,523.0,523.0,508.0,399.0,454.0
454.0,527.0,512.0,512.0,487.0,454.0,521.0
521.0,577.0,547.0,549.0,524.0,521.0,472.0
472.0,539.0,528.0,528.0,505.0,472.0,1176.0
1176.0,1058.0,928.0,1016.0,962.0,1176.0,1280.0
1280.0,1138.0,1108.0,1108.0,1192.0,1280.0,1353.0
1353.0,1194.0,1202.0,1202.0,1316.0,1353.0,1253.0
1253.0,1119.0,1169.0,1169.0,1295.0,1253.0,1352.0
1352.0,1194.0,1219.0,1219.0,1348.0,1352.0,1317.0
1317.0,1168.0,1213.0,1301.0,1344.0,1317.0,1583.0
1583.0,1368.0,1366.0,1357.0,1518.0,1583.0,1525.0
1525.0,1327.0,1380.0,1381.0,1542.0,1525.0,1480.0
1480.0,1295.0,1358.0,1359.0,1518.0,1480.0,1531.0
1531.0,1335.0,1383.0,1384.0,1516.0,1531.0,655.0
655.0,676.0,875.0,875.0,980.0,655.0,1010.0
1010.0,941.0,936.0,936.0,1017.0,1010.0,1459.0
1459.0,1277.0,1213.0,1213.0,1331.0,1459.0,1236.0
1236.0,1111.0,1166.0,1167.0,1284.0,1236.0,494.0
494.0,558.0,725.0,724.0,786.0,494.0,546.0
546.0,597.0,624.0,624.0,648.0,546.0,467.0
467.0,538.0,549.0,523.0,545.0,467.0,476.0
476.0,545.0,533.0,525.0,514.0,476.0,466.0
466.0,537.0,522.0,522.0,498.0,466.0,516.0
516.0,572.0,548.0,549.0,502.0,516.0,468.0
468.0,535.0,526.0,526.0,502.0,468.0,1019.0
1019.0,950.0,848.0,848.0,869.0,1019.0,570.0
570.0,613.0,669.0,669.0,684.0,570.0,527.0
527.0,580.0,595.0,595.0,594.0,527.0,467.0
467.0,535.0,539.0,671.0,524.0,467.0,1163.0
1163.0,1057.0,934.0,927.0,966.0,1163.0,1220.0
1220.0,1100.0,1080.0,1148.0,1152.0,1220.0,1317.0
1317.0,1176.0,1179.0,1188.0,1294.0,1317.0,1029.0
1029.0,956.0,1031.0,1031.0,1130.0,1029.0,1189.0
1189.0,1075.0,1085.0,1065.0,1186.0,1189.0,1197.0
1197.0,1081.0,1105.0,1106.0,1211.0,1197.0,1255.0
1255.0,1126.0,1146.0,1146.0,1257.0,1255.0,1149.0
1149.0,1046.0,1096.0,1096.0,1203.0,1149.0,1241.0
1241.0,1117.0,1136.0,1136.0,1245.0,1241.0,939.0
939.0,890.0,970.0,970.0,1062.0,939.0,1109.0
1109.0,1018.0,1022.0,1023.0,1109.0,1109.0,793.0
793.0,780.0,853.0,852.0,919.0,793.0,444.0
444.0,518.0,598.0,598.0,622.0,444.0,436.0
436.0,512.0,521.0,521.0,515.0,436.0,487.0
487.0,550.0,529.0,529.0,514.0,487.0,433.0
433.0,510.0,500.0,500.0,477.0,433.0,525.0
525.0,579.0,546.0,546.0,527.0,525.0,497.0
497.0,558.0,542.0,542.0,509.0,497.0,470.0
470.0,538.0,526.0,525.0,490.0,470.0,504.0
504.0,563.0,541.0,541.0,523.0,504.0,536.0
536.0,588.0,564.0,564.0,550.0,536.0,449.0
449.0,523.0,520.0,520.0,500.0,449.0,506.0
506.0,565.0,541.0,541.0,522.0,506.0,459.0
459.0,530.0,519.0,519.0,486.0,459.0,507.0
507.0,566.0,541.0,541.0,522.0,507.0,550.0
550.0,599.0,573.0,573.0,559.0,550.0,466.0
466.0,536.0,533.0,533.0,506.0,466.0,482.0
482.0,548.0,531.0,531.0,501.0,482.0,470.0
470.0,539.0,523.0,523.0,502.0,470.0,569.0
569.0,613.0,579.0,579.0,565.0,569.0,830.0
830.0,809.0,749.0,749.0,762.0,830.0,774.0
774.0,767.0,763.0,763.0,789.0,774.0,475.0
475.0,544.0,592.0,592.0,597.0,475.0,464.0
464.0,536.0,537.0,537.0,526.0,464.0,547.0
547.0,598.0,571.0,571.0,559.0,547.0,536.0
536.0,590.0,574.0,574.0,562.0,536.0,487.0
487.0,553.0,546.0,546.0,531.0,487.0,507.0
507.0,568.0,550.0,550.0,534.0,507.0,482.0
482.0,549.0,537.0,536.0,506.0,482.0,386.0
386.0,477.0,476.0,476.0,448.0,386.0,400.0
400.0,488.0,468.0,468.0,434.0,400.0,407.0
407.0,493.0,469.0,469.0,433.0,407.0,348.0
348.0,449.0,435.0,435.0,392.0,348.0,390.0
390.0,480.0,450.0,450.0,406.0,390.0,360.0
360.0,457.0,436.0,436.0,390.0,360.0,343.0
343.0,445.0,422.0,422.0,372.0,343.0,317.0
317.0,425.0,403.0,403.0,347.0,317.0,468.0
468.0,538.0,487.0,487.0,443.0,468.0,491.0
491.0,555.0,524.0,524.0,489.0,491.0,559.0
559.0,606.0,574.0,574.0,550.0,559.0,529.0
529.0,584.0,571.0,571.0,549.0,529.0,453.0
453.0,527.0,525.0,525.0,496.0,453.0,362.0
362.0,459.0,458.0,458.0,416.0,362.0,695.0
695.0,708.0,636.0,636.0,591.0,695.0,340.0
340.0,444.0,477.0,477.0,443.0,340.0,358.0
358.0,457.0,444.0,444.0,396.0,358.0,384.0
384.0,476.0,449.0,449.0,397.0,384.0,358.0
358.0,457.0,435.0,435.0,378.0,358.0,385.0
385.0,477.0,448.0,448.0,389.0,385.0,598.0
598.0,636.0,576.0,576.0,533.0,598.0,504.0
504.0,566.0,557.0,557.0,524.0,504.0,347.0
347.0,449.0,460.0,459.0,412.0,347.0,344.0
344.0,447.0,431.0,431.0,361.0,344.0,331.0
331.0,438.0,415.0,415.0,353.0,331.0,376.0
376.0,470.0,437.0,437.0,376.0,376.0,327.0
327.0,434.0,414.0,414.0,344.0,327.0,322.0
322.0,428.0,404.0,421.0,339.0,322.0,444.0
444.0,520.0,473.0,476.0,420.0,444.0,479.0
479.0,546.0,513.0,513.0,470.0,479.0,1109.0
1109.0,1018.0,897.0,897.0,932.0,1109.0,1259.0
1259.0,1130.0,1094.0,1133.0,1178.0,1259.0,552.0
552.0,602.0,727.0,727.0,758.0,552.0,895.0
895.0,857.0,829.0,823.0,867.0,895.0,967.0
967.0,909.0,898.0,898.0,951.0,967.0,1066.0
1066.0,983.0,976.0,974.0,1047.0,1066.0,1129.0
1129.0,1029.0,1033.0,1035.0,1119.0,1129.0,1246.0
1246.0,1118.0,1119.0,1119.0,1223.0,1246.0,1283.0
1283.0,1146.0,1164.0,1164.0,1279.0,1283.0,1204.0
1204.0,1087.0,1130.0,1130.0,1238.0,1204.0,1407.0
1407.0,1241.0,1242.0,1242.0,1370.0,1407.0,1248.0
1248.0,1121.0,1178.0,1179.0,1280.0,1248.0,1113.0
1113.0,1021.0,1081.0,1082.0,1169.0,1113.0,1154.0
1154.0,1052.0,1079.0,1064.0,1177.0,1154.0,1018.0
1018.0,950.0,998.0,998.0,1076.0,1018.0,528.0
528.0,583.0,684.0,667.0,708.0,528.0,482.0
482.0,549.0,572.0,544.0,554.0,482.0,614.0
614.0,648.0,622.0,622.0,610.0,614.0,466.0
466.0,537.0,547.0,559.0,530.0,466.0,564.0
564.0,610.0,585.0,584.0,546.0,564.0,474.0
474.0,543.0,541.0,394.0,520.0,474.0,462.0
462.0,533.0,522.0,522.0,495.0,462.0,459.0
459.0,529.0,514.0,515.0,485.0,459.0,1265.0
1265.0,1140.0,998.0,998.0,1068.0,1265.0,419.0
419.0,501.0,619.0,616.0,608.0,419.0,520.0
520.0,576.0,578.0,578.0,571.0,520.0,880.0
880.0,847.0,780.0,780.0,813.0,880.0,1250.0
1250.0,1123.0,1055.0,1056.0,1149.0,1250.0,1101.0
1101.0,1011.0,1040.0,1040.0,1136.0,1101.0,1206.0
1206.0,1090.0,1099.0,1099.0,1208.0,1206.0,1268.0
1268.0,1137.0,1152.0,1152.0,1273.0,1268.0,1338.0
1338.0,1190.0,1209.0,1332.0,1341.0,1338.0,1294.0
1294.0,1156.0,1197.0,1194.0,1325.0,1294.0,1399.0
1399.0,1236.0,1257.0,1258.0,1400.0,1399.0,1192.0
1192.0,1080.0,1151.0,1152.0,1277.0,1192.0,1267.0
1267.0,1138.0,1167.0,1167.0,1292.0,1267.0,1071.0
1071.0,990.0,1055.0,1056.0,1159.0,1071.0,1007.0
1007.0,942.0,986.0,986.0,1048.0,1007.0,1211.0
1211.0,1097.0,1088.0,1088.0,1158.0,1211.0,668.0
668.0,687.0,796.0,796.0,845.0,668.0,449.0
449.0,523.0,583.0,583.0,589.0,449.0,487.0
487.0,551.0,548.0,548.0,528.0,487.0,518.0
518.0,575.0,557.0,556.0,544.0,518.0,504.0
504.0,564.0,551.0,550.0,536.0,504.0,447.0
447.0,520.0,515.0,515.0,492.0,447.0,400.0
400.0,484.0,477.0,477.0,446.0,400.0,402.0
402.0,485.0,468.0,468.0,437.0,402.0,480.0
480.0,544.0,511.0,511.0,488.0,480.0,588.0
588.0,625.0,588.0,588.0,585.0,588.0,2174.0
2174.0,1823.0,1572.0,1467.0,1856.0,2174.0,1264.0
1264.0,1132.0,1272.0,1272.0,1420.0,1264.0,2005.0
2005.0,1690.0,1641.0,1641.0,1901.0,2005.0,2372.0
2372.0,1981.0,1976.0,1977.0,2295.0,2372.0,2575.0
2575.0,2155.0,2207.0,2206.0,2540.0,2575.0,1694.0
1694.0,1466.0,1702.0,1702.0,1908.0,1694.0,1837.0
1837.0,1579.0,1667.0,1667.0,1875.0,1837.0,1716.0
1716.0,1489.0,1584.0,1567.0,1778.0,1716.0,1734.0
1734.0,1507.0,1576.0,1577.0,1771.0,1734.0,1281.0
1281.0,1157.0,1295.0,1295.0,1418.0,1281.0,1070.0
1070.0,996.0,1090.0,1090.0,1174.0,1070.0,912.0
912.0,875.0,939.0,939.0,1001.0,912.0,761.0
761.0,760.0,807.0,807.0,840.0,761.0,861.0
861.0,836.0,833.0,833.0,849.0,861.0,523.0
523.0,578.0,635.0,635.0,628.0,523.0,529.0
529.0,583.0,587.0,245.0,577.0,529.0,560.0
560.0,606.0,593.0,483.0,589.0,560.0,429.0
429.0,505.0,513.0,406.0,489.0,429.0,439.0
439.0,513.0,499.0,497.0,475.0,439.0,448.0
448.0,519.0,501.0,503.0,479.0,448.0,416.0
416.0,493.0,481.0,481.0,454.0,416.0,387.0
387.0,470.0,458.0,458.0,406.0,387.0,393.0
393.0,475.0,455.0,456.0,403.0,393.0,373.0
373.0,459.0,442.0,442.0,411.0,373.0,440.0
440.0,510.0,480.0,481.0,458.0,440.0,459.0
459.0,525.0,502.0,541.0,451.0,459.0,448.0
448.0,516.0,500.0,500.0,480.0,448.0,464.0
464.0,528.0,510.0,510.0,495.0,464.0,494.0
494.0,551.0,531.0,531.0,519.0,494.0,464.0
464.0,528.0,517.0,517.0,499.0,464.0,435.0
435.0,505.0,495.0,495.0,472.0,435.0,445.0
445.0,512.0,495.0,532.0,474.0,445.0,495.0
495.0,550.0,524.0,525.0,514.0,495.0,463.0
463.0,525.0,513.0,513.0,498.0,463.0,422.0
422.0,493.0,485.0,485.0,464.0,422.0,430.0
430.0,499.0,482.0,482.0,462.0,430.0,587.0
587.0,620.0,578.0,578.0,587.0,587.0,661.0
661.0,678.0,648.0,648.0,671.0,661.0,502.0
502.0,555.0,569.0,570.0,562.0,502.0,457.0
457.0,520.0,521.0,521.0,504.0,457.0,458.0
458.0,521.0,509.0,509.0,492.0,458.0,457.0
457.0,521.0,506.0,545.0,487.0,457.0,443.0
443.0,510.0,496.0,496.0,475.0,443.0,471.0
471.0,531.0,510.0,526.0,494.0,471.0,455.0
455.0,518.0,504.0,504.0,486.0,455.0,446.0
446.0,511.0,497.0,499.0,459.0,446.0,571.0
571.0,608.0,571.0,571.0,574.0,571.0,575.0
575.0,611.0,593.0,593.0,595.0,575.0,464.0
464.0,524.0,531.0,531.0,515.0,464.0,634.0
634.0,655.0,617.0,602.0,631.0,634.0,603.0
603.0,631.0,622.0,643.0,602.0,603.0,1159.0
1159.0,1062.0,964.0,964.0,1074.0,1159.0,1639.0
1639.0,1436.0,1356.0,1356.0,1502.0,1639.0,1412.0
1412.0,1259.0,1313.0,1353.0,1432.0,1412.0,945.0
945.0,896.0,1011.0,1017.0,1073.0,945.0,1458.0
1458.0,1293.0,1251.0,1218.0,1365.0,1458.0,1359.0
1359.0,1217.0,1254.0,1254.0,1391.0,1359.0,887.0
887.0,850.0,964.0,964.0,1001.0,887.0,841.0
841.0,815.0,859.0,859.0,882.0,841.0,848.0
848.0,821.0,836.0,836.0,883.0,848.0,573.0
573.0,608.0,661.0,661.0,640.0,573.0,712.0
712.0,716.0,701.0,700.0,695.0,712.0,443.0
443.0,508.0,546.0,546.0,525.0,443.0,389.0
389.0,466.0,472.0,472.0,439.0,389.0,464.0
464.0,524.0,499.0,499.0,472.0,464.0,404.0
404.0,477.0,469.0,469.0,444.0,404.0,438.0
438.0,503.0,482.0,482.0,463.0,438.0,531.0
531.0,575.0,542.0,543.0,541.0,531.0,471.0
471.0,529.0,521.0,521.0,480.0,471.0,457.0
457.0,518.0,507.0,507.0,492.0,457.0,507.0
507.0,557.0,534.0,535.0,504.0,507.0,474.0
474.0,531.0,521.0,521.0,509.0,474.0,378.0
378.0,457.0,458.0,458.0,416.0,378.0,373.0
373.0,453.0,439.0,439.0,394.0,373.0,428.0
428.0,496.0,468.0,468.0,448.0,428.0,431.0
431.0,498.0,477.0,478.0,458.0,431.0,455.0
455.0,516.0,494.0,495.0,479.0,455.0,421.0
421.0,490.0,478.0,478.0,457.0,421.0,453.0
453.0,515.0,494.0,494.0,478.0,453.0,423.0
423.0,492.0,479.0,479.0,457.0,423.0,418.0
418.0,488.0,472.0,472.0,420.0,418.0,390.0
390.0,466.0,453.0,453.0,423.0,390.0,461.0
461.0,521.0,492.0,492.0,475.0,461.0,401.0
401.0,474.0,465.0,465.0,437.0,401.0,385.0
385.0,462.0,448.0,448.0,414.0,385.0,418.0
418.0,487.0,464.0,464.0,436.0,418.0,409.0
409.0,480.0,462.0,462.0,432.0,409.0,366.0
366.0,447.0,435.0,435.0,397.0,366.0,416.0
416.0,486.0,459.0,459.0,427.0,416.0,376.0
376.0,455.0,441.0,441.0,403.0,376.0,418.0
418.0,487.0,462.0,462.0,430.0,418.0,473.0
473.0,530.0,501.0,501.0,480.0,473.0,357.0
357.0,440.0,440.0,440.0,396.0,357.0,393.0
393.0,468.0,446.0,446.0,408.0,393.0,403.0
403.0,476.0,454.0,454.0,417.0,403.0,372.0
372.0,451.0,436.0,437.0,395.0,372.0,342.0
342.0,428.0,413.0,414.0,364.0,342.0,431.0
431.0,497.0,462.0,462.0,430.0,431.0,381.0
381.0,458.0,444.0,444.0,401.0,381.0,304.0
304.0,399.0,392.0,392.0,333.0,304.0,424.0
424.0,492.0,453.0,453.0,416.0,424.0,357.0
357.0,440.0,427.0,427.0,385.0,357.0,379.0
379.0,457.0,434.0,434.0,388.0,379.0,426.0
426.0,493.0,465.0,465.0,427.0,426.0,386.0
386.0,462.0,448.0,448.0,402.0,386.0,351.0
351.0,435.0,422.0,422.0,373.0,351.0,364.0
364.0,445.0,424.0,424.0,370.0,364.0,338.0
338.0,425.0,408.0,408.0,353.0,338.0,474.0
474.0,531.0,489.0,517.0,460.0,474.0,455.0
455.0,515.0,496.0,497.0,465.0,455.0,370.0
370.0,449.0,446.0,446.0,387.0,370.0,633.0
633.0,653.0,595.0,595.0,595.0,633.0,455.0
455.0,515.0,525.0,525.0,489.0,455.0,630.0
630.0,652.0,614.0,614.0,609.0,630.0,424.0
424.0,492.0,511.0,511.0,464.0,424.0,447.0
447.0,510.0,499.0,546.0,465.0,447.0,460.0
460.0,520.0,502.0,502.0,469.0,460.0,418.0
418.0,487.0,478.0,478.0,436.0,418.0,567.0
567.0,602.0,562.0,562.0,538.0,567.0,457.0
457.0,517.0,517.0,518.0,484.0,457.0,986.0
986.0,927.0,828.0,828.0,889.0,986.0,1722.0
1722.0,1500.0,1371.0,1371.0,1578.0,1722.0,1125.0
1125.0,1034.0,1138.0,1138.0,1225.0,1125.0,2006.0
2006.0,1719.0,1623.0,1696.0,1868.0,2006.0,1558.0
1558.0,1372.0,1479.0,1436.0,1633.0,1558.0,1801.0
1801.0,1564.0,1591.0,1701.0,1783.0,1801.0,1652.0
1652.0,1448.0,1530.0,1622.0,1696.0,1652.0,1778.0
1778.0,1549.0,1593.0,1623.0,1775.0,1778.0,1139.0
1139.0,1047.0,1216.0,1263.0,1295.0,1139.0,977.0
977.0,921.0,1012.0,969.0,1055.0,977.0,997.0
997.0,937.0,969.0,842.0,1014.0,997.0,918.0
918.0,876.0,910.0,742.0,938.0,918.0,858.0
858.0,830.0,857.0,682.0,884.0,858.0,652.0
652.0,670.0,717.0,583.0,701.0,652.0,662.0
662.0,678.0,685.0,571.0,670.0,662.0,498.0
498.0,550.0,576.0,577.0,534.0,498.0,516.0
516.0,564.0,558.0,538.0,519.0,516.0,517.0
517.0,565.0,554.0,510.0,518.0,517.0,555.0
555.0,595.0,576.0,561.0,547.0,555.0,495.0
495.0,548.0,545.0,562.0,506.0,495.0,423.0
423.0,492.0,493.0,519.0,440.0,423.0,519.0
519.0,565.0,537.0,529.0,503.0,519.0,539.0
539.0,581.0,560.0,560.0,532.0,539.0,1622.0
1622.0,1426.0,1233.0,1193.0,1417.0,1622.0,1387.0
1387.0,1245.0,1273.0,1301.0,1392.0,1387.0,509.0
509.0,559.0,737.0,737.0,681.0,509.0,1386.0
1386.0,1237.0,1130.0,1233.0,1229.0,1386.0,1175.0
1175.0,1073.0,1109.0,1169.0,1210.0,1175.0,1660.0
1660.0,1457.0,1406.0,1401.0,1588.0,1660.0,707.0
707.0,713.0,902.0,949.0,917.0,707.0,2253.0
2253.0,1904.0,1683.0,1571.0,1930.0,2253.0,1581.0
1581.0,1381.0,1517.0,1591.0,1686.0,1581.0,2025.0
2025.0,1727.0,1733.0,1771.0,1961.0,2025.0,1058.0
1058.0,980.0,1232.0,1285.0,1299.0,1058.0,1070.0
1070.0,989.0,1082.0,1030.0,1131.0,1070.0,598.0
598.0,630.0,761.0,733.0,746.0,598.0,900.0
900.0,860.0,838.0,778.0,857.0,900.0,1097.0
1097.0,1009.0,975.0,960.0,1031.0,1097.0,574.0
574.0,613.0,718.0,756.0,699.0,574.0,531.0
531.0,581.0,612.0,594.0,575.0,531.0,472.0
472.0,536.0,546.0,587.0,500.0,472.0,409.0
409.0,489.0,490.0,399.0,435.0,409.0,385.0
385.0,469.0,457.0,460.0,398.0,385.0,427.0
427.0,500.0,472.0,431.0,419.0,427.0,381.0
381.0,463.0,449.0,440.0,414.0,381.0,389.0
389.0,469.0,446.0,447.0,389.0,389.0,426.0
426.0,497.0,467.0,373.0,417.0,426.0,691.0
691.0,701.0,631.0,626.0,622.0,691.0,737.0
737.0,736.0,706.0,759.0,708.0,737.0,1379.0
1379.0,1228.0,1109.0,1117.0,1253.0,1379.0,3684.0
3684.0,3052.0,2706.0,2683.0,3195.0,3684.0,3721.0
3721.0,3141.0,3209.0,3299.0,3661.0,3721.0,5880.0
5880.0,5274.0,5153.0,5453.0,5513.0,5880.0,2292.0
2292.0,1938.0,2638.0,3140.0,2883.0,2292.0,3943.0
3943.0,3276.0,3342.0,2368.0,3789.0,3943.0,4093.0
4093.0,3453.0,3641.0,4265.0,4056.0,4093.0,4390.0
4390.0,3767.0,3959.0,3836.0,4350.0,4390.0,3963.0
3963.0,3429.0,3776.0,4127.0,4057.0,3963.0,4852.0
4852.0,4272.0,4361.0,4506.0,4687.0,4852.0,4017.0
4017.0,3540.0,3968.0,4482.0,4152.0,4017.0,1297.0
1297.0,1204.0,1940.0,2272.0,1848.0,1297.0,3734.0
3734.0,3215.0,2997.0,2733.0,3367.0,3734.0,479.0
479.0,548.0,1359.0,2034.0,1100.0,479.0,445.0
445.0,520.0,757.0,459.0,589.0,445.0,507.0
507.0,569.0,613.0,481.0,524.0,507.0,506.0
506.0,568.0,569.0,506.0,532.0,506.0,490.0
490.0,556.0,544.0,497.0,511.0,490.0,494.0
494.0,559.0,539.0,492.0,515.0,494.0,487.0
487.0,552.0,532.0,470.0,512.0,487.0,535.0
535.0,590.0,559.0,530.0,547.0,535.0,707.0
707.0,726.0,668.0,634.0,691.0,707.0,722.0
722.0,737.0,712.0,716.0,733.0,722.0,4553.0
4553.0,3763.0,2995.0,2939.0,3926.0,4553.0,4980.0
4980.0,4183.0,4144.0,4832.0,4812.0,4980.0,5320.0
5320.0,4549.0,4687.0,5204.0,5238.0,5320.0,2571.0
2571.0,2213.0,2837.0,3530.0,2998.0,2571.0,4158.0
4158.0,3524.0,3525.0,3581.0,3974.0,4158.0,5094.0
5094.0,4360.0,4351.0,4772.0,4916.0,5094.0,3984.0
3984.0,3424.0,3822.0,4371.0,4131.0,3984.0,4073.0
4073.0,3523.0,3754.0,4053.0,4082.0,4073.0,5344.0
5344.0,4659.0,4617.0,4902.0,5146.0,5344.0,5109.0
5109.0,4489.0,4729.0,5190.0,5115.0,5109.0,4426.0
4426.0,3904.0,4290.0,4659.0,4533.0,4426.0,4733.0
4733.0,4198.0,4389.0,4628.0,4702.0,4733.0,4828.0
4828.0,4305.0,4492.0,4796.0,4833.0,4828.0,4455.0
4455.0,3988.0,4274.0,4582.0,4510.0,4455.0,632.0
632.0,674.0,1582.0,1889.0,1236.0,632.0,606.0
606.0,651.0,835.0,614.0,692.0,606.0,657.0
657.0,695.0,719.0,642.0,662.0,657.0,661.0
661.0,699.0,696.0,660.0,661.0,661.0,579.0
579.0,629.0,635.0,603.0,591.0,579.0,594.0
594.0,641.0,631.0,590.0,594.0,594.0,592.0
592.0,641.0,630.0,593.0,592.0,592.0,673.0
673.0,709.0,683.0,649.0,662.0,673.0,1303.0
1303.0,1237.0,1122.0,1120.0,1214.0,1303.0,4043.0
4043.0,3546.0,3110.0,3284.0,3730.0,4043.0,3523.0
3523.0,3109.0,3192.0,3665.0,3546.0,3523.0,1263.0
1263.0,1203.0,1628.0,1871.0,1519.0,1263.0,4104.0
4104.0,3570.0,3208.0,3437.0,3740.0,4104.0,4993.0
4993.0,4353.0,4233.0,4551.0,4812.0,4993.0,4311.0
4311.0,3778.0,4001.0,4379.0,4384.0,4311.0,4349.0
4349.0,3825.0,3982.0,4358.0,4354.0,4349.0,4592.0
4592.0,4051.0,4160.0,4524.0,4557.0,4592.0,4721.0
4721.0,4181.0,4302.0,4663.0,4697.0,4721.0,5346.0
5346.0,4755.0,4795.0,5148.0,5279.0,5346.0,5920.0
5920.0,5298.0,5346.0,5699.0,5823.0,5920.0,4711.0
4711.0,4224.0,4609.0,4999.0,4872.0,4711.0,4670.0
4670.0,4200.0,4411.0,4766.0,4699.0,4670.0,5173.0
5173.0,4665.0,4731.0,5054.0,5105.0,5173.0,4614.0
4614.0,4173.0,4418.0,4743.0,4685.0,4614.0,629.0
629.0,684.0,1486.0,1874.0,1215.0,629.0,520.0
520.0,591.0,736.0,1167.0,609.0,520.0,465.0
465.0,543.0,568.0,542.0,483.0,465.0,492.0
492.0,567.0,555.0,151.0,491.0,492.0,499.0
499.0,573.0,558.0,501.0,498.0,499.0,525.0
525.0,595.0,577.0,519.0,521.0,525.0,460.0
460.0,539.0,534.0,475.0,468.0,460.0,492.0
492.0,567.0,548.0,488.0,489.0,492.0,488.0
488.0,563.0,548.0,488.0,514.0,488.0,525.0
525.0,595.0,575.0,516.0,546.0,525.0,427.0
427.0,511.0,510.0,449.0,439.0,427.0,477.0
477.0,554.0,533.0,470.0,472.0,477.0,441.0
441.0,523.0,512.0,448.0,445.0,441.0,503.0
503.0,576.0,552.0,489.0,495.0,503.0,443.0
443.0,525.0,517.0,455.0,450.0,443.0,498.0
498.0,572.0,550.0,487.0,492.0,498.0,435.0
435.0,518.0,511.0,448.0,442.0,435.0,407.0
407.0,494.0,484.0,417.0,412.0,407.0,435.0
435.0,518.0,498.0,431.0,432.0,435.0,406.0
406.0,493.0,480.0,412.0,409.0,406.0,524.0
524.0,595.0,561.0,496.0,509.0,524.0,424.0
424.0,509.0,506.0,442.0,435.0,424.0,428.0
428.0,512.0,497.0,431.0,454.0,428.0,445.0
445.0,527.0,508.0,442.0,443.0,445.0,432.0
432.0,516.0,501.0,434.0,433.0,432.0,348.0
348.0,444.0,439.0,370.0,359.0,348.0,462.0
462.0,541.0,509.0,439.0,449.0,462.0,418.0
418.0,504.0,491.0,423.0,422.0,418.0,452.0
452.0,533.0,512.0,445.0,448.0,452.0,441.0
441.0,523.0,508.0,442.0,468.0,441.0,369.0
369.0,462.0,456.0,387.0,379.0,369.0,386.0
386.0,476.0,458.0,386.0,385.0,386.0,443.0
443.0,525.0,499.0,429.0,435.0,443.0,362.0
362.0,456.0,449.0,379.0,372.0,362.0,331.0
331.0,429.0,417.0,343.0,362.0,331.0,330.0
330.0,428.0,410.0,333.0,331.0,330.0,413.0
413.0,499.0,469.0,393.0,402.0,413.0,352.0
352.0,447.0,436.0,362.0,359.0,352.0,389.0
389.0,479.0,456.0,382.0,385.0,389.0,376.0
376.0,468.0,451.0,378.0,377.0,376.0,448.0
448.0,529.0,501.0,430.0,439.0,448.0,437.0
437.0,520.0,503.0,435.0,437.0,437.0,390.0
390.0,480.0,470.0,401.0,396.0,390.0,474.0
474.0,552.0,524.0,456.0,464.0,474.0,695.0
695.0,743.0,693.0,635.0,665.0,695.0,321.0
321.0,421.0,458.0,399.0,366.0,321.0,392.0
392.0,481.0,462.0,394.0,389.0,392.0,368.0
368.0,461.0,447.0,374.0,371.0,368.0,332.0
332.0,430.0,418.0,343.0,337.0,332.0,393.0
393.0,482.0,456.0,380.0,386.0,393.0,437.0
437.0,520.0,494.0,423.0,430.0,437.0,414.0
414.0,501.0,487.0,416.0,442.0,414.0,466.0
466.0,547.0,523.0,454.0,459.0,466.0,685.0
685.0,734.0,685.0,627.0,655.0,685.0,499.0
499.0,575.0,584.0,531.0,520.0,499.0,469.0
469.0,549.0,543.0,494.0,476.0,469.0,3578.0
3578.0,3203.0,2744.0,2803.0,3092.0,3578.0,4072.0
4072.0,3637.0,3562.0,3795.0,3969.0,4072.0,4769.0
4769.0,4258.0,4227.0,4560.0,4812.0,4769.0,4521.0
4521.0,4050.0,4153.0,4529.0,4539.0,4521.0,4700.0
4700.0,4220.0,4286.0,4534.0,4675.0,4700.0,1166.0
1166.0,1149.0,1621.0,1940.0,1705.0,1166.0,3889.0
3889.0,3469.0,3199.0,3421.0,3457.0,3889.0,5210.0
5210.0,4630.0,4465.0,4772.0,4939.0,5210.0,6433.0
6433.0,5740.0,5654.0,6060.0,6271.0,6433.0,5908.0
5908.0,5290.0,5466.0,5942.0,6104.0,5908.0,6603.0
6603.0,5945.0,5996.0,6451.0,6612.0,6603.0,6825.0
6825.0,6181.0,6283.0,6740.0,6762.0,6825.0,6146.0
6146.0,5576.0,5815.0,6283.0,6356.0,6146.0,7220.0
7220.0,6590.0,6593.0,7002.0,7043.0,7220.0,1597.0
1597.0,1532.0,2452.0,2965.0,2599.0,1597.0,3051.0
3051.0,2786.0,2778.0,3031.0,2967.0,3051.0,660.0
660.0,727.0,1112.0,1273.0,1100.0,660.0,641.0
641.0,711.0,773.0,646.0,484.0,641.0,646.0
646.0,715.0,715.0,645.0,454.0,646.0,658.0
658.0,727.0,714.0,655.0,503.0,658.0,643.0
643.0,713.0,703.0,647.0,530.0,643.0,612.0
612.0,688.0,679.0,620.0,533.0,612.0,552.0
552.0,637.0,632.0,567.0,499.0,552.0,504.0
504.0,595.0,588.0,516.0,464.0,504.0,1051.0
1051.0,1064.0,971.0,914.0,989.0,1051.0,1037.0
1037.0,1052.0,1034.0,1041.0,1019.0,1037.0,6080.0
6080.0,5372.0,4677.0,4812.0,5407.0,6080.0,2249.0
2249.0,2071.0,2646.0,3395.0,2942.0,2249.0,5322.0
5322.0,4669.0,4323.0,4320.0,5018.0,5322.0,5195.0
5195.0,4576.0,4656.0,5235.0,5332.0,5195.0,2586.0
2586.0,2356.0,2942.0,3409.0,3107.0,2586.0,5634.0
5634.0,4931.0,4584.0,4338.0,5243.0,5634.0,5411.0
5411.0,4754.0,4865.0,5590.0,5489.0,5411.0,4877.0
4877.0,4306.0,4578.0,5051.0,5055.0,4877.0,5138.0
5138.0,4541.0,4688.0,5053.0,5168.0,5138.0,6384.0
6384.0,5637.0,5575.0,5978.0,6244.0,6384.0,6292.0
6292.0,5577.0,5757.0,6322.0,6375.0,6292.0,3115.0
3115.0,2824.0,3629.0,4144.0,3668.0,3115.0,5692.0
5692.0,5032.0,4818.0,4818.0,5292.0,5692.0,4079.0
4079.0,3647.0,4072.0,4635.0,4292.0,4079.0,640.0
640.0,736.0,1590.0,1871.0,1137.0,640.0,588.0
588.0,692.0,889.0,604.0,446.0,588.0,646.0
646.0,741.0,759.0,628.0,421.0,646.0,493.0
493.0,613.0,625.0,541.0,334.0,493.0,499.0
499.0,617.0,595.0,566.0,362.0,499.0,514.0
514.0,630.0,598.0,492.0,408.0,514.0,439.0
439.0,569.0,551.0,463.0,375.0,439.0,488.0
488.0,610.0,571.0,383.0,426.0,488.0,772.0
772.0,848.0,762.0,761.0,691.0,772.0,509.0
509.0,627.0,638.0,592.0,527.0,509.0,2072.0
2072.0,1938.0,1634.0,1577.0,1826.0,2072.0,1951.0
1951.0,1837.0,1808.0,1989.0,1996.0,1951.0,4506.0
4506.0,3990.0,3551.0,3700.0,4192.0,4506.0,6726.0
6726.0,5904.0,5546.0,6075.0,6525.0,6726.0,5919.0
5919.0,5220.0,5446.0,6285.0,6273.0,5919.0,5506.0
5506.0,4875.0,5136.0,5554.0,5801.0,5506.0,6847.0
6847.0,6056.0,6023.0,6440.0,6799.0,6847.0,6707.0
6707.0,5954.0,6143.0,6610.0,6858.0,6707.0,7353.0
7353.0,6552.0,6650.0,7292.0,7385.0,7353.0,7534.0
7534.0,6741.0,6915.0,7333.0,7620.0,7534.0,7507.0
7507.0,6743.0,6969.0,7640.0,7618.0,7507.0,6229.0
6229.0,5611.0,6059.0,6499.0,6504.0,6229.0,7142.0
7142.0,6442.0,6520.0,7021.0,7035.0,7142.0,1535.0
1535.0,1511.0,2638.0,3256.0,2370.0,1535.0,545.0
545.0,660.0,1013.0,746.0,549.0,545.0,566.0
566.0,678.0,724.0,0.0,262.0,566.0,644.0
644.0,744.0,723.0,623.0,397.0,644.0,559.0
559.0,672.0,663.0,582.0,391.0,559.0,642.0
642.0,743.0,710.0,692.0,500.0,642.0,546.0
546.0,661.0,652.0,572.0,463.0,546.0,486.0
486.0,612.0,599.0,502.0,424.0,486.0,502.0
502.0,625.0,600.0,498.0,445.0,502.0,564.0
564.0,678.0,644.0,547.0,513.0,564.0,587.0
587.0,698.0,669.0,581.0,554.0,587.0,6162.0
6162.0,5468.0,4631.0,4671.0,5548.0,6162.0,5440.0
5440.0,4851.0,4919.0,5626.0,5451.0,5440.0,1617.0
1617.0,1580.0,2230.0,2532.0,2075.0,1617.0,1736.0
1736.0,1681.0,1791.0,1927.0,1777.0,1736.0,1630.0
1630.0,1591.0,1635.0,1702.0,1645.0,1630.0,1427.0
1427.0,1420.0,1462.0,1494.0,1450.0,1427.0,1554.0
1554.0,1527.0,1519.0,1539.0,1543.0,1554.0,1583.0
1583.0,1552.0,1550.0,1572.0,1579.0,1583.0,1954.0
1954.0,1866.0,1819.0,1861.0,1914.0,1954.0,2042.0
2042.0,1940.0,1933.0,1998.0,2028.0,2042.0,1845.0
1845.0,1774.0,1815.0,1882.0,1865.0,1845.0,1912.0
1912.0,1831.0,1840.0,1905.0,1907.0,1912.0,1540.0
1540.0,1517.0,1582.0,1629.0,1581.0,1540.0,721.0
721.0,823.0,950.0,942.0,814.0,721.0,525.0
525.0,657.0,691.0,626.0,556.0,525.0,601.0
601.0,721.0,696.0,607.0,596.0,601.0,500.0
500.0,636.0,626.0,526.0,510.0,500.0,442.0
442.0,589.0,572.0,462.0,449.0,442.0,454.0
454.0,597.0,569.0,456.0,453.0,454.0,425.0
425.0,572.0,548.0,432.0,428.0,425.0,410.0
410.0,559.0,533.0,415.0,412.0,410.0,457.0
457.0,601.0,567.0,447.0,452.0,457.0,539.0
539.0,670.0,631.0,517.0,530.0,539.0,562.0
562.0,690.0,659.0,551.0,559.0,562.0,1664.0
1664.0,1621.0,1447.0,1395.0,1547.0,1664.0,1428.0
1428.0,1422.0,1428.0,1420.0,1441.0,1428.0,1205.0
1205.0,1234.0,1266.0,1257.0,1229.0,1205.0,1565.0
1565.0,1538.0,1491.0,1491.0,1530.0,1565.0,1824.0
1824.0,1757.0,1717.0,1743.0,1794.0,1824.0,1804.0
1804.0,1740.0,1745.0,1789.0,1797.0,1804.0,1964.0
1964.0,1876.0,1864.0,1922.0,1945.0,1964.0,2031.0
2031.0,1933.0,1935.0,2005.0,2022.0,2031.0,2321.0
2321.0,2178.0,2154.0,2245.0,2289.0,2321.0,1845.0
1845.0,1776.0,1857.0,1942.0,1893.0,1845.0,1931.0
1931.0,1849.0,1863.0,1934.0,1927.0,1931.0,1681.0
1681.0,1638.0,1687.0,1742.0,1707.0,1681.0,1701.0
1701.0,1655.0,1668.0,1711.0,1702.0,1701.0,1558.0
1558.0,1535.0,1563.0,1595.0,1573.0,1558.0,498.0
498.0,637.0,789.0,763.0,612.0,498.0,501.0
501.0,640.0,645.0,564.0,512.0,501.0,532.0
532.0,666.0,641.0,540.0,530.0,532.0,453.0
453.0,599.0,584.0,474.0,461.0,453.0,432.0
432.0,581.0,558.0,442.0,435.0,432.0,498.0
498.0,637.0,600.0,485.0,492.0,498.0,437.0
437.0,585.0,565.0,448.0,443.0,437.0,436.0
436.0,585.0,557.0,439.0,437.0,436.0,464.0
464.0,608.0,576.0,458.0,461.0,464.0,486.0
486.0,627.0,595.0,479.0,484.0,486.0,446.0
446.0,593.0,570.0,454.0,450.0,446.0,425.0
425.0,575.0,550.0,432.0,428.0,425.0,462.0
462.0,607.0,573.0,455.0,459.0,462.0,468.0
468.0,612.0,582.0,465.0,454.0,468.0,463.0
463.0,608.0,580.0,463.0,463.0,463.0,474.0
474.0,616.0,587.0,471.0,473.0,474.0,491.0
491.0,631.0,600.0,486.0,489.0,491.0,505.0
505.0,643.0,613.0,500.0,503.0,505.0,561.0
561.0,690.0,655.0,546.0,555.0,561.0,483.0
483.0,624.0,607.0,498.0,490.0,483.0,478.0
478.0,620.0,595.0,483.0,479.0,478.0,502.0
502.0,640.0,610.0,497.0,500.0,502.0,418.0
418.0,569.0,552.0,437.0,426.0,418.0,492.0
492.0,631.0,594.0,479.0,485.0,492.0,398.0
398.0,552.0,535.0,417.0,407.0,398.0,437.0
437.0,585.0,552.0,432.0,434.0,437.0,455.0
455.0,600.0,568.0,450.0,453.0,455.0,588.0
588.0,713.0,666.0,555.0,574.0,588.0,438.0
438.0,586.0,577.0,466.0,452.0,438.0,478.0
478.0,620.0,589.0,475.0,539.0,478.0,555.0
555.0,685.0,647.0,536.0,547.0,555.0,449.0
449.0,596.0,582.0,470.0,459.0,449.0,461.0
461.0,606.0,578.0,463.0,461.0,461.0,403.0
403.0,557.0,536.0,417.0,409.0,403.0,370.0
370.0,528.0,505.0,381.0,374.0,370.0,484.0
484.0,625.0,580.0,459.0,473.0,484.0,408.0
408.0,561.0,540.0,420.0,415.0,408.0,365.0
365.0,524.0,501.0,378.0,370.0,365.0,440.0
440.0,587.0,548.0,425.0,433.0,440.0,466.0
466.0,610.0,575.0,456.0,463.0,466.0,425.0
425.0,575.0,551.0,432.0,429.0,425.0,425.0
425.0,575.0,547.0,427.0,425.0,425.0,419.0
419.0,570.0,542.0,421.0,420.0,419.0,370.0
370.0,528.0,506.0,382.0,419.0,370.0,449.0
449.0,595.0,555.0,433.0,441.0,449.0,382.0
382.0,538.0,516.0,394.0,388.0,382.0,355.0
355.0,515.0,490.0,364.0,358.0,355.0,409.0
409.0,561.0,524.0,398.0,404.0,409.0,370.0
370.0,528.0,502.0,377.0,373.0,370.0,668.0
668.0,780.0,711.0,598.0,638.0,668.0,494.0
494.0,634.0,626.0,519.0,509.0,494.0,440.0
440.0,588.0,572.0,459.0,447.0,440.0,427.0
427.0,580.0,554.0,435.0,429.0,427.0,557.0
557.0,689.0,643.0,528.0,544.0,557.0,392.0
392.0,547.0,540.0,425.0,408.0,392.0,458.0
458.0,603.0,569.0,450.0,453.0,458.0,546.0
546.0,679.0,637.0,523.0,536.0,546.0,405.0
405.0,560.0,549.0,433.0,418.0,405.0,918.0
918.0,993.0,900.0,801.0,866.0,918.0,845.0
845.0,932.0,913.0,834.0,847.0,845.0,1290.0
1290.0,1308.0,1232.0,1180.0,1244.0,1290.0,1888.0
1888.0,1813.0,1716.0,1718.0,1821.0,1888.0,1298.0
1298.0,1315.0,1387.0,1399.0,1353.0,1298.0,1617.0
1617.0,1584.0,1552.0,1565.0,1589.0,1617.0,2068.0
2068.0,1966.0,1904.0,1947.0,2018.0,2068.0,788.0
788.0,885.0,1061.0,1068.0,918.0,788.0,1256.0
1256.0,1280.0,1235.0,1211.0,1220.0,1256.0,1142.0
1142.0,1183.0,1185.0,1159.0,1150.0,1142.0,1000.0
1000.0,1064.0,1075.0,1038.0,1016.0,1000.0,1195.0
1195.0,1228.0,1195.0,1157.0,1176.0,1195.0,984.0
984.0,1050.0,1065.0,1026.0,1005.0,984.0,1077.0
1077.0,1129.0,1107.0,1065.0,1069.0,1077.0,560.0
560.0,690.0,748.0,682.0,615.0,560.0,544.0
544.0,677.0,669.0,578.0,551.0,544.0,514.0
514.0,651.0,633.0,529.0,605.0,514.0,523.0
523.0,662.0,634.0,525.0,522.0,523.0,521.0
521.0,657.0,631.0,522.0,521.0,521.0,512.0
512.0,649.0,624.0,514.0,513.0,512.0,508.0
508.0,646.0,620.0,510.0,509.0,508.0,573.0
573.0,703.0,669.0,558.0,566.0,573.0,601.0
601.0,727.0,695.0,591.0,597.0,601.0,587.0
587.0,715.0,692.0,588.0,588.0,587.0,519.0
519.0,657.0,643.0,536.0,526.0,519.0,842.0
842.0,930.0,863.0,768.0,808.0,842.0,1181.0
1181.0,1216.0,1145.0,1081.0,1141.0,1181.0,1154.0
1154.0,1193.0,1178.0,1137.0,1153.0,1154.0,956.0
956.0,1026.0,1044.0,1000.0,977.0,956.0,1156.0
1156.0,1195.0,1161.0,1118.0,1137.0,1156.0,1093.0
1093.0,1141.0,1138.0,1099.0,1098.0,1093.0,1110.0
1110.0,1156.0,1145.0,1107.0,1109.0,1110.0,1427.0
1427.0,1424.0,1372.0,1350.0,1393.0,1427.0,1173.0
1173.0,1209.0,1234.0,1216.0,1197.0,1173.0,1053.0
1053.0,1108.0,1121.0,1092.0,1069.0,1053.0,1251.0
1251.0,1275.0,1241.0,1213.0,1291.0,1251.0,894.0
894.0,972.0,1010.0,971.0,931.0,894.0,840.0
840.0,926.0,928.0,872.0,850.0,840.0,624.0
624.0,743.0,759.0,684.0,649.0,624.0,679.0
679.0,790.0,766.0,680.0,676.0,679.0,635.0
635.0,753.0,736.0,646.0,639.0,635.0,598.0
598.0,722.0,705.0,610.0,602.0,598.0,615.0
615.0,736.0,712.0,611.0,674.0,615.0,588.0
588.0,716.0,696.0,594.0,591.0,588.0,519.0
519.0,656.0,643.0,537.0,527.0,519.0,526.0
526.0,662.0,638.0,529.0,526.0,526.0,534.0
534.0,668.0,642.0,533.0,533.0,534.0,540.0
540.0,672.0,647.0,538.0,539.0,540.0,536.0
536.0,668.0,644.0,537.0,536.0,536.0,850.0
850.0,934.0,867.0,775.0,814.0,850.0,1070.0
1070.0,1120.0,1065.0,999.0,1041.0,1070.0,955.0
955.0,1022.0,1020.0,966.0,965.0,955.0,933.0
933.0,1003.0,996.0,941.0,937.0,933.0,920.0
920.0,992.0,982.0,925.0,922.0,920.0,1125.0
1125.0,1165.0,1125.0,1077.0,1101.0,1125.0,983.0
983.0,1045.0,1049.0,1006.0,997.0,983.0,1343.0
1343.0,1350.0,1293.0,1262.0,1303.0,1343.0,1123.0
1123.0,1164.0,1180.0,1156.0,1144.0,1123.0,1210.0
1210.0,1238.0,1221.0,1197.0,1202.0,1210.0,1008.0
1008.0,1067.0,1086.0,1054.0,1031.0,1008.0,953.0
953.0,1019.0,1021.0,977.0,962.0,953.0,1200.0
1200.0,1230.0,1185.0,1146.0,1172.0,1200.0,527.0
527.0,658.0,736.0,677.0,604.0,527.0,581.0
581.0,704.0,691.0,604.0,584.0,581.0,553.0
553.0,680.0,662.0,565.0,557.0,553.0,536.0
536.0,666.0,645.0,543.0,538.0,536.0,529.0
529.0,660.0,636.0,532.0,530.0,529.0,776.0
776.0,870.0,811.0,717.0,747.0,776.0,575.0
575.0,700.0,701.0,609.0,595.0,575.0,627.0
627.0,744.0,717.0,623.0,623.0,627.0,567.0
567.0,693.0,678.0,580.0,574.0,567.0,557.0
557.0,685.0,663.0,563.0,559.0,557.0,831.0
831.0,917.0,856.0,766.0,799.0,831.0,910.0
910.0,984.0,948.0,875.0,897.0,910.0,1021.0
1021.0,1080.0,1044.0,986.0,1007.0,1021.0,1343.0
1343.0,1352.0,1292.0,1257.0,1304.0,1343.0,1274.0
1274.0,1294.0,1289.0,1270.0,1277.0,1274.0,1213.0
1213.0,1243.0,1245.0,1227.0,1221.0,1213.0,1074.0
1074.0,1126.0,1138.0,1111.0,1091.0,1074.0,1042.0
1042.0,1099.0,1096.0,1059.0,1048.0,1042.0,1302.0
1302.0,1319.0,1275.0,1243.0,1272.0,1302.0,1071.0
1071.0,1124.0,1142.0,1113.0,1095.0,1071.0,1095.0
1095.0,1144.0,1134.0,1099.0,1095.0,1095.0,1061.0
1061.0,1116.0,1109.0,1070.0,1065.0,1061.0,1076.0
1076.0,1128.0,1115.0,1075.0,1075.0,1076.0,1164.0
1164.0,1203.0,1179.0,1142.0,1154.0,1164.0,531.0
531.0,666.0,741.0,679.0,604.0,531.0,559.0
559.0,690.0,679.0,588.0,564.0,559.0,600.0
600.0,725.0,696.0,597.0,596.0,600.0,547.0
547.0,680.0,662.0,559.0,553.0,547.0,492.0
492.0,634.0,616.0,508.0,499.0,492.0,572.0
572.0,701.0,665.0,557.0,564.0,572.0,443.0
443.0,592.0,582.0,470.0,457.0,443.0,559.0
559.0,690.0,649.0,538.0,547.0,559.0,564.0
564.0,697.0,667.0,558.0,562.0,564.0,522.0
522.0,661.0,642.0,531.0,528.0,522.0,676.0
676.0,791.0,746.0,641.0,659.0,676.0,1117.0
1117.0,1163.0,1078.0,1002.0,1065.0,1117.0,795.0
795.0,891.0,912.0,845.0,826.0,795.0,1076.0
1076.0,1128.0,1080.0,1020.0,1045.0,1076.0,1165.0
1165.0,1203.0,1174.0,1130.0,1150.0,1165.0,1066.0
1066.0,1120.0,1122.0,1081.0,1076.0,1066.0,995.0
995.0,1060.0,1062.0,1016.0,1004.0,995.0,1178.0
1178.0,1214.0,1178.0,1139.0,1158.0,1178.0,1149.0
1149.0,1190.0,1182.0,1147.0,1150.0,1149.0,1271.0
1271.0,1293.0,1267.0,1241.0,1257.0,1271.0,1632.0
1632.0,1598.0,1542.0,1538.0,1588.0,1632.0,1602.0
1602.0,1573.0,1572.0,1586.0,1600.0,1602.0,1636.0
1636.0,1602.0,1602.0,1624.0,1632.0,1636.0,1417.0
1417.0,1418.0,1452.0,1467.0,1442.0,1417.0,1132.0
1132.0,1178.0,1220.0,1213.0,1169.0,1132.0,998.0
998.0,1065.0,1082.0,1050.0,1018.0,998.0,593.0
593.0,721.0,768.0,703.0,643.0,593.0,561.0
561.0,694.0,686.0,595.0,570.0,561.0,504.0
504.0,645.0,630.0,526.0,512.0,504.0,556.0
556.0,689.0,657.0,549.0,551.0,556.0,543.0
543.0,678.0,653.0,544.0,544.0,543.0,566.0
566.0,698.0,668.0,561.0,563.0,566.0,552.0
552.0,686.0,661.0,554.0,553.0,552.0,536.0
536.0,673.0,649.0,540.0,538.0,536.0,561.0
561.0,694.0,664.0,556.0,558.0,561.0,489.0
489.0,633.0,616.0,505.0,497.0,489.0,969.0
969.0,1039.0,949.0,857.0,914.0,969.0,621.0
621.0,745.0,763.0,678.0,655.0,621.0,565.0
565.0,698.0,689.0,592.0,575.0,565.0,576.0
576.0,707.0,683.0,580.0,576.0,576.0,591.0
591.0,720.0,692.0,588.0,650.0,591.0,482.0
482.0,628.0,617.0,508.0,494.0,482.0,518.0
518.0,658.0,628.0,515.0,515.0,518.0,490.0
490.0,635.0,610.0,496.0,493.0,490.0,479.0
479.0,625.0,599.0,483.0,481.0,479.0,505.0
505.0,647.0,616.0,500.0,502.0,505.0,492.0
492.0,636.0,610.0,494.0,493.0,492.0,573.0
573.0,705.0,666.0,554.0,564.0,573.0,562.0
562.0,696.0,669.0,560.0,562.0,562.0,524.0
524.0,664.0,642.0,533.0,528.0,524.0,536.0
536.0,674.0,646.0,535.0,535.0,536.0,616.0
616.0,742.0,704.0,597.0,607.0,616.0,604.0
604.0,731.0,706.0,602.0,604.0,604.0,536.0
536.0,674.0,658.0,552.0,544.0,536.0,485.0
485.0,631.0,613.0,501.0,492.0,485.0,488.0
488.0,634.0,607.0,491.0,488.0,488.0,666.0
666.0,784.0,732.0,624.0,646.0,666.0,438.0
438.0,592.0,594.0,483.0,462.0,438.0,505.0
505.0,648.0,615.0,500.0,500.0,505.0,591.0
591.0,721.0,681.0,569.0,581.0,591.0,508.0
508.0,651.0,634.0,523.0,516.0,508.0,538.0
538.0,676.0,647.0,534.0,535.0,538.0,529.0
529.0,669.0,642.0,530.0,530.0,529.0,539.0
539.0,677.0,649.0,537.0,538.0,539.0,484.0
484.0,631.0,611.0,497.0,490.0,484.0,490.0
490.0,636.0,608.0,492.0,490.0,490.0,452.0
452.0,604.0,581.0,462.0,456.0,452.0,500.0
500.0,645.0,610.0,491.0,495.0,500.0,479.0
479.0,627.0,601.0,482.0,481.0,479.0,535.0
535.0,674.0,638.0,522.0,529.0,535.0,513.0
513.0,656.0,630.0,515.0,515.0,513.0,569.0
569.0,703.0,668.0,556.0,563.0,569.0,485.0
485.0,632.0,615.0,502.0,494.0,485.0,467.0
467.0,617.0,593.0,475.0,470.0,467.0,570.0
570.0,704.0,662.0,547.0,559.0,570.0,624.0
624.0,750.0,714.0,605.0,617.0,624.0,593.0
593.0,723.0,702.0,596.0,596.0,593.0,586.0
586.0,720.0,696.0,588.0,587.0,586.0,497.0
497.0,645.0,632.0,519.0,507.0,497.0,624.0
624.0,752.0,709.0,599.0,648.0,624.0,613.0
613.0,742.0,717.0,610.0,613.0,613.0,610.0
610.0,739.0,716.0,610.0,610.0,610.0,653.0
653.0,775.0,746.0,643.0,648.0,653.0,720.0
720.0,831.0,799.0,701.0,712.0,720.0,901.0
901.0,983.0,937.0,853.0,879.0,901.0,1083.0
1083.0,1137.0,1091.0,1028.0,1060.0,1083.0,945.0
945.0,1020.0,1022.0,965.0,958.0,945.0,1024.0
1024.0,1087.0,1065.0,1010.0,1016.0,1024.0,1212.0
1212.0,1245.0,1207.0,1163.0,1189.0,1212.0,1228.0
1228.0,1259.0,1245.0,1212.0,1223.0,1228.0,1561.0
1561.0,1540.0,1488.0,1477.0,1522.0,1561.0,1134.0
1134.0,1180.0,1229.0,1217.0,1179.0,1134.0,1283.0
1283.0,1306.0,1287.0,1267.0,1306.0,1283.0,971.0
971.0,1043.0,1076.0,1042.0,1006.0,971.0,1139.0
1139.0,1185.0,1156.0,1116.0,1124.0,1139.0,1236.0
1236.0,1267.0,1241.0,1207.0,1222.0,1236.0,607.0
607.0,734.0,808.0,752.0,683.0,607.0,494.0
494.0,639.0,647.0,556.0,515.0,494.0,537.0
537.0,675.0,648.0,542.0,534.0,537.0,580.0
580.0,711.0,680.0,571.0,574.0,580.0,510.0
510.0,655.0,638.0,525.0,543.0,510.0,602.0
602.0,732.0,694.0,583.0,620.0,602.0,524.0
524.0,663.0,647.0,538.0,532.0,524.0,477.0
477.0,626.0,607.0,492.0,506.0,477.0,668.0
668.0,787.0,735.0,626.0,648.0,668.0,496.0
496.0,641.0,637.0,532.0,512.0,496.0,1093.0
1093.0,1145.0,1044.0,959.0,1033.0,1093.0,619.0
619.0,744.0,781.0,699.0,658.0,619.0,1024.0
1024.0,1086.0,1022.0,947.0,990.0,1024.0,953.0
953.0,1026.0,1015.0,952.0,956.0,953.0,766.0
766.0,867.0,877.0,810.0,784.0,766.0,651.0
651.0,769.0,770.0,689.0,664.0,651.0,733.0
733.0,836.0,808.0,722.0,727.0,733.0,975.0
975.0,1043.0,991.0,915.0,952.0,975.0,1081.0
1081.0,1133.0,1100.0,1042.0,1069.0,1081.0,1043.0
1043.0,1101.0,1090.0,1043.0,1045.0,1043.0,932.0
932.0,1005.0,1009.0,958.0,966.0,932.0,831.0
831.0,920.0,922.0,861.0,842.0,831.0,1136.0
1136.0,1180.0,1125.0,1071.0,1108.0,1136.0,932.0
932.0,1005.0,1015.0,965.0,949.0,932.0,647.0
647.0,764.0,791.0,722.0,679.0,647.0,709.0
709.0,817.0,795.0,712.0,724.0,709.0,635.0
635.0,754.0,743.0,653.0,642.0,635.0,798.0
798.0,893.0,851.0,764.0,785.0,798.0,682.0
682.0,795.0,789.0,701.0,693.0,682.0,582.0
582.0,710.0,706.0,615.0,592.0,582.0,549.0
549.0,684.0,668.0,557.0,554.0,549.0,614.0
614.0,738.0,706.0,591.0,608.0,614.0,797.0
797.0,894.0,843.0,747.0,778.0,797.0,586.0
586.0,714.0,719.0,663.0,606.0,586.0,591.0
591.0,712.0,696.0,621.0,592.0,591.0,662.0
662.0,773.0,745.0,648.0,655.0,662.0,850.0
850.0,934.0,890.0,804.0,830.0,850.0,903.0
903.0,978.0,954.0,904.0,896.0,903.0,843.0
843.0,926.0,920.0,867.0,848.0,843.0,771.0
771.0,863.0,862.0,779.0,779.0,771.0,994.0
994.0,1053.0,1011.0,941.0,972.0,994.0,910.0
910.0,977.0,973.0,903.0,915.0,910.0,1020.0
1020.0,1073.0,1051.0,1003.0,1011.0,1020.0,965.0
965.0,1021.0,1016.0,972.0,969.0,965.0,809.0
809.0,885.0,896.0,844.0,824.0,809.0,801.0
801.0,879.0,871.0,810.0,804.0,801.0,690.0
690.0,784.0,785.0,716.0,704.0,690.0,718.0
718.0,808.0,792.0,717.0,716.0,718.0,557.0
557.0,670.0,674.0,591.0,574.0,557.0,531.0
531.0,647.0,636.0,544.0,536.0,531.0,559.0
559.0,672.0,651.0,556.0,556.0,559.0,501.0
501.0,622.0,611.0,503.0,509.0,501.0,524.0
524.0,642.0,623.0,522.0,522.0,524.0,559.0
559.0,672.0,646.0,545.0,555.0,559.0,582.0
582.0,691.0,668.0,572.0,579.0,582.0,575.0
575.0,685.0,666.0,582.0,575.0,575.0,633.0
633.0,730.0,707.0,624.0,627.0,633.0,767.0
767.0,847.0,815.0,732.0,771.0,767.0,679.0
679.0,771.0,766.0,693.0,687.0,679.0,816.0
816.0,888.0,860.0,813.0,802.0,816.0,633.0
633.0,730.0,738.0,656.0,651.0,633.0,900.0
900.0,961.0,918.0,867.0,873.0,900.0,812.0
812.0,884.0,880.0,808.0,819.0,812.0,877.0
877.0,939.0,922.0,865.0,871.0,877.0,876.0
876.0,938.0,927.0,874.0,875.0,876.0,952.0
952.0,1002.0,984.0,932.0,944.0,952.0,1266.0
1266.0,1269.0,1219.0,1190.0,1230.0,1266.0,1333.0
1333.0,1321.0,1304.0,1310.0,1320.0,1333.0,1217.0
1217.0,1222.0,1235.0,1259.0,1229.0,1217.0,854.0
854.0,911.0,960.0,941.0,899.0,854.0,1020.0
1020.0,1053.0,1032.0,976.0,1005.0,1020.0,676.0
676.0,759.0,793.0,761.0,716.0,676.0,537.0
537.0,638.0,650.0,585.0,559.0,537.0,526.0
526.0,629.0,618.0,511.0,530.0,526.0,557.0
557.0,657.0,635.0,518.0,568.0,557.0,600.0
600.0,694.0,669.0,569.0,593.0,600.0,487.0
487.0,597.0,593.0,550.0,502.0,487.0,470.0
470.0,581.0,567.0,451.0,474.0,470.0,1232.0
1232.0,1233.0,1123.0,1067.0,1127.0,1232.0,553.0
553.0,649.0,716.0,712.0,621.0,553.0,677.0
677.0,756.0,737.0,689.0,688.0,677.0,814.0
814.0,874.0,842.0,720.0,816.0,814.0,614.0
614.0,701.0,714.0,652.0,635.0,614.0,1086.0
1086.0,1108.0,1039.0,1046.0,1035.0,1086.0,995.0
995.0,1029.0,1028.0,976.0,1000.0,995.0,896.0
896.0,944.0,953.0,927.0,908.0,896.0,1131.0
1131.0,1145.0,1113.0,1117.0,1105.0,1131.0,882.0
882.0,929.0,955.0,890.0,908.0,882.0,1090.0
1090.0,1107.0,1081.0,1069.0,1069.0,1090.0,1062.0
1062.0,1083.0,1081.0,1046.0,1063.0,1062.0,898.0
898.0,941.0,961.0,939.0,917.0,898.0,1195.0
1195.0,1187.0,1144.0,1104.0,1158.0,1195.0,855.0
855.0,898.0,938.0,949.0,896.0,855.0,618.0
618.0,695.0,729.0,704.0,655.0,618.0,841.0
841.0,886.0,849.0,746.0,816.0,841.0,839.0
839.0,885.0,870.0,827.0,836.0,839.0,698.0
698.0,765.0,773.0,787.0,717.0,698.0,499.0
499.0,594.0,613.0,529.0,528.0,499.0,823.0
823.0,871.0,813.0,699.0,783.0,823.0,623.0
623.0,700.0,709.0,707.0,645.0,623.0,685.0
685.0,754.0,734.0,703.0,680.0,685.0,830.0
830.0,878.0,841.0,732.0,810.0,830.0,662.0
662.0,733.0,743.0,713.0,682.0,662.0,695.0
695.0,761.0,747.0,745.0,693.0,695.0,770.0
770.0,827.0,802.0,700.0,760.0,770.0,633.0
633.0,709.0,715.0,647.0,650.0,633.0,678.0
678.0,749.0,730.0,730.0,674.0,678.0,765.0
765.0,823.0,795.0,717.0,753.0,765.0,573.0
573.0,658.0,671.0,646.0,598.0,573.0,485.0
485.0,583.0,584.0,560.0,500.0,485.0,768.0
768.0,824.0,769.0,691.0,732.0,768.0,595.0
595.0,677.0,682.0,588.0,614.0,595.0,600.0
600.0,681.0,668.0,648.0,602.0,600.0,667.0
667.0,738.0,714.0,658.0,658.0,667.0,531.0
531.0,622.0,626.0,516.0,548.0,531.0,555.0
555.0,643.0,626.0,576.0,554.0,555.0,537.0
537.0,627.0,613.0,563.0,539.0,537.0,723.0
723.0,786.0,743.0,639.0,698.0,723.0,505.0
505.0,600.0,613.0,561.0,531.0,505.0,563.0
563.0,650.0,629.0,591.0,559.0,563.0,515.0
515.0,609.0,598.0,489.0,521.0,515.0,457.0
457.0,560.0,551.0,459.0,466.0,457.0,515.0
515.0,609.0,583.0,540.0,508.0,515.0,590.0
590.0,673.0,643.0,555.0,579.0,590.0,552.0
552.0,641.0,627.0,538.0,556.0,552.0,557.0
557.0,645.0,628.0,589.0,557.0,557.0,504.0
504.0,600.0,590.0,517.0,512.0,504.0,440.0
440.0,546.0,537.0,427.0,450.0,440.0,624.0
624.0,702.0,658.0,594.0,600.0,624.0,567.0
567.0,654.0,641.0,593.0,572.0,567.0,444.0
444.0,549.0,550.0,462.0,461.0,444.0,563.0
563.0,651.0,618.0,528.0,549.0,563.0,485.0
485.0,585.0,575.0,512.0,494.0,485.0,458.0
458.0,561.0,548.0,487.0,463.0,458.0,573.0
573.0,660.0,624.0,568.0,558.0,573.0,542.0
542.0,633.0,617.0,553.0,544.0,542.0,495.0
495.0,593.0,582.0,526.0,497.0,495.0,408.0
408.0,519.0,513.0,413.0,422.0,408.0,543.0
543.0,634.0,596.0,501.0,518.0,543.0,538.0
538.0,630.0,608.0,555.0,531.0,538.0,408.0
408.0,519.0,519.0,444.0,424.0,408.0,732.0
732.0,795.0,732.0,634.0,644.0,732.0,413.0
413.0,524.0,546.0,487.0,450.0,413.0,704.0
704.0,771.0,717.0,679.0,624.0,704.0,488.0
488.0,588.0,597.0,523.0,539.0,488.0,483.0
483.0,583.0,570.0,503.0,491.0,483.0,568.0
568.0,656.0,626.0,549.0,546.0,568.0,803.0
803.0,858.0,800.0,775.0,756.0,803.0,453.0
453.0,558.0,591.0,545.0,514.0,453.0,685.0
685.0,756.0,709.0,604.0,643.0,685.0,866.0
866.0,911.0,861.0,704.0,806.0,866.0,563.0
563.0,651.0,683.0,621.0,589.0,563.0,518.0
518.0,607.0,606.0,555.0,538.0,518.0,712.0
712.0,774.0,730.0,617.0,660.0,712.0,665.0
665.0,733.0,721.0,637.0,668.0,665.0,583.0
583.0,661.0,659.0,627.0,590.0,583.0,404.0
404.0,507.0,520.0,463.0,419.0,404.0,438.0
438.0,537.0,516.0,411.0,436.0,438.0,597.0
597.0,675.0,629.0,467.0,584.0,597.0,751.0
751.0,807.0,763.0,716.0,738.0,751.0,476.0
476.0,573.0,598.0,575.0,497.0,476.0,422.0
422.0,518.0,517.0,483.0,427.0,422.0,454.0
454.0,546.0,525.0,417.0,452.0,454.0,464.0
464.0,549.0,529.0,464.0,463.0,464.0,503.0
503.0,582.0,558.0,507.0,488.0,503.0,553.0
553.0,625.0,601.0,561.0,549.0,553.0,524.0
524.0,601.0,587.0,525.0,516.0,524.0,521.0
521.0,598.0,583.0,563.0,522.0,521.0,429.0
429.0,519.0,517.0,498.0,497.0,429.0,498.0
498.0,578.0,552.0,488.0,495.0,498.0,707.0
707.0,756.0,706.0,635.0,542.0,707.0,515.0
515.0,593.0,604.0,478.0,538.0,515.0,649.0
649.0,706.0,675.0,692.0,627.0,649.0,676.0
676.0,727.0,711.0,602.0,659.0,676.0,867.0
867.0,888.0,872.0,837.0,640.0,867.0,492.0
492.0,557.0,579.0,508.0,617.0,492.0,611.0
611.0,663.0,650.0,661.0,616.0,611.0,856.0
856.0,875.0,871.0,743.0,660.0,856.0,920.0
920.0,935.0,933.0,850.0,915.0,920.0,734.0
734.0,768.0,771.0,752.0,746.0,734.0,839.0
839.0,861.0,858.0,846.0,827.0,839.0,980.0
980.0,985.0,983.0,914.0,971.0,980.0,763.0
763.0,794.0,796.0,727.0,776.0,763.0,925.0
925.0,936.0,930.0,965.0,915.0,925.0,836.0
836.0,852.0,845.0,736.0,840.0,836.0,1029.0
1029.0,1026.0,1040.0,1055.0,1019.0,1029.0,1089.0
1089.0,1073.0,1074.0,1054.0,1085.0,1089.0,1074.0
1074.0,1054.0,1053.0,1064.0,1075.0,1074.0,817.0
817.0,829.0,824.0,817.0,886.0,817.0,934.0
934.0,931.0,934.0,934.0,929.0,934.0,989.0
989.0,980.0,981.0,960.0,959.0,989.0,856.0
856.0,863.0,861.0,856.0,908.0,856.0,620.0
620.0,657.0,652.0,620.0,755.0,620.0,518.0
518.0,566.0,565.0,518.0,630.0,518.0,905.0
905.0,906.0,914.0,905.0,805.0,905.0,728.0
728.0,751.0,748.0,728.0,750.0,728.0,520.0
520.0,568.0,564.0,520.0,631.0,520.0,554.0
554.0,599.0,601.0,578.0,591.0,554.0,455.0
455.0,511.0,509.0,465.0,519.0,455.0,445.0
445.0,499.0,497.0,482.0,482.0,445.0,529.0
529.0,570.0,563.0,603.0,506.0,529.0,686.0
686.0,715.0,708.0,693.0,682.0,686.0,567.0
567.0,609.0,609.0,583.0,570.0,567.0,647.0
647.0,679.0,676.0,652.0,645.0,647.0,655.0
655.0,687.0,686.0,548.0,655.0,655.0,727.0
727.0,751.0,751.0,749.0,725.0,727.0,730.0
730.0,753.0,754.0,715.0,730.0,730.0,761.0
761.0,780.0,782.0,757.0,760.0,761.0,811.0
811.0,818.0,822.0,739.0,810.0,811.0,738.0
738.0,762.0,742.0,711.0,740.0,738.0,818.0
818.0,808.0,819.0,816.0,808.0,818.0,743.0
743.0,754.0,743.0,709.0,765.0,743.0,796.0
796.0,791.0,800.0,814.0,793.0,796.0,683.0
683.0,712.0,699.0,664.0,716.0,683.0,707.0
707.0,729.0,737.0,757.0,709.0,707.0,910.0
910.0,872.0,892.0,867.0,861.0,910.0,791.0
791.0,788.0,768.0,740.0,808.0,791.0,436.0
436.0,538.0,509.0,516.0,549.0,436.0,603.0
603.0,656.0,692.0,730.0,587.0,603.0,780.0
780.0,781.0,800.0,647.0,723.0,780.0,543.0
543.0,614.0,547.0,524.0,594.0,543.0,587.0
587.0,605.0,598.0,621.0,589.0,587.0,480.0
480.0,520.0,532.0,461.0,510.0,480.0,793.0
793.0,789.0,734.0,715.0,736.0,793.0,506.0
506.0,549.0,583.0,556.0,584.0,506.0,475.0
475.0,523.0,528.0,557.0,519.0,475.0,621.0
621.0,645.0,615.0,531.0,608.0,621.0,710.0
710.0,719.0,694.0,707.0,672.0,710.0,614.0
614.0,639.0,647.0,654.0,652.0,614.0,579.0
579.0,610.0,612.0,668.0,610.0,579.0,699.0
699.0,709.0,686.0,705.0,690.0,699.0,824.0
824.0,812.0,786.0,796.0,801.0,824.0,757.0
757.0,756.0,764.0,782.0,779.0,757.0,821.0
821.0,807.0,798.0,843.0,823.0,821.0,898.0
898.0,868.0,855.0,866.0,887.0,898.0,888.0
888.0,860.0,864.0,895.0,899.0,888.0,880.0
880.0,853.0,861.0,882.0,897.0,880.0,881.0
881.0,854.0,862.0,884.0,881.0,881.0,671.0
671.0,684.0,729.0,758.0,750.0,671.0,700.0
700.0,707.0,711.0,719.0,724.0,700.0,753.0
753.0,750.0,740.0,686.0,740.0,753.0,468.0
468.0,520.0,568.0,555.0,571.0,468.0,523.0
523.0,565.0,557.0,567.0,541.0,523.0,683.0
683.0,694.0,655.0,601.0,628.0,683.0,518.0
518.0,561.0,579.0,565.0,560.0,518.0,591.0
591.0,619.0,601.0,634.0,596.0,591.0,598.0
598.0,625.0,613.0,597.0,608.0,598.0,679.0
679.0,691.0,667.0,683.0,664.0,679.0,702.0
702.0,710.0,697.0,702.0,700.0,702.0,757.0
757.0,755.0,740.0,774.0,748.0,757.0,796.0
796.0,786.0,776.0,798.0,790.0,796.0,756.0
756.0,754.0,762.0,803.0,778.0,756.0,801.0
801.0,790.0,786.0,795.0,804.0,801.0,592.0
592.0,620.0,661.0,686.0,675.0,592.0,780.0
780.0,770.0,743.0,745.0,755.0,780.0,798.0
798.0,783.0,776.0,763.0,795.0,798.0,793.0
793.0,778.0,781.0,811.0,804.0,793.0,957.0
957.0,903.0,880.0,863.0,914.0,957.0,1066.0
1066.0,983.0,967.0,976.0,1000.0,1066.0,1038.0
1038.0,962.0,981.0,1009.0,1041.0,1038.0,817.0
817.0,793.0,858.0,912.0,913.0,817.0,853.0
853.0,821.0,840.0,852.0,887.0,853.0,633.0
633.0,653.0,708.0,711.0,740.0,633.0,758.0
758.0,748.0,737.0,703.0,762.0,758.0,549.0
549.0,589.0,627.0,593.0,638.0,549.0,642.0
642.0,660.0,645.0,591.0,652.0,642.0,694.0
694.0,700.0,681.0,630.0,689.0,694.0,545.0
545.0,586.0,607.0,590.0,610.0,545.0,651.0
651.0,667.0,644.0,623.0,646.0,651.0,582.0
582.0,615.0,617.0,615.0,617.0,582.0,695.0
695.0,701.0,673.0,666.0,677.0,695.0,586.0
586.0,618.0,628.0,645.0,627.0,586.0,728.0
728.0,726.0,695.0,700.0,703.0,728.0,530.0
530.0,576.0,604.0,636.0,606.0,530.0,442.0
442.0,510.0,524.0,550.0,515.0,442.0,619.0
619.0,644.0,600.0,590.0,590.0,619.0,697.0
697.0,703.0,669.0,686.0,667.0,697.0,523.0
523.0,572.0,592.0,617.0,588.0,523.0,682.0
682.0,692.0,657.0,683.0,638.0,682.0,497.0
497.0,552.0,573.0,578.0,568.0,497.0,567.0
567.0,605.0,586.0,626.0,579.0,567.0,446.0
446.0,513.0,521.0,506.0,504.0,446.0,556.0
556.0,597.0,563.0,585.0,548.0,556.0,558.0
558.0,598.0,578.0,552.0,547.0,558.0,263.0
