272.0,272.0,272.0,272.0,272.0,272.0
272.0,272.0,272.0,272.0,272.0,290.0
290.0,273.0,269.0,276.0,276.0,444.0
444.0,334.0,353.0,310.0,598.0,272.0
272.0,310.0,290.0,304.0,283.0,272.0
272.0,303.0,302.0,299.0,299.0,270.0
270.0,298.0,310.0,295.0,295.0,271.0
271.0,294.0,311.0,293.0,293.0,270.0
270.0,291.0,309.0,290.0,290.0,246.0
246.0,286.0,291.0,286.0,286.0,275.0
275.0,285.0,281.0,285.0,285.0,270.0
270.0,284.0,289.0,284.0,284.0,271.0
271.0,283.0,279.0,283.0,283.0,274.0
274.0,282.0,287.0,283.0,283.0,353.0
353.0,288.0,289.0,287.0,287.0,271.0
271.0,286.0,287.0,286.0,286.0,275.0
275.0,286.0,288.0,286.0,286.0,278.0
278.0,285.0,289.0,285.0,285.0,273.0
273.0,285.0,290.0,284.0,284.0,743.0
743.0,245.0,185.0,306.0,306.0,275.0
275.0,308.0,253.0,305.0,305.0,341.0
341.0,304.0,299.0,306.0,306.0,541.0
541.0,304.0,304.0,316.0,364.0,272.0
272.0,318.0,318.0,314.0,314.0,273.0
273.0,316.0,316.0,313.0,313.0,272.0
272.0,314.0,314.0,311.0,311.0,275.0
275.0,312.0,312.0,310.0,310.0,271.0
271.0,311.0,311.0,309.0,309.0,273.0
273.0,309.0,309.0,308.0,308.0,274.0
274.0,308.0,308.0,306.0,306.0,279.0
279.0,307.0,307.0,306.0,306.0,273.0
273.0,306.0,306.0,305.0,305.0,273.0
273.0,305.0,305.0,304.0,304.0,275.0
275.0,304.0,304.0,303.0,304.0,277.0
277.0,303.0,303.0,302.0,302.0,274.0
274.0,302.0,302.0,301.0,301.0,273.0
273.0,301.0,301.0,301.0,301.0,272.0
272.0,301.0,301.0,300.0,300.0,273.0
273.0,300.0,300.0,299.0,299.0,271.0
271.0,299.0,299.0,299.0,299.0,275.0
275.0,298.0,298.0,298.0,298.0,278.0
278.0,298.0,298.0,298.0,298.0,275.0
275.0,297.0,297.0,297.0,297.0,273.0
273.0,297.0,297.0,296.0,296.0,270.0
270.0,296.0,296.0,296.0,296.0,271.0
271.0,296.0,296.0,295.0,295.0,271.0
271.0,295.0,295.0,295.0,295.0,301.0
301.0,295.0,295.0,295.0,295.0,271.0
271.0,295.0,295.0,294.0,294.0,270.0
270.0,294.0,294.0,294.0,294.0,272.0
272.0,294.0,294.0,294.0,294.0,274.0
274.0,293.0,293.0,293.0,293.0,271.0
271.0,293.0,293.0,293.0,293.0,122.0
122.0,288.0,273.0,290.0,290.0,280.0
280.0,289.0,278.0,290.0,290.0,270.0
270.0,289.0,279.0,289.0,289.0,271.0
271.0,289.0,281.0,289.0,289.0,265.0
265.0,288.0,281.0,288.0,288.0,272.0
272.0,288.0,281.0,288.0,288.0,271.0
271.0,288.0,282.0,288.0,288.0,272.0
272.0,287.0,282.0,288.0,288.0,273.0
273.0,287.0,282.0,287.0,287.0,269.0
269.0,287.0,282.0,287.0,287.0,272.0
272.0,287.0,282.0,287.0,287.0,270.0
270.0,286.0,282.0,287.0,287.0,274.0
274.0,286.0,282.0,286.0,286.0,273.0
273.0,286.0,282.0,286.0,270.0,273.0
273.0,286.0,282.0,286.0,270.0,270.0
270.0,285.0,281.0,286.0,270.0,480.0
480.0,292.0,300.0,289.0,289.0,269.0
269.0,288.0,288.0,288.0,288.0,271.0
271.0,288.0,288.0,288.0,288.0,272.0
272.0,288.0,288.0,288.0,288.0,271.0
271.0,287.0,287.0,288.0,288.0,275.0
275.0,287.0,286.0,287.0,288.0,275.0
275.0,287.0,286.0,287.0,287.0,270.0
270.0,287.0,285.0,287.0,287.0,138.0
138.0,283.0,273.0,285.0,285.0,280.0
280.0,285.0,276.0,285.0,285.0,280.0
280.0,285.0,278.0,285.0,285.0,279.0
279.0,285.0,280.0,285.0,285.0,281.0
281.0,285.0,281.0,285.0,285.0,277.0
277.0,285.0,282.0,285.0,285.0,273.0
273.0,284.0,282.0,285.0,285.0,274.0
274.0,284.0,282.0,285.0,285.0,271.0
271.0,284.0,281.0,284.0,284.0,270.0
270.0,284.0,281.0,284.0,284.0,270.0
270.0,284.0,281.0,284.0,284.0,274.0
274.0,284.0,281.0,284.0,284.0,270.0
270.0,284.0,281.0,284.0,274.0,271.0
271.0,283.0,280.0,284.0,274.0,272.0
272.0,283.0,280.0,284.0,274.0,295.0
295.0,284.0,282.0,284.0,275.0,274.0
274.0,283.0,282.0,284.0,275.0,277.0
277.0,283.0,282.0,284.0,275.0,269.0
269.0,283.0,281.0,283.0,275.0,315.0
315.0,284.0,284.0,284.0,277.0,271.0
271.0,283.0,283.0,284.0,276.0,273.0
273.0,283.0,282.0,283.0,276.0,276.0
276.0,283.0,282.0,283.0,276.0,270.0
270.0,283.0,281.0,283.0,260.0,272.0
272.0,283.0,281.0,283.0,276.0,276.0
276.0,283.0,281.0,283.0,276.0,273.0
273.0,283.0,281.0,283.0,276.0,263.0
263.0,282.0,280.0,283.0,275.0,271.0
271.0,282.0,280.0,283.0,275.0,256.0
256.0,282.0,278.0,282.0,274.0,271.0
271.0,282.0,279.0,282.0,274.0,274.0
274.0,282.0,279.0,282.0,274.0,273.0
273.0,282.0,279.0,282.0,274.0,273.0
273.0,282.0,279.0,282.0,274.0,272.0
272.0,282.0,279.0,282.0,274.0,275.0
275.0,282.0,279.0,282.0,274.0,235.0
235.0,280.0,276.0,282.0,272.0,271.0
271.0,281.0,277.0,281.0,272.0,270.0
270.0,281.0,277.0,281.0,272.0,6052.0
6052.0,0.0,0.0,330.0,330.0,280.0
280.0,330.0,330.0,330.0,330.0,269.0
269.0,330.0,330.0,329.0,330.0,272.0
272.0,329.0,329.0,329.0,329.0,274.0
274.0,329.0,329.0,328.0,328.0,710.0
710.0,327.0,327.0,331.0,686.0,271.0
271.0,332.0,332.0,331.0,253.0,275.0
275.0,331.0,331.0,331.0,252.0,271.0
271.0,331.0,331.0,330.0,251.0,278.0
278.0,330.0,330.0,330.0,330.0,271.0
271.0,330.0,330.0,329.0,329.0,274.0
274.0,329.0,329.0,329.0,329.0,273.0
273.0,329.0,329.0,328.0,266.0,272.0
272.0,329.0,329.0,328.0,258.0,274.0
274.0,328.0,328.0,328.0,328.0,657.0
657.0,326.0,326.0,330.0,330.0,531.0
531.0,330.0,330.0,331.0,331.0,273.0
273.0,332.0,332.0,331.0,331.0,271.0
271.0,331.0,331.0,331.0,254.0,272.0
272.0,331.0,331.0,330.0,330.0,272.0
272.0,330.0,330.0,330.0,257.0,272.0
272.0,330.0,330.0,329.0,329.0,277.0
277.0,329.0,329.0,329.0,329.0,272.0
272.0,329.0,329.0,329.0,259.0,272.0
272.0,329.0,329.0,328.0,328.0,318.0
318.0,328.0,328.0,328.0,307.0,296.0
296.0,328.0,328.0,328.0,328.0,271.0
271.0,328.0,328.0,327.0,328.0,271.0
271.0,328.0,328.0,327.0,327.0,272.0
272.0,327.0,327.0,327.0,260.0,271.0
271.0,327.0,327.0,326.0,327.0,273.0
273.0,326.0,326.0,326.0,326.0,277.0
277.0,326.0,326.0,326.0,326.0,274.0
274.0,326.0,326.0,325.0,325.0,276.0
276.0,325.0,325.0,325.0,325.0,274.0
274.0,325.0,325.0,325.0,325.0,272.0
272.0,325.0,325.0,324.0,324.0,270.0
270.0,324.0,324.0,324.0,324.0,273.0
273.0,324.0,324.0,324.0,324.0,267.0
267.0,324.0,324.0,323.0,323.0,274.0
274.0,323.0,323.0,323.0,323.0,270.0
270.0,323.0,323.0,323.0,323.0,272.0
272.0,323.0,323.0,322.0,322.0,275.0
275.0,322.0,322.0,322.0,322.0,273.0
273.0,322.0,322.0,322.0,321.0,275.0
275.0,322.0,322.0,321.0,268.0,280.0
280.0,321.0,321.0,321.0,274.0,270.0
270.0,321.0,321.0,321.0,264.0,275.0
275.0,321.0,321.0,321.0,269.0,272.0
272.0,321.0,321.0,320.0,266.0,270.0
270.0,320.0,320.0,320.0,320.0,271.0
271.0,320.0,320.0,320.0,265.0,269.0
269.0,320.0,320.0,319.0,319.0,275.0
275.0,319.0,319.0,319.0,319.0,271.0
271.0,319.0,319.0,319.0,319.0,287.0
287.0,319.0,319.0,319.0,319.0,270.0
270.0,319.0,319.0,318.0,266.0,557.0
557.0,318.0,318.0,320.0,320.0,271.0
271.0,320.0,320.0,320.0,319.0,271.0
271.0,320.0,320.0,319.0,320.0,273.0
273.0,319.0,319.0,319.0,319.0,271.0
271.0,319.0,319.0,319.0,319.0,266.0
266.0,319.0,319.0,318.0,318.0,273.0
273.0,318.0,318.0,318.0,318.0,269.0
269.0,318.0,318.0,318.0,318.0,273.0
273.0,318.0,318.0,318.0,318.0,271.0
271.0,318.0,318.0,317.0,317.0,272.0
272.0,317.0,317.0,317.0,317.0,276.0
276.0,317.0,317.0,317.0,317.0,275.0
275.0,317.0,317.0,317.0,317.0,811.0
811.0,316.0,316.0,319.0,319.0,271.0
271.0,319.0,319.0,319.0,319.0,271.0
271.0,319.0,319.0,319.0,319.0,271.0
271.0,319.0,319.0,319.0,319.0,316.0
316.0,319.0,319.0,319.0,319.0,272.0
272.0,319.0,319.0,318.0,318.0,275.0
275.0,318.0,318.0,318.0,318.0,423.0
423.0,318.0,318.0,319.0,319.0,275.0
275.0,319.0,319.0,318.0,318.0,271.0
271.0,319.0,319.0,318.0,318.0,270.0
270.0,318.0,318.0,318.0,318.0,274.0
274.0,318.0,318.0,318.0,317.0,272.0
272.0,318.0,318.0,317.0,317.0,276.0
276.0,318.0,318.0,317.0,317.0,275.0
275.0,317.0,317.0,317.0,317.0,270.0
270.0,317.0,317.0,317.0,317.0,272.0
272.0,317.0,317.0,317.0,317.0,272.0
272.0,317.0,317.0,316.0,316.0,269.0
269.0,317.0,317.0,316.0,316.0,270.0
270.0,316.0,316.0,316.0,316.0,273.0
273.0,316.0,316.0,316.0,316.0,271.0
271.0,316.0,316.0,316.0,316.0,460.0
460.0,315.0,315.0,316.0,316.0,273.0
273.0,316.0,316.0,316.0,316.0,272.0
272.0,316.0,316.0,316.0,316.0,272.0
272.0,316.0,316.0,316.0,316.0,445.0
445.0,315.0,315.0,316.0,316.0,271.0
271.0,316.0,316.0,316.0,316.0,272.0
272.0,316.0,316.0,316.0,316.0,270.0
270.0,316.0,316.0,316.0,316.0,270.0
270.0,316.0,316.0,315.0,315.0,272.0
272.0,315.0,315.0,315.0,315.0,278.0
278.0,315.0,315.0,315.0,315.0,270.0
270.0,315.0,315.0,315.0,315.0,274.0
274.0,315.0,315.0,315.0,315.0,115.0
115.0,315.0,315.0,314.0,314.0,271.0
271.0,314.0,314.0,314.0,314.0,271.0
271.0,314.0,314.0,313.0,313.0,276.0
276.0,313.0,313.0,313.0,313.0,255.0
255.0,313.0,313.0,313.0,313.0,272.0
272.0,313.0,313.0,313.0,312.0,270.0
270.0,313.0,313.0,313.0,312.0,270.0
270.0,313.0,313.0,312.0,312.0,271.0
271.0,312.0,312.0,312.0,312.0,272.0
272.0,312.0,312.0,312.0,312.0,269.0
269.0,312.0,312.0,312.0,312.0,272.0
272.0,312.0,312.0,312.0,312.0,273.0
273.0,312.0,312.0,311.0,311.0,272.0
272.0,312.0,312.0,311.0,311.0,304.0
304.0,311.0,311.0,311.0,311.0,255.0
255.0,311.0,311.0,311.0,311.0,268.0
268.0,311.0,311.0,311.0,311.0,253.0
253.0,311.0,311.0,311.0,311.0,270.0
270.0,311.0,311.0,310.0,310.0,282.0
282.0,311.0,311.0,310.0,310.0,270.0
270.0,310.0,310.0,310.0,310.0,502.0
502.0,310.0,310.0,311.0,311.0,274.0
274.0,311.0,311.0,311.0,311.0,272.0
272.0,311.0,311.0,311.0,311.0,271.0
271.0,311.0,311.0,310.0,310.0,276.0
276.0,311.0,311.0,310.0,310.0,273.0
273.0,310.0,310.0,310.0,310.0,273.0
273.0,310.0,310.0,310.0,310.0,277.0
277.0,310.0,310.0,310.0,310.0,273.0
273.0,310.0,310.0,310.0,310.0,274.0
274.0,310.0,310.0,310.0,310.0,271.0
271.0,310.0,310.0,309.0,310.0,265.0
265.0,310.0,310.0,309.0,309.0,270.0
270.0,309.0,309.0,309.0,309.0,4190.0
4190.0,285.0,285.0,324.0,325.0,273.0
273.0,325.0,324.0,324.0,324.0,271.0
271.0,324.0,324.0,324.0,324.0,272.0
272.0,324.0,324.0,324.0,324.0,237.0
237.0,324.0,324.0,323.0,323.0,270.0
270.0,324.0,324.0,323.0,323.0,269.0
269.0,323.0,324.0,323.0,323.0,274.0
274.0,323.0,323.0,323.0,323.0,883.0
883.0,319.0,318.0,325.0,325.0,270.0
270.0,325.0,325.0,325.0,325.0,270.0
270.0,325.0,325.0,324.0,324.0,272.0
272.0,325.0,325.0,324.0,324.0,270.0
270.0,325.0,325.0,324.0,324.0,271.0
271.0,324.0,324.0,324.0,324.0,156.0
156.0,325.0,325.0,323.0,323.0,257.0
257.0,324.0,324.0,323.0,324.0,271.0
271.0,323.0,323.0,323.0,324.0,270.0
270.0,323.0,323.0,323.0,323.0,271.0
271.0,323.0,323.0,322.0,322.0,269.0
269.0,323.0,323.0,322.0,322.0,276.0
276.0,323.0,323.0,322.0,322.0,273.0
273.0,322.0,322.0,322.0,322.0,270.0
270.0,322.0,322.0,322.0,322.0,279.0
279.0,322.0,322.0,322.0,322.0,277.0
277.0,322.0,322.0,321.0,322.0,251.0
251.0,322.0,322.0,321.0,321.0,419.0
419.0,320.0,320.0,321.0,322.0,538.0
538.0,320.0,320.0,322.0,322.0,293.0
293.0,322.0,322.0,322.0,322.0,274.0
274.0,322.0,322.0,322.0,322.0,280.0
280.0,322.0,322.0,322.0,322.0,282.0
282.0,322.0,322.0,322.0,322.0,269.0
269.0,322.0,322.0,321.0,322.0,269.0
269.0,322.0,322.0,321.0,321.0,764.0
764.0,318.0,318.0,323.0,323.0,272.0
272.0,323.0,323.0,323.0,323.0,270.0
270.0,323.0,323.0,322.0,322.0,276.0
276.0,323.0,323.0,322.0,322.0,720.0
720.0,319.0,319.0,324.0,324.0,275.0
275.0,324.0,324.0,324.0,323.0,264.0
264.0,324.0,324.0,323.0,323.0,271.0
271.0,324.0,324.0,323.0,323.0,261.0
261.0,324.0,324.0,323.0,323.0,302.0
302.0,323.0,323.0,323.0,323.0,272.0
272.0,323.0,323.0,323.0,323.0,272.0
272.0,323.0,323.0,323.0,322.0,257.0
257.0,323.0,323.0,322.0,322.0,272.0
272.0,323.0,323.0,322.0,322.0,271.0
271.0,323.0,323.0,322.0,322.0,270.0
270.0,322.0,322.0,322.0,322.0,295.0
295.0,322.0,322.0,322.0,321.0,270.0
270.0,322.0,322.0,322.0,321.0,275.0
275.0,322.0,322.0,321.0,321.0,274.0
274.0,322.0,322.0,321.0,321.0,272.0
272.0,322.0,322.0,321.0,321.0,270.0
270.0,321.0,321.0,321.0,321.0,271.0
271.0,321.0,321.0,321.0,321.0,918.0
918.0,316.0,316.0,323.0,323.0,270.0
270.0,323.0,323.0,322.0,323.0,264.0
264.0,323.0,323.0,322.0,322.0,270.0
270.0,323.0,323.0,322.0,322.0,270.0
270.0,323.0,323.0,322.0,322.0,270.0
270.0,322.0,322.0,322.0,322.0,269.0
269.0,322.0,322.0,322.0,321.0,268.0
268.0,322.0,322.0,321.0,322.0,233.0
233.0,322.0,322.0,321.0,322.0,243.0
243.0,322.0,322.0,321.0,321.0,231.0
231.0,322.0,322.0,321.0,321.0,244.0
244.0,321.0,321.0,320.0,320.0,220.0
220.0,321.0,321.0,320.0,320.0,252.0
252.0,321.0,321.0,320.0,320.0,256.0
256.0,320.0,320.0,320.0,320.0,256.0
256.0,320.0,320.0,320.0,320.0,269.0
269.0,320.0,320.0,319.0,319.0,270.0
270.0,320.0,320.0,319.0,319.0,245.0
245.0,320.0,320.0,319.0,319.0,271.0
271.0,319.0,319.0,319.0,319.0,272.0
272.0,319.0,319.0,319.0,319.0,272.0
272.0,319.0,319.0,319.0,319.0,256.0
256.0,319.0,319.0,318.0,319.0,277.0
277.0,319.0,319.0,318.0,318.0,269.0
269.0,319.0,319.0,318.0,318.0,275.0
275.0,318.0,318.0,318.0,318.0,670.0
670.0,315.0,315.0,319.0,319.0,269.0
269.0,319.0,319.0,319.0,319.0,270.0
270.0,319.0,319.0,319.0,319.0,272.0
272.0,319.0,319.0,319.0,319.0,256.0
256.0,319.0,319.0,318.0,319.0,271.0
271.0,319.0,319.0,318.0,318.0,270.0
270.0,319.0,319.0,318.0,318.0,274.0
274.0,318.0,319.0,318.0,318.0,274.0
274.0,318.0,318.0,318.0,318.0,273.0
273.0,318.0,318.0,318.0,318.0,270.0
270.0,318.0,318.0,318.0,318.0,276.0
276.0,318.0,318.0,318.0,318.0,272.0
272.0,318.0,318.0,317.0,317.0,271.0
271.0,318.0,318.0,317.0,317.0,269.0
269.0,318.0,318.0,317.0,317.0,272.0
272.0,317.0,317.0,317.0,317.0,271.0
271.0,317.0,317.0,317.0,317.0,274.0
274.0,317.0,317.0,317.0,317.0,274.0
274.0,317.0,317.0,317.0,316.0,274.0
274.0,317.0,317.0,317.0,316.0,257.0
257.0,317.0,317.0,316.0,316.0,273.0
273.0,317.0,317.0,316.0,316.0,270.0
270.0,317.0,317.0,316.0,316.0,271.0
271.0,316.0,316.0,316.0,316.0,252.0
252.0,316.0,316.0,316.0,316.0,270.0
270.0,316.0,316.0,316.0,316.0,269.0
269.0,316.0,316.0,316.0,316.0,273.0
273.0,316.0,316.0,315.0,315.0,271.0
271.0,316.0,316.0,315.0,315.0,272.0
272.0,316.0,316.0,315.0,315.0,258.0
258.0,316.0,316.0,315.0,315.0,271.0
271.0,315.0,315.0,315.0,315.0,271.0
271.0,315.0,315.0,315.0,315.0,272.0
272.0,315.0,315.0,315.0,315.0,255.0
255.0,315.0,315.0,315.0,315.0,273.0
273.0,315.0,315.0,314.0,314.0,271.0
271.0,315.0,315.0,314.0,314.0,251.0
251.0,315.0,315.0,314.0,314.0,276.0
276.0,314.0,314.0,314.0,314.0,258.0
258.0,314.0,314.0,314.0,314.0,274.0
274.0,314.0,314.0,314.0,314.0,255.0
255.0,314.0,314.0,314.0,313.0,273.0
273.0,314.0,314.0,314.0,313.0,269.0
269.0,314.0,314.0,313.0,313.0,269.0
269.0,314.0,314.0,313.0,313.0,271.0
271.0,314.0,314.0,313.0,313.0,239.0
239.0,314.0,314.0,313.0,313.0,269.0
269.0,313.0,313.0,313.0,312.0,335.0
335.0,313.0,313.0,313.0,312.0,274.0
274.0,313.0,313.0,313.0,312.0,272.0
272.0,313.0,313.0,313.0,313.0,271.0
271.0,313.0,313.0,313.0,313.0,270.0
270.0,313.0,313.0,313.0,313.0,267.0
267.0,313.0,313.0,312.0,313.0,273.0
273.0,313.0,313.0,312.0,312.0,271.0
271.0,313.0,313.0,312.0,312.0,270.0
270.0,312.0,312.0,312.0,312.0,269.0
269.0,312.0,312.0,312.0,312.0,259.0
259.0,312.0,312.0,312.0,312.0,278.0
278.0,312.0,312.0,312.0,312.0,273.0
273.0,312.0,312.0,312.0,312.0,270.0
270.0,312.0,312.0,312.0,311.0,286.0
286.0,312.0,312.0,311.0,312.0,250.0
250.0,312.0,312.0,311.0,311.0,270.0
270.0,312.0,312.0,311.0,311.0,359.0
359.0,311.0,311.0,311.0,311.0,271.0
271.0,312.0,312.0,311.0,311.0,272.0
272.0,311.0,311.0,311.0,311.0,269.0
269.0,311.0,311.0,311.0,311.0,272.0
272.0,311.0,311.0,311.0,311.0,270.0
270.0,311.0,311.0,311.0,311.0,271.0
271.0,311.0,311.0,311.0,311.0,278.0
278.0,311.0,311.0,311.0,311.0,271.0
271.0,311.0,311.0,311.0,311.0,272.0
272.0,311.0,311.0,310.0,311.0,270.0
270.0,311.0,311.0,310.0,310.0,261.0
261.0,311.0,311.0,310.0,310.0,270.0
270.0,311.0,311.0,310.0,310.0,274.0
274.0,310.0,310.0,310.0,310.0,251.0
251.0,310.0,310.0,310.0,310.0,308.0
308.0,310.0,310.0,310.0,310.0,272.0
272.0,310.0,310.0,310.0,310.0,278.0
278.0,310.0,310.0,310.0,310.0,271.0
271.0,310.0,310.0,310.0,310.0,352.0
352.0,309.0,309.0,310.0,310.0,273.0
273.0,310.0,310.0,310.0,310.0,271.0
271.0,310.0,310.0,310.0,310.0,270.0
270.0,310.0,310.0,310.0,310.0,272.0
272.0,310.0,310.0,309.0,309.0,274.0
274.0,310.0,310.0,309.0,309.0,273.0
273.0,310.0,310.0,309.0,309.0,271.0
271.0,309.0,309.0,309.0,309.0,273.0
273.0,309.0,309.0,309.0,309.0,271.0
271.0,309.0,309.0,309.0,309.0,276.0
276.0,309.0,309.0,309.0,309.0,270.0
270.0,309.0,309.0,309.0,309.0,257.0
257.0,309.0,309.0,309.0,309.0,669.0
669.0,307.0,307.0,310.0,309.0,274.0
274.0,310.0,310.0,309.0,309.0,302.0
302.0,310.0,310.0,309.0,309.0,301.0
301.0,309.0,309.0,309.0,309.0,274.0
274.0,310.0,310.0,309.0,309.0,276.0
276.0,310.0,310.0,309.0,309.0,273.0
273.0,309.0,309.0,309.0,309.0,291.0
291.0,309.0,309.0,309.0,309.0,300.0
300.0,309.0,309.0,309.0,309.0,252.0
252.0,309.0,309.0,309.0,309.0,272.0
272.0,309.0,309.0,309.0,309.0,265.0
265.0,309.0,309.0,309.0,309.0,276.0
276.0,309.0,309.0,309.0,309.0,270.0
270.0,309.0,309.0,309.0,309.0,269.0
269.0,309.0,309.0,309.0,308.0,272.0
272.0,309.0,309.0,308.0,308.0,274.0
274.0,309.0,309.0,308.0,308.0,270.0
270.0,309.0,309.0,308.0,308.0,275.0
275.0,309.0,309.0,308.0,308.0,270.0
270.0,308.0,308.0,308.0,308.0,272.0
272.0,308.0,308.0,308.0,308.0,272.0
272.0,308.0,308.0,308.0,308.0,278.0
278.0,308.0,308.0,308.0,308.0,262.0
262.0,308.0,308.0,308.0,308.0,279.0
279.0,308.0,308.0,308.0,308.0,270.0
270.0,308.0,308.0,308.0,308.0,274.0
274.0,308.0,308.0,308.0,308.0,269.0
269.0,308.0,308.0,308.0,308.0,274.0
274.0,308.0,308.0,307.0,308.0,270.0
270.0,308.0,308.0,307.0,307.0,270.0
270.0,308.0,308.0,307.0,307.0,280.0
280.0,307.0,307.0,307.0,307.0,272.0
272.0,307.0,307.0,307.0,307.0,248.0
248.0,307.0,308.0,307.0,307.0,270.0
270.0,307.0,307.0,307.0,307.0,274.0
274.0,307.0,307.0,307.0,307.0,276.0
276.0,307.0,307.0,307.0,307.0,270.0
270.0,307.0,307.0,307.0,307.0,364.0
364.0,306.0,306.0,307.0,307.0,271.0
271.0,307.0,307.0,307.0,307.0,257.0
257.0,307.0,307.0,307.0,307.0,274.0
274.0,307.0,307.0,307.0,306.0,276.0
276.0,307.0,307.0,307.0,307.0,275.0
275.0,307.0,307.0,307.0,307.0,273.0
273.0,307.0,307.0,306.0,306.0,282.0
282.0,307.0,307.0,306.0,306.0,262.0
262.0,307.0,307.0,306.0,306.0,271.0
271.0,306.0,306.0,306.0,306.0,266.0
266.0,306.0,306.0,306.0,306.0,275.0
275.0,306.0,306.0,306.0,306.0,278.0
278.0,306.0,306.0,306.0,306.0,274.0
274.0,306.0,306.0,306.0,306.0,278.0
278.0,306.0,306.0,306.0,306.0,272.0
272.0,306.0,306.0,306.0,306.0,276.0
276.0,306.0,306.0,306.0,306.0,365.0
365.0,305.0,305.0,306.0,306.0,272.0
272.0,306.0,306.0,306.0,306.0,272.0
272.0,306.0,306.0,306.0,306.0,275.0
275.0,306.0,306.0,306.0,306.0,276.0
276.0,306.0,306.0,306.0,306.0,274.0
274.0,306.0,306.0,306.0,305.0,271.0
271.0,306.0,306.0,305.0,305.0,275.0
275.0,306.0,306.0,305.0,305.0,274.0
274.0,306.0,306.0,305.0,306.0,267.0
267.0,306.0,306.0,305.0,305.0,274.0
274.0,306.0,306.0,305.0,300.0,272.0
272.0,306.0,306.0,305.0,306.0,273.0
273.0,306.0,306.0,305.0,305.0,270.0
270.0,305.0,305.0,305.0,305.0,275.0
275.0,305.0,305.0,305.0,305.0,269.0
269.0,305.0,305.0,305.0,305.0,272.0
272.0,305.0,305.0,305.0,305.0,272.0
272.0,305.0,305.0,305.0,305.0,269.0
269.0,305.0,305.0,305.0,305.0,273.0
273.0,305.0,305.0,305.0,305.0,273.0
273.0,305.0,305.0,305.0,305.0,272.0
272.0,305.0,305.0,305.0,305.0,261.0
261.0,305.0,305.0,305.0,305.0,274.0
274.0,305.0,305.0,305.0,305.0,275.0
275.0,305.0,305.0,305.0,293.0,273.0
273.0,305.0,305.0,305.0,292.0,254.0
254.0,305.0,305.0,305.0,305.0,271.0
271.0,305.0,305.0,305.0,304.0,497.0
497.0,304.0,304.0,305.0,286.0,274.0
274.0,305.0,305.0,304.0,304.0,271.0
271.0,305.0,305.0,304.0,304.0,277.0
277.0,304.0,304.0,304.0,304.0,269.0
269.0,304.0,304.0,304.0,304.0,268.0
268.0,304.0,304.0,304.0,304.0,271.0
271.0,304.0,304.0,304.0,304.0,255.0
255.0,304.0,304.0,304.0,304.0,313.0
313.0,304.0,304.0,304.0,304.0,232.0
232.0,304.0,304.0,304.0,304.0,272.0
272.0,304.0,304.0,304.0,304.0,271.0
271.0,304.0,304.0,304.0,304.0,270.0
270.0,304.0,304.0,304.0,304.0,264.0
264.0,304.0,304.0,304.0,303.0,271.0
271.0,304.0,304.0,304.0,304.0,271.0
271.0,304.0,304.0,304.0,304.0,273.0
273.0,304.0,304.0,304.0,304.0,271.0
271.0,304.0,304.0,304.0,303.0,277.0
277.0,304.0,304.0,304.0,303.0,117.0
117.0,304.0,304.0,303.0,303.0,272.0
272.0,303.0,303.0,303.0,303.0,272.0
272.0,303.0,303.0,303.0,303.0,278.0
278.0,303.0,303.0,303.0,303.0,272.0
272.0,303.0,303.0,303.0,303.0,272.0
272.0,303.0,303.0,303.0,303.0,271.0
271.0,303.0,303.0,303.0,303.0,271.0
271.0,303.0,303.0,303.0,303.0,275.0
275.0,303.0,303.0,303.0,303.0,272.0
272.0,303.0,303.0,303.0,303.0,275.0
275.0,303.0,303.0,303.0,303.0,271.0
271.0,303.0,303.0,303.0,303.0,272.0
272.0,303.0,303.0,303.0,303.0,254.0
254.0,303.0,303.0,303.0,303.0,271.0
271.0,303.0,303.0,303.0,303.0,270.0
270.0,303.0,303.0,303.0,258.0,270.0
270.0,304.0,304.0,303.0,303.0,279.0
279.0,304.0,304.0,303.0,302.0,270.0
270.0,304.0,304.0,303.0,304.0,263.0
263.0,304.0,304.0,303.0,303.0,270.0
270.0,304.0,304.0,303.0,303.0,271.0
271.0,304.0,304.0,303.0,303.0,271.0
271.0,304.0,304.0,303.0,303.0,263.0
263.0,304.0,304.0,303.0,295.0,277.0
277.0,304.0,304.0,303.0,294.0,289.0
289.0,304.0,304.0,303.0,295.0,270.0
270.0,304.0,304.0,303.0,295.0,268.0
268.0,304.0,304.0,303.0,303.0,274.0
274.0,304.0,304.0,303.0,303.0,269.0
269.0,304.0,304.0,303.0,300.0,346.0
346.0,303.0,303.0,304.0,304.0,281.0
281.0,304.0,304.0,304.0,304.0,274.0
274.0,303.0,303.0,303.0,303.0,272.0
272.0,303.0,303.0,303.0,303.0,273.0
273.0,303.0,303.0,303.0,303.0,270.0
270.0,303.0,303.0,303.0,273.0,271.0
271.0,303.0,303.0,303.0,287.0,274.0
274.0,303.0,303.0,303.0,276.0,269.0
269.0,303.0,303.0,303.0,303.0,271.0
271.0,303.0,303.0,303.0,272.0,320.0
320.0,303.0,303.0,304.0,303.0,269.0
269.0,304.0,304.0,304.0,304.0,292.0
292.0,304.0,304.0,304.0,304.0,274.0
274.0,304.0,304.0,304.0,303.0,273.0
273.0,304.0,304.0,304.0,303.0,275.0
275.0,304.0,304.0,304.0,303.0,275.0
275.0,304.0,304.0,304.0,304.0,550.0
550.0,302.0,302.0,304.0,303.0,269.0
269.0,304.0,304.0,304.0,340.0,271.0
271.0,304.0,304.0,304.0,315.0,274.0
274.0,304.0,304.0,304.0,305.0,271.0
271.0,304.0,304.0,304.0,273.0,269.0
269.0,304.0,304.0,304.0,270.0,252.0
252.0,304.0,304.0,304.0,304.0,341.0
341.0,304.0,304.0,304.0,296.0,256.0
256.0,304.0,304.0,304.0,293.0,293.0
293.0,304.0,304.0,304.0,296.0,283.0
283.0,304.0,304.0,304.0,288.0,800.0
800.0,302.0,302.0,305.0,368.0,274.0
274.0,305.0,305.0,305.0,367.0,261.0
261.0,305.0,305.0,305.0,294.0,269.0
269.0,305.0,305.0,305.0,339.0,269.0
269.0,305.0,305.0,305.0,330.0,275.0
275.0,305.0,305.0,305.0,314.0,262.0
262.0,305.0,305.0,305.0,316.0,276.0
276.0,305.0,305.0,305.0,298.0,271.0
271.0,305.0,305.0,305.0,272.0,274.0
274.0,305.0,305.0,271.0,299.0,262.0
262.0,305.0,305.0,270.0,292.0,272.0
272.0,305.0,305.0,270.0,269.0,282.0
282.0,305.0,305.0,273.0,283.0,276.0
276.0,305.0,305.0,286.0,276.0,272.0
272.0,305.0,305.0,285.0,266.0,272.0
272.0,305.0,305.0,285.0,276.0,273.0
273.0,305.0,305.0,286.0,285.0,272.0
272.0,305.0,305.0,284.0,279.0,272.0
272.0,305.0,305.0,284.0,276.0,281.0
281.0,305.0,305.0,273.0,274.0,274.0
274.0,305.0,305.0,274.0,274.0,272.0
272.0,294.0,294.0,294.0,294.0,271.0
271.0,294.0,294.0,294.0,294.0,678.0
678.0,292.0,292.0,294.0,294.0,271.0
271.0,295.0,295.0,294.0,295.0,271.0
271.0,295.0,295.0,295.0,295.0,276.0
276.0,294.0,294.0,294.0,294.0,277.0
277.0,294.0,294.0,294.0,294.0,270.0
270.0,294.0,294.0,294.0,294.0,272.0
272.0,294.0,294.0,294.0,294.0,272.0
272.0,294.0,294.0,294.0,294.0,3491.0
3491.0,272.0,272.0,300.0,300.0,274.0
274.0,300.0,300.0,300.0,300.0,269.0
269.0,300.0,300.0,300.0,300.0,298.0
298.0,300.0,300.0,300.0,300.0,269.0
269.0,300.0,300.0,300.0,297.0,271.0
271.0,300.0,300.0,299.0,299.0,255.0
255.0,299.0,299.0,299.0,299.0,272.0
272.0,299.0,299.0,299.0,299.0,270.0
270.0,299.0,299.0,299.0,299.0,273.0
273.0,299.0,299.0,299.0,299.0,255.0
255.0,299.0,299.0,299.0,299.0,269.0
269.0,299.0,299.0,299.0,299.0,233.0
233.0,299.0,299.0,299.0,299.0,271.0
271.0,299.0,299.0,299.0,299.0,310.0
310.0,299.0,299.0,299.0,299.0,263.0
263.0,299.0,299.0,299.0,299.0,270.0
270.0,299.0,299.0,299.0,298.0,284.0
284.0,299.0,299.0,299.0,299.0,663.0
663.0,295.0,295.0,299.0,299.0,276.0
276.0,300.0,300.0,299.0,299.0,246.0
246.0,300.0,300.0,299.0,299.0,271.0
271.0,300.0,300.0,299.0,299.0,271.0
271.0,300.0,300.0,299.0,299.0,256.0
256.0,300.0,300.0,299.0,299.0,275.0
275.0,299.0,300.0,299.0,299.0,270.0
270.0,300.0,300.0,299.0,299.0,273.0
273.0,300.0,300.0,299.0,299.0,269.0
269.0,300.0,300.0,299.0,299.0,276.0
276.0,299.0,299.0,299.0,299.0,272.0
272.0,300.0,300.0,299.0,299.0,277.0
277.0,299.0,299.0,299.0,299.0,283.0
283.0,299.0,299.0,299.0,299.0,278.0
278.0,300.0,300.0,299.0,300.0,269.0
269.0,300.0,300.0,299.0,299.0,278.0
278.0,300.0,300.0,299.0,299.0,270.0
270.0,300.0,300.0,299.0,299.0,271.0
271.0,300.0,300.0,299.0,299.0,269.0
269.0,300.0,300.0,299.0,299.0,270.0
270.0,300.0,300.0,299.0,302.0,274.0
274.0,300.0,300.0,299.0,301.0,277.0
277.0,300.0,300.0,299.0,299.0,271.0
271.0,300.0,300.0,299.0,299.0,272.0
272.0,300.0,300.0,299.0,301.0,270.0
270.0,300.0,300.0,299.0,299.0,273.0
273.0,300.0,300.0,299.0,299.0,270.0
270.0,300.0,300.0,299.0,299.0,270.0
270.0,300.0,300.0,299.0,299.0,626.0
626.0,296.0,296.0,299.0,299.0,273.0
273.0,300.0,300.0,299.0,299.0,268.0
268.0,300.0,300.0,299.0,299.0,269.0
269.0,300.0,300.0,299.0,299.0,275.0
275.0,300.0,300.0,299.0,299.0,271.0
271.0,300.0,300.0,299.0,299.0,287.0
287.0,300.0,300.0,299.0,299.0,269.0
269.0,300.0,300.0,299.0,300.0,271.0
271.0,300.0,300.0,299.0,299.0,274.0
274.0,300.0,300.0,299.0,299.0,444.0
444.0,298.0,298.0,300.0,300.0,271.0
271.0,300.0,300.0,300.0,300.0,269.0
269.0,300.0,300.0,300.0,300.0,271.0
271.0,299.0,299.0,299.0,299.0,271.0
271.0,299.0,299.0,299.0,294.0,251.0
251.0,299.0,299.0,299.0,299.0,275.0
275.0,299.0,299.0,299.0,299.0,274.0
274.0,299.0,299.0,299.0,298.0,269.0
269.0,299.0,299.0,299.0,299.0,273.0
273.0,299.0,299.0,299.0,298.0,666.0
666.0,295.0,295.0,299.0,299.0,503.0
503.0,298.0,298.0,299.0,300.0,269.0
269.0,300.0,300.0,299.0,299.0,272.0
272.0,300.0,300.0,299.0,296.0,272.0
272.0,300.0,300.0,299.0,300.0,270.0
270.0,300.0,300.0,299.0,269.0,276.0
276.0,300.0,300.0,299.0,299.0,276.0
276.0,300.0,300.0,299.0,299.0,271.0
271.0,300.0,300.0,299.0,270.0,275.0
275.0,300.0,300.0,299.0,300.0,261.0
261.0,300.0,300.0,299.0,260.0,272.0
272.0,300.0,300.0,299.0,299.0,273.0
273.0,300.0,300.0,299.0,299.0,314.0
314.0,299.0,299.0,300.0,314.0,273.0
273.0,300.0,300.0,300.0,299.0,273.0
273.0,299.0,299.0,299.0,276.0,274.0
274.0,299.0,299.0,299.0,273.0,262.0
262.0,299.0,299.0,299.0,299.0,271.0
271.0,299.0,299.0,299.0,299.0,249.0
249.0,299.0,299.0,299.0,299.0,267.0
267.0,299.0,299.0,299.0,265.0,274.0
274.0,299.0,299.0,299.0,273.0,260.0
260.0,299.0,299.0,299.0,274.0,257.0
257.0,299.0,299.0,299.0,256.0,267.0
267.0,299.0,299.0,299.0,264.0,289.0
289.0,299.0,299.0,299.0,281.0,273.0
273.0,299.0,299.0,299.0,272.0,276.0
276.0,299.0,299.0,299.0,299.0,286.0
286.0,299.0,299.0,299.0,286.0,269.0
269.0,299.0,299.0,299.0,271.0,270.0
270.0,299.0,299.0,299.0,269.0,278.0
278.0,299.0,299.0,299.0,299.0,270.0
270.0,299.0,299.0,299.0,267.0,271.0
271.0,299.0,299.0,299.0,268.0,260.0
260.0,299.0,299.0,299.0,261.0,254.0
254.0,299.0,299.0,299.0,265.0,235.0
235.0,299.0,299.0,299.0,239.0,270.0
270.0,299.0,299.0,299.0,263.0,269.0
269.0,299.0,299.0,299.0,259.0,269.0
269.0,299.0,299.0,299.0,263.0,277.0
277.0,299.0,299.0,299.0,263.0,271.0
271.0,299.0,299.0,299.0,260.0,316.0
316.0,299.0,299.0,299.0,314.0,270.0
270.0,299.0,299.0,299.0,270.0,271.0
271.0,299.0,299.0,299.0,270.0,252.0
252.0,299.0,299.0,299.0,271.0,273.0
273.0,299.0,299.0,299.0,268.0,264.0
264.0,299.0,299.0,299.0,263.0,268.0
268.0,299.0,299.0,299.0,262.0,272.0
272.0,299.0,299.0,299.0,270.0,299.0
299.0,299.0,299.0,299.0,277.0,272.0
272.0,299.0,299.0,299.0,276.0,270.0
270.0,299.0,299.0,299.0,276.0,271.0
271.0,299.0,299.0,299.0,275.0,271.0
271.0,299.0,299.0,299.0,274.0,266.0
266.0,299.0,299.0,299.0,272.0,329.0
329.0,298.0,298.0,299.0,281.0,269.0
269.0,299.0,299.0,299.0,271.0,272.0
272.0,299.0,299.0,299.0,279.0,270.0
270.0,299.0,299.0,299.0,279.0,271.0
271.0,299.0,299.0,299.0,278.0,272.0
272.0,299.0,299.0,299.0,275.0,272.0
272.0,291.0,291.0,291.0,275.0,273.0
273.0,291.0,291.0,291.0,275.0,271.0
271.0,291.0,291.0,291.0,275.0,270.0
270.0,291.0,291.0,291.0,274.0,278.0
278.0,291.0,291.0,291.0,274.0,269.0
269.0,291.0,291.0,291.0,323.0,272.0
272.0,291.0,291.0,291.0,273.0,282.0
282.0,291.0,291.0,291.0,291.0,273.0
273.0,290.0,290.0,290.0,274.0,275.0
275.0,290.0,290.0,290.0,274.0,254.0
254.0,290.0,290.0,290.0,273.0,279.0
279.0,290.0,290.0,290.0,308.0,267.0
267.0,290.0,290.0,290.0,309.0,257.0
257.0,290.0,290.0,290.0,272.0,275.0
275.0,290.0,290.0,290.0,290.0,274.0
274.0,290.0,290.0,290.0,290.0,249.0
249.0,290.0,290.0,290.0,287.0,272.0
272.0,290.0,290.0,290.0,319.0,272.0
272.0,290.0,290.0,290.0,265.0,272.0
272.0,290.0,290.0,290.0,291.0,277.0
277.0,290.0,290.0,290.0,266.0,265.0
265.0,290.0,290.0,290.0,290.0,273.0
273.0,290.0,290.0,290.0,331.0,275.0
275.0,290.0,290.0,290.0,331.0,272.0
272.0,290.0,290.0,290.0,271.0,262.0
262.0,290.0,290.0,290.0,270.0,251.0
251.0,290.0,290.0,290.0,270.0,280.0
280.0,289.0,289.0,289.0,270.0,273.0
273.0,289.0,289.0,289.0,270.0,276.0
276.0,289.0,289.0,289.0,271.0,278.0
278.0,289.0,289.0,289.0,271.0,277.0
277.0,289.0,289.0,289.0,272.0,276.0
276.0,289.0,289.0,289.0,272.0,279.0
279.0,289.0,289.0,289.0,273.0,398.0
398.0,288.0,288.0,288.0,348.0,242.0
242.0,288.0,288.0,288.0,321.0,271.0
271.0,288.0,288.0,288.0,288.0,278.0
278.0,288.0,288.0,288.0,288.0,258.0
258.0,287.0,287.0,287.0,287.0,259.0
259.0,287.0,287.0,287.0,287.0,256.0
256.0,287.0,287.0,287.0,287.0,279.0
279.0,287.0,287.0,287.0,287.0,274.0
274.0,287.0,287.0,287.0,279.0,759.0
759.0,287.0,287.0,288.0,288.0,276.0
276.0,288.0,288.0,288.0,288.0,270.0
270.0,288.0,288.0,288.0,288.0,258.0
258.0,288.0,288.0,288.0,345.0,256.0
256.0,288.0,288.0,288.0,296.0,256.0
256.0,288.0,288.0,288.0,292.0,255.0
255.0,288.0,288.0,288.0,290.0,275.0
275.0,288.0,288.0,288.0,289.0,272.0
272.0,288.0,288.0,288.0,288.0,272.0
272.0,288.0,288.0,288.0,297.0,270.0
270.0,288.0,288.0,288.0,289.0,295.0
295.0,288.0,288.0,288.0,284.0,270.0
270.0,288.0,288.0,288.0,285.0,274.0
274.0,288.0,288.0,288.0,285.0,275.0
275.0,287.0,287.0,287.0,376.0,276.0
276.0,287.0,287.0,287.0,378.0,528.0
528.0,287.0,287.0,287.0,379.0,276.0
276.0,287.0,287.0,287.0,292.0,301.0
301.0,287.0,287.0,287.0,287.0,275.0
275.0,287.0,287.0,287.0,287.0,262.0
262.0,287.0,288.0,287.0,287.0,276.0
276.0,287.0,287.0,287.0,287.0,277.0
277.0,288.0,288.0,288.0,288.0,278.0
278.0,288.0,288.0,288.0,288.0,274.0
274.0,288.0,288.0,288.0,288.0,282.0
282.0,288.0,288.0,288.0,288.0,279.0
279.0,288.0,288.0,288.0,288.0,270.0
270.0,288.0,288.0,288.0,289.0,285.0
285.0,288.0,288.0,288.0,288.0,277.0
277.0,288.0,288.0,288.0,288.0,280.0
280.0,288.0,288.0,288.0,274.0,280.0
280.0,288.0,288.0,288.0,288.0,272.0
272.0,288.0,288.0,288.0,288.0,263.0
263.0,288.0,288.0,288.0,288.0,543.0
543.0,288.0,288.0,289.0,289.0,535.0
535.0,290.0,290.0,289.0,309.0,262.0
262.0,289.0,289.0,289.0,300.0,254.0
254.0,289.0,289.0,289.0,308.0,275.0
275.0,289.0,289.0,289.0,299.0,254.0
254.0,289.0,289.0,289.0,294.0,271.0
271.0,288.0,288.0,288.0,288.0,274.0
274.0,288.0,288.0,288.0,288.0,273.0
273.0,288.0,288.0,288.0,288.0,269.0
269.0,288.0,288.0,288.0,288.0,271.0
271.0,288.0,288.0,288.0,288.0,273.0
273.0,288.0,288.0,288.0,288.0,261.0
261.0,288.0,288.0,288.0,288.0,271.0
271.0,288.0,288.0,288.0,288.0,271.0
271.0,288.0,288.0,288.0,288.0,340.0
340.0,289.0,289.0,288.0,288.0,277.0
277.0,288.0,288.0,288.0,288.0,273.0
273.0,288.0,288.0,288.0,288.0,273.0
273.0,288.0,288.0,288.0,288.0,273.0
273.0,288.0,288.0,288.0,288.0,244.0
244.0,288.0,288.0,288.0,239.0,274.0
274.0,288.0,288.0,288.0,288.0,275.0
275.0,288.0,288.0,288.0,289.0,272.0
272.0,288.0,288.0,288.0,288.0,274.0
274.0,288.0,288.0,288.0,288.0,292.0
292.0,288.0,288.0,288.0,289.0,258.0
258.0,288.0,288.0,288.0,288.0,211.0
211.0,288.0,288.0,288.0,288.0,270.0
270.0,288.0,288.0,288.0,288.0,267.0
267.0,288.0,288.0,288.0,288.0,274.0
274.0,288.0,288.0,288.0,288.0,270.0
270.0,288.0,288.0,288.0,288.0,273.0
273.0,288.0,288.0,288.0,288.0,257.0
257.0,288.0,288.0,288.0,288.0,276.0
276.0,288.0,288.0,288.0,288.0,277.0
277.0,288.0,288.0,288.0,288.0,274.0
274.0,288.0,288.0,288.0,288.0,204.0
204.0,288.0,288.0,288.0,288.0,274.0
274.0,288.0,288.0,288.0,288.0,276.0
276.0,288.0,288.0,288.0,288.0,308.0
308.0,288.0,288.0,288.0,288.0,274.0
274.0,288.0,288.0,288.0,288.0,275.0
275.0,288.0,288.0,288.0,288.0,272.0
272.0,288.0,288.0,288.0,288.0,271.0
271.0,288.0,288.0,288.0,289.0,270.0
270.0,288.0,288.0,288.0,288.0,730.0
730.0,290.0,290.0,289.0,289.0,618.0
618.0,295.0,295.0,290.0,290.0,257.0
257.0,290.0,290.0,290.0,290.0,272.0
272.0,290.0,290.0,290.0,290.0,270.0
270.0,290.0,290.0,290.0,290.0,271.0
271.0,290.0,290.0,290.0,290.0,272.0
272.0,290.0,290.0,290.0,293.0,278.0
278.0,290.0,290.0,290.0,290.0,270.0
270.0,290.0,290.0,290.0,290.0,275.0
275.0,290.0,290.0,290.0,290.0,280.0
280.0,290.0,290.0,290.0,290.0,270.0
270.0,290.0,290.0,290.0,289.0,274.0
274.0,290.0,290.0,290.0,290.0,278.0
278.0,290.0,290.0,290.0,290.0,274.0
274.0,290.0,290.0,290.0,290.0,276.0
276.0,290.0,290.0,290.0,290.0,279.0
279.0,290.0,290.0,290.0,290.0,275.0
275.0,290.0,290.0,290.0,290.0,294.0
294.0,290.0,290.0,290.0,290.0,280.0
280.0,290.0,290.0,290.0,309.0,273.0
273.0,290.0,290.0,290.0,251.0,270.0
270.0,290.0,290.0,290.0,309.0,352.0
352.0,291.0,291.0,290.0,226.0,279.0
279.0,290.0,290.0,290.0,291.0,270.0
270.0,290.0,290.0,290.0,290.0,435.0
435.0,292.0,292.0,291.0,291.0,276.0
276.0,290.0,290.0,291.0,291.0,272.0
272.0,290.0,290.0,291.0,291.0,274.0
274.0,290.0,290.0,291.0,292.0,273.0
273.0,290.0,290.0,291.0,313.0,273.0
273.0,290.0,290.0,291.0,291.0,270.0
270.0,290.0,290.0,291.0,291.0,272.0
272.0,290.0,290.0,291.0,291.0,353.0
353.0,291.0,291.0,291.0,291.0,274.0
274.0,291.0,291.0,291.0,291.0,273.0
273.0,291.0,291.0,291.0,291.0,277.0
277.0,291.0,291.0,291.0,291.0,271.0
271.0,291.0,291.0,291.0,282.0,274.0
274.0,291.0,291.0,291.0,299.0,285.0
285.0,291.0,291.0,291.0,291.0,270.0
270.0,291.0,291.0,291.0,271.0,272.0
272.0,291.0,291.0,291.0,291.0,272.0
272.0,291.0,291.0,291.0,291.0,328.0
328.0,291.0,291.0,291.0,289.0,274.0
274.0,291.0,291.0,291.0,291.0,271.0
271.0,290.0,290.0,291.0,291.0,283.0
283.0,291.0,291.0,291.0,291.0,306.0
306.0,291.0,291.0,291.0,291.0,269.0
269.0,291.0,291.0,291.0,291.0,272.0
272.0,291.0,291.0,291.0,291.0,271.0
271.0,291.0,291.0,291.0,291.0,270.0
270.0,291.0,291.0,291.0,286.0,338.0
338.0,291.0,291.0,291.0,291.0,272.0
272.0,291.0,291.0,291.0,208.0,272.0
272.0,291.0,291.0,291.0,243.0,277.0
277.0,291.0,291.0,291.0,266.0,270.0
270.0,291.0,291.0,291.0,291.0,277.0
277.0,290.0,290.0,290.0,315.0,269.0
269.0,290.0,290.0,290.0,290.0,270.0
270.0,290.0,290.0,290.0,289.0,271.0
271.0,290.0,290.0,290.0,313.0,270.0
270.0,290.0,290.0,290.0,313.0,271.0
271.0,290.0,290.0,290.0,312.0,278.0
278.0,290.0,290.0,290.0,302.0,269.0
269.0,290.0,290.0,290.0,290.0,269.0
269.0,290.0,290.0,290.0,290.0,274.0
274.0,290.0,290.0,290.0,290.0,355.0
355.0,291.0,291.0,290.0,291.0,181.0
181.0,289.0,289.0,290.0,290.0,274.0
274.0,290.0,290.0,290.0,291.0,277.0
277.0,290.0,290.0,290.0,290.0,265.0
265.0,290.0,290.0,290.0,290.0,271.0
271.0,290.0,290.0,290.0,290.0,271.0
271.0,290.0,290.0,290.0,291.0,273.0
273.0,290.0,290.0,290.0,290.0,274.0
274.0,290.0,290.0,290.0,290.0,272.0
272.0,290.0,290.0,290.0,290.0,272.0
272.0,290.0,290.0,290.0,290.0,275.0
275.0,290.0,290.0,290.0,290.0,257.0
257.0,289.0,289.0,290.0,290.0,287.0
287.0,290.0,290.0,290.0,261.0,272.0
272.0,290.0,290.0,290.0,290.0,271.0
271.0,290.0,290.0,290.0,290.0,269.0
269.0,290.0,290.0,290.0,290.0,270.0
270.0,290.0,290.0,290.0,290.0,269.0
269.0,290.0,290.0,290.0,290.0,281.0
281.0,290.0,290.0,290.0,290.0,271.0
271.0,290.0,290.0,290.0,290.0,329.0
329.0,291.0,291.0,290.0,290.0,272.0
272.0,290.0,290.0,290.0,290.0,767.0
767.0,297.0,297.0,291.0,354.0,269.0
269.0,291.0,291.0,291.0,276.0,270.0
270.0,291.0,291.0,291.0,265.0,271.0
271.0,291.0,291.0,291.0,291.0,441.0
441.0,293.0,293.0,291.0,296.0,269.0
269.0,291.0,291.0,291.0,291.0,286.0
286.0,291.0,291.0,291.0,291.0,274.0
274.0,291.0,291.0,291.0,291.0,272.0
272.0,291.0,291.0,291.0,291.0,274.0
274.0,291.0,291.0,291.0,290.0,272.0
272.0,291.0,291.0,291.0,291.0,281.0
281.0,291.0,291.0,291.0,290.0,374.0
374.0,292.0,292.0,291.0,291.0,274.0
274.0,291.0,291.0,292.0,301.0,278.0
278.0,291.0,291.0,292.0,292.0,272.0
272.0,291.0,291.0,292.0,307.0,278.0
278.0,291.0,291.0,292.0,309.0,275.0
275.0,291.0,291.0,292.0,280.0,275.0
275.0,291.0,291.0,292.0,292.0,286.0
286.0,291.0,291.0,292.0,284.0,519.0
519.0,294.0,294.0,292.0,292.0,274.0
274.0,292.0,292.0,292.0,292.0,276.0
276.0,292.0,292.0,292.0,292.0,265.0
265.0,292.0,292.0,292.0,292.0,270.0
270.0,292.0,292.0,292.0,292.0,240.0
240.0,291.0,291.0,292.0,292.0,269.0
269.0,292.0,292.0,292.0,292.0,249.0
249.0,291.0,291.0,292.0,292.0,261.0
261.0,291.0,291.0,292.0,292.0,251.0
251.0,291.0,291.0,292.0,292.0,266.0
266.0,291.0,291.0,292.0,292.0,336.0
336.0,292.0,292.0,292.0,290.0,269.0
269.0,292.0,292.0,292.0,292.0,288.0
288.0,292.0,292.0,292.0,292.0,272.0
272.0,292.0,292.0,292.0,292.0,275.0
275.0,292.0,292.0,292.0,292.0,270.0
270.0,292.0,292.0,292.0,292.0,275.0
275.0,292.0,292.0,292.0,292.0,276.0
276.0,292.0,292.0,292.0,292.0,274.0
274.0,292.0,292.0,292.0,292.0,276.0
276.0,292.0,292.0,292.0,291.0,275.0
275.0,292.0,292.0,292.0,297.0,271.0
271.0,292.0,292.0,292.0,291.0,271.0
271.0,292.0,292.0,292.0,292.0,275.0
275.0,292.0,292.0,292.0,287.0,270.0
270.0,292.0,292.0,292.0,292.0,277.0
277.0,292.0,292.0,292.0,291.0,303.0
303.0,292.0,292.0,292.0,295.0,272.0
272.0,292.0,292.0,292.0,295.0,273.0
273.0,292.0,292.0,292.0,284.0,270.0
270.0,291.0,291.0,291.0,291.0,282.0
282.0,291.0,291.0,292.0,292.0,277.0
277.0,291.0,291.0,292.0,288.0,277.0
277.0,291.0,291.0,292.0,286.0,272.0
272.0,291.0,291.0,292.0,291.0,271.0
271.0,291.0,291.0,292.0,292.0,275.0
275.0,291.0,291.0,292.0,292.0,274.0
274.0,291.0,291.0,292.0,291.0,275.0
275.0,291.0,291.0,292.0,287.0,275.0
275.0,291.0,291.0,292.0,284.0,270.0
270.0,291.0,291.0,292.0,273.0,271.0
271.0,291.0,291.0,292.0,285.0,273.0
273.0,291.0,291.0,292.0,275.0,275.0
275.0,291.0,291.0,292.0,277.0,277.0
277.0,291.0,291.0,292.0,281.0,272.0
272.0,291.0,291.0,292.0,280.0,275.0
275.0,291.0,291.0,292.0,279.0,276.0
276.0,291.0,291.0,292.0,278.0,273.0
273.0,291.0,291.0,292.0,277.0,274.0
274.0,292.0,292.0,292.0,276.0,273.0
273.0,292.0,292.0,292.0,275.0,273.0
273.0,292.0,292.0,292.0,274.0,277.0
277.0,292.0,292.0,292.0,273.0,276.0
276.0,292.0,292.0,292.0,275.0,277.0
277.0,292.0,292.0,292.0,277.0,396.0
396.0,293.0,293.0,292.0,346.0,275.0
275.0,292.0,292.0,292.0,276.0,277.0
277.0,292.0,292.0,292.0,277.0,273.0
273.0,292.0,292.0,292.0,292.0,270.0
270.0,292.0,292.0,292.0,277.0,270.0
270.0,292.0,292.0,292.0,272.0,270.0
270.0,292.0,292.0,292.0,292.0,293.0
293.0,292.0,292.0,292.0,277.0,278.0
278.0,292.0,292.0,292.0,281.0,278.0
278.0,292.0,292.0,292.0,277.0,274.0
274.0,292.0,292.0,292.0,277.0,274.0
274.0,292.0,292.0,292.0,276.0,278.0
278.0,292.0,292.0,292.0,277.0,272.0
272.0,292.0,292.0,292.0,276.0,276.0
276.0,292.0,292.0,292.0,292.0,275.0
275.0,292.0,292.0,292.0,276.0,275.0
275.0,292.0,292.0,292.0,276.0,274.0
274.0,292.0,292.0,292.0,276.0,276.0
276.0,292.0,292.0,292.0,276.0,278.0
278.0,292.0,292.0,292.0,277.0,271.0
271.0,292.0,292.0,292.0,275.0,273.0
273.0,292.0,292.0,292.0,275.0,272.0
272.0,292.0,292.0,292.0,273.0,320.0
320.0,293.0,293.0,292.0,292.0,274.0
274.0,292.0,292.0,292.0,282.0,271.0
271.0,292.0,292.0,292.0,276.0,274.0
274.0,292.0,292.0,292.0,275.0,199.0
199.0,291.0,291.0,292.0,272.0,271.0
271.0,292.0,292.0,292.0,273.0,274.0
274.0,292.0,292.0,292.0,272.0,257.0
257.0,292.0,292.0,292.0,271.0,272.0
272.0,292.0,292.0,292.0,271.0,272.0
272.0,292.0,292.0,292.0,271.0,271.0
271.0,292.0,292.0,292.0,270.0,275.0
275.0,292.0,292.0,292.0,270.0,393.0
393.0,293.0,293.0,292.0,394.0,270.0
270.0,292.0,292.0,292.0,275.0,556.0
556.0,295.0,295.0,293.0,289.0,270.0
270.0,293.0,293.0,293.0,289.0,270.0
270.0,293.0,293.0,293.0,286.0,275.0
275.0,293.0,293.0,293.0,289.0,273.0
273.0,292.0,292.0,292.0,288.0,276.0
276.0,292.0,292.0,292.0,277.0,278.0
278.0,292.0,292.0,292.0,281.0,1236.0
1236.0,302.0,302.0,294.0,342.0,548.0
548.0,301.0,301.0,295.0,358.0,274.0
274.0,294.0,294.0,295.0,287.0,257.0
257.0,294.0,294.0,295.0,341.0,272.0
272.0,294.0,294.0,295.0,372.0,269.0
269.0,294.0,294.0,295.0,373.0,275.0
275.0,294.0,294.0,295.0,331.0,273.0
273.0,294.0,294.0,294.0,323.0,814.0
814.0,308.0,309.0,295.0,367.0,270.0
270.0,294.0,294.0,295.0,405.0,269.0
269.0,294.0,295.0,295.0,394.0,273.0
273.0,294.0,294.0,295.0,385.0,275.0
275.0,294.0,294.0,295.0,375.0,275.0
275.0,294.0,294.0,295.0,363.0,271.0
271.0,294.0,294.0,295.0,354.0,273.0
273.0,294.0,294.0,295.0,343.0,275.0
275.0,294.0,294.0,295.0,330.0,271.0
271.0,294.0,294.0,295.0,311.0,276.0
276.0,294.0,294.0,295.0,302.0,281.0
281.0,294.0,294.0,295.0,341.0,270.0
270.0,294.0,294.0,295.0,279.0,275.0
275.0,294.0,294.0,295.0,273.0,271.0
271.0,294.0,294.0,295.0,266.0,270.0
270.0,294.0,294.0,295.0,258.0,282.0
282.0,294.0,295.0,295.0,259.0,293.0
293.0,295.0,295.0,295.0,259.0,288.0
288.0,295.0,295.0,295.0,278.0,272.0
272.0,294.0,294.0,295.0,280.0,1077.0
1077.0,315.0,317.0,296.0,463.0,271.0
271.0,296.0,296.0,296.0,393.0,254.0
254.0,295.0,296.0,295.0,398.0,270.0
270.0,295.0,295.0,296.0,378.0,273.0
273.0,295.0,295.0,296.0,337.0,271.0
271.0,295.0,295.0,296.0,319.0,269.0
269.0,295.0,295.0,296.0,300.0,276.0
276.0,295.0,295.0,296.0,283.0,272.0
272.0,295.0,295.0,296.0,273.0,278.0
278.0,295.0,295.0,296.0,277.0,271.0
271.0,294.0,294.0,294.0,272.0,286.0
286.0,289.0,289.0,289.0,311.0,275.0
275.0,287.0,287.0,287.0,296.0,272.0
272.0,287.0,287.0,287.0,296.0,273.0
273.0,287.0,287.0,287.0,295.0,277.0
277.0,288.0,288.0,288.0,308.0,273.0
273.0,287.0,287.0,287.0,295.0,274.0
274.0,287.0,288.0,287.0,289.0,278.0
278.0,288.0,288.0,288.0,289.0,275.0
275.0,287.0,288.0,288.0,289.0,275.0
275.0,287.0,288.0,288.0,289.0,180.0
180.0,276.0,276.0,275.0,289.0,277.0
277.0,288.0,290.0,289.0,289.0,271.0
271.0,287.0,287.0,287.0,289.0,277.0
277.0,288.0,288.0,288.0,289.0,274.0
274.0,287.0,287.0,287.0,289.0,272.0
272.0,287.0,287.0,287.0,289.0,272.0
272.0,287.0,287.0,288.0,289.0,273.0
273.0,287.0,287.0,287.0,275.0,269.0
269.0,286.0,286.0,286.0,281.0,273.0
273.0,286.0,287.0,287.0,281.0,324.0
324.0,293.0,293.0,293.0,284.0,276.0
276.0,287.0,286.0,286.0,283.0,272.0
272.0,286.0,287.0,287.0,282.0,275.0
275.0,287.0,287.0,287.0,282.0,269.0
269.0,286.0,286.0,286.0,281.0,271.0
271.0,286.0,287.0,286.0,280.0,6846.0
6846.0,896.0,975.0,302.0,376.0,275.0
275.0,302.0,301.0,302.0,373.0,223.0
223.0,301.0,301.0,302.0,353.0,273.0
273.0,301.0,301.0,302.0,363.0,269.0
269.0,301.0,301.0,301.0,391.0,272.0
272.0,301.0,301.0,301.0,391.0,271.0
271.0,301.0,301.0,301.0,253.0,271.0
271.0,301.0,301.0,301.0,403.0,272.0
272.0,301.0,301.0,301.0,254.0,225.0
225.0,301.0,301.0,301.0,207.0,269.0
269.0,301.0,301.0,301.0,251.0,274.0
274.0,301.0,301.0,301.0,301.0,264.0
264.0,301.0,301.0,301.0,301.0,274.0
274.0,301.0,301.0,301.0,301.0,273.0
273.0,301.0,301.0,301.0,301.0,272.0
272.0,301.0,301.0,301.0,255.0,270.0
270.0,301.0,301.0,301.0,301.0,240.0
240.0,301.0,301.0,301.0,301.0,272.0
272.0,301.0,301.0,301.0,301.0,228.0
228.0,301.0,301.0,301.0,301.0,270.0
270.0,301.0,301.0,301.0,253.0,270.0
270.0,300.0,300.0,300.0,300.0,273.0
273.0,300.0,300.0,300.0,300.0,276.0
276.0,300.0,300.0,301.0,301.0,269.0
269.0,300.0,300.0,301.0,300.0,272.0
272.0,300.0,300.0,300.0,256.0,271.0
271.0,300.0,300.0,300.0,300.0,271.0
271.0,300.0,300.0,300.0,255.0,271.0
271.0,300.0,300.0,300.0,301.0,273.0
273.0,300.0,300.0,300.0,300.0,274.0
274.0,300.0,300.0,300.0,301.0,275.0
275.0,300.0,300.0,300.0,300.0,280.0
280.0,300.0,300.0,300.0,300.0,272.0
272.0,300.0,300.0,300.0,300.0,273.0
273.0,300.0,300.0,300.0,300.0,171.0
171.0,299.0,299.0,300.0,300.0,273.0
273.0,300.0,300.0,300.0,300.0,273.0
273.0,300.0,300.0,300.0,258.0,288.0
288.0,300.0,300.0,300.0,300.0,272.0
272.0,300.0,300.0,300.0,300.0,281.0
281.0,300.0,300.0,300.0,267.0,248.0
248.0,299.0,299.0,299.0,299.0,280.0
280.0,299.0,299.0,299.0,299.0,272.0
272.0,299.0,299.0,299.0,299.0,272.0
272.0,299.0,299.0,299.0,258.0,274.0
274.0,299.0,299.0,299.0,298.0,276.0
276.0,299.0,299.0,299.0,299.0,276.0
276.0,299.0,299.0,299.0,263.0,272.0
272.0,299.0,299.0,299.0,259.0,270.0
270.0,299.0,299.0,299.0,257.0,269.0
269.0,299.0,299.0,299.0,299.0,264.0
264.0,299.0,299.0,299.0,299.0,276.0
276.0,299.0,299.0,299.0,299.0,275.0
275.0,299.0,299.0,299.0,262.0,280.0
280.0,299.0,299.0,299.0,299.0,273.0
273.0,299.0,299.0,299.0,298.0,273.0
273.0,299.0,299.0,299.0,299.0,274.0
274.0,299.0,299.0,299.0,262.0,272.0
272.0,299.0,299.0,299.0,299.0,270.0
270.0,299.0,299.0,299.0,299.0,274.0
274.0,299.0,299.0,299.0,299.0,268.0
268.0,299.0,299.0,299.0,256.0,271.0
271.0,299.0,299.0,299.0,299.0,273.0
273.0,299.0,299.0,299.0,261.0,281.0
281.0,299.0,299.0,299.0,299.0,276.0
276.0,299.0,299.0,299.0,299.0,277.0
277.0,299.0,299.0,299.0,299.0,271.0
271.0,299.0,299.0,299.0,260.0,283.0
283.0,299.0,299.0,299.0,298.0,274.0
274.0,299.0,299.0,299.0,263.0,279.0
279.0,299.0,299.0,299.0,268.0,272.0
272.0,299.0,299.0,299.0,299.0,295.0
295.0,299.0,299.0,299.0,299.0,347.0
347.0,299.0,299.0,299.0,299.0,281.0
281.0,299.0,299.0,299.0,299.0,274.0
274.0,299.0,299.0,299.0,299.0,275.0
275.0,299.0,299.0,299.0,299.0,276.0
276.0,299.0,299.0,299.0,266.0,272.0
272.0,299.0,299.0,299.0,299.0,243.0
243.0,299.0,299.0,299.0,299.0,270.0
270.0,299.0,299.0,299.0,299.0,281.0
281.0,299.0,299.0,299.0,299.0,190.0
190.0,299.0,299.0,299.0,299.0,273.0
273.0,299.0,299.0,299.0,299.0,526.0
526.0,300.0,300.0,299.0,299.0,278.0
278.0,299.0,299.0,299.0,299.0,278.0
278.0,299.0,299.0,300.0,269.0,277.0
277.0,299.0,299.0,300.0,300.0,272.0
272.0,299.0,299.0,300.0,300.0,276.0
276.0,299.0,299.0,300.0,267.0,273.0
273.0,299.0,299.0,300.0,300.0,276.0
276.0,299.0,299.0,300.0,267.0,273.0
273.0,299.0,299.0,300.0,265.0,243.0
243.0,299.0,299.0,299.0,299.0,277.0
277.0,299.0,299.0,299.0,299.0,273.0
273.0,299.0,299.0,299.0,300.0,274.0
274.0,299.0,299.0,299.0,300.0,279.0
279.0,299.0,299.0,299.0,271.0,275.0
275.0,299.0,299.0,299.0,267.0,274.0
274.0,299.0,299.0,299.0,266.0,275.0
275.0,299.0,299.0,299.0,267.0,276.0
276.0,299.0,299.0,299.0,300.0,279.0
279.0,299.0,299.0,299.0,300.0,274.0
274.0,299.0,299.0,299.0,299.0,271.0
271.0,299.0,299.0,299.0,264.0,386.0
386.0,300.0,300.0,300.0,378.0,279.0
279.0,300.0,300.0,300.0,272.0,275.0
275.0,300.0,300.0,300.0,268.0,271.0
271.0,300.0,300.0,300.0,264.0,277.0
277.0,300.0,300.0,300.0,300.0,272.0
272.0,300.0,300.0,300.0,265.0,280.0
280.0,300.0,300.0,300.0,300.0,284.0
284.0,300.0,300.0,300.0,300.0,272.0
272.0,300.0,300.0,300.0,297.0,272.0
272.0,300.0,300.0,300.0,300.0,313.0
313.0,300.0,300.0,300.0,299.0,276.0
276.0,300.0,300.0,300.0,300.0,215.0
215.0,300.0,300.0,300.0,300.0,278.0
278.0,300.0,300.0,300.0,298.0,271.0
271.0,300.0,300.0,300.0,296.0,272.0
272.0,300.0,300.0,300.0,266.0,274.0
274.0,300.0,300.0,300.0,299.0,274.0
274.0,300.0,300.0,300.0,300.0,272.0
272.0,300.0,300.0,300.0,300.0,275.0
275.0,300.0,300.0,300.0,300.0,278.0
278.0,300.0,300.0,300.0,272.0,272.0
272.0,300.0,300.0,300.0,300.0,348.0
348.0,300.0,300.0,300.0,300.0,270.0
270.0,300.0,300.0,300.0,300.0,277.0
277.0,300.0,300.0,300.0,272.0,273.0
273.0,300.0,300.0,300.0,268.0,271.0
271.0,300.0,300.0,300.0,300.0,256.0
256.0,300.0,300.0,300.0,300.0,275.0
275.0,300.0,300.0,300.0,300.0,274.0
274.0,300.0,300.0,300.0,300.0,274.0
274.0,300.0,300.0,300.0,300.0,349.0
349.0,300.0,300.0,300.0,300.0,355.0
355.0,300.0,300.0,300.0,300.0,271.0
271.0,300.0,300.0,300.0,300.0,270.0
270.0,300.0,300.0,300.0,300.0,274.0
274.0,300.0,300.0,300.0,269.0,273.0
273.0,300.0,300.0,300.0,300.0,294.0
294.0,300.0,300.0,300.0,300.0,274.0
274.0,300.0,300.0,300.0,300.0,274.0
274.0,300.0,300.0,300.0,300.0,278.0
278.0,300.0,300.0,300.0,300.0,276.0
276.0,299.0,299.0,299.0,299.0,272.0
272.0,299.0,299.0,299.0,268.0,275.0
275.0,299.0,299.0,299.0,299.0,270.0
270.0,299.0,299.0,299.0,299.0,274.0
274.0,299.0,299.0,299.0,299.0,276.0
276.0,299.0,299.0,299.0,300.0,272.0
272.0,299.0,299.0,299.0,299.0,276.0
276.0,299.0,299.0,299.0,299.0,274.0
274.0,299.0,299.0,299.0,299.0,289.0
289.0,299.0,299.0,299.0,286.0,273.0
273.0,299.0,299.0,299.0,270.0,274.0
274.0,299.0,299.0,299.0,301.0,270.0
270.0,299.0,299.0,299.0,267.0,280.0
280.0,299.0,299.0,299.0,299.0,275.0
275.0,299.0,299.0,299.0,299.0,288.0
288.0,299.0,299.0,299.0,299.0,370.0
370.0,299.0,299.0,299.0,299.0,273.0
273.0,299.0,299.0,299.0,300.0,279.0
279.0,299.0,299.0,299.0,299.0,273.0
273.0,299.0,299.0,299.0,299.0,273.0
273.0,299.0,299.0,299.0,270.0,274.0
274.0,299.0,299.0,299.0,271.0,275.0
275.0,299.0,299.0,299.0,272.0,278.0
278.0,299.0,299.0,299.0,299.0,269.0
269.0,299.0,299.0,299.0,299.0,282.0
282.0,299.0,299.0,299.0,299.0,276.0
276.0,299.0,299.0,299.0,299.0,273.0
273.0,299.0,299.0,299.0,299.0,273.0
273.0,299.0,299.0,299.0,271.0,272.0
272.0,299.0,299.0,299.0,270.0,269.0
269.0,299.0,299.0,299.0,299.0,276.0
276.0,299.0,299.0,299.0,299.0,275.0
275.0,299.0,299.0,299.0,273.0,278.0
278.0,299.0,299.0,299.0,297.0,277.0
277.0,298.0,298.0,298.0,299.0,271.0
271.0,298.0,298.0,298.0,298.0,284.0
284.0,298.0,298.0,298.0,298.0,275.0
275.0,298.0,298.0,298.0,298.0,272.0
272.0,298.0,298.0,298.0,292.0,272.0
272.0,298.0,298.0,298.0,298.0,276.0
276.0,298.0,298.0,298.0,298.0,758.0
758.0,300.0,300.0,299.0,299.0,710.0
710.0,302.0,302.0,300.0,300.0,270.0
270.0,300.0,300.0,300.0,272.0,271.0
271.0,300.0,300.0,300.0,300.0,271.0
271.0,300.0,300.0,300.0,300.0,272.0
272.0,300.0,300.0,300.0,270.0,276.0
276.0,300.0,300.0,300.0,300.0,264.0
264.0,300.0,300.0,300.0,300.0,274.0
274.0,300.0,300.0,300.0,300.0,272.0
272.0,300.0,300.0,300.0,300.0,274.0
274.0,300.0,300.0,300.0,301.0,278.0
278.0,300.0,300.0,300.0,300.0,273.0
273.0,300.0,300.0,300.0,300.0,275.0
275.0,300.0,300.0,300.0,300.0,272.0
272.0,300.0,300.0,300.0,301.0,273.0
273.0,300.0,300.0,300.0,300.0,256.0
256.0,300.0,300.0,300.0,300.0,270.0
270.0,300.0,300.0,300.0,300.0,271.0
271.0,300.0,300.0,300.0,299.0,273.0
273.0,300.0,300.0,300.0,298.0,272.0
272.0,300.0,300.0,300.0,300.0,275.0
275.0,300.0,300.0,300.0,300.0,661.0
661.0,303.0,303.0,301.0,301.0,316.0
316.0,301.0,301.0,301.0,295.0,254.0
254.0,301.0,301.0,301.0,301.0,274.0
274.0,301.0,301.0,301.0,301.0,273.0
273.0,301.0,301.0,301.0,301.0,296.0
296.0,301.0,301.0,301.0,301.0,271.0
271.0,301.0,301.0,301.0,301.0,278.0
278.0,301.0,301.0,301.0,301.0,273.0
273.0,301.0,301.0,301.0,301.0,275.0
275.0,301.0,301.0,301.0,300.0,291.0
291.0,301.0,301.0,301.0,300.0,258.0
258.0,301.0,301.0,301.0,301.0,272.0
272.0,301.0,301.0,301.0,301.0,272.0
272.0,301.0,301.0,301.0,301.0,272.0
272.0,301.0,301.0,301.0,301.0,450.0
450.0,302.0,302.0,301.0,300.0,271.0
271.0,301.0,301.0,301.0,299.0,280.0
280.0,300.0,300.0,300.0,300.0,272.0
272.0,300.0,300.0,300.0,300.0,263.0
263.0,300.0,300.0,300.0,300.0,272.0
272.0,300.0,300.0,300.0,300.0,416.0
416.0,300.0,300.0,300.0,300.0,268.0
268.0,300.0,300.0,300.0,300.0,259.0
259.0,300.0,300.0,300.0,300.0,274.0
274.0,300.0,300.0,300.0,300.0,272.0
272.0,300.0,300.0,300.0,300.0,336.0
336.0,300.0,300.0,300.0,300.0,703.0
703.0,302.0,302.0,301.0,301.0,274.0
274.0,301.0,301.0,301.0,301.0,327.0
327.0,301.0,301.0,301.0,301.0,254.0
254.0,301.0,301.0,301.0,301.0,274.0
274.0,301.0,301.0,301.0,301.0,271.0
271.0,301.0,301.0,301.0,302.0,274.0
274.0,301.0,301.0,301.0,301.0,270.0
270.0,301.0,301.0,301.0,301.0,262.0
262.0,301.0,301.0,301.0,299.0,271.0
271.0,301.0,301.0,301.0,301.0,277.0
277.0,301.0,301.0,301.0,301.0,276.0
276.0,301.0,301.0,301.0,301.0,275.0
275.0,301.0,301.0,301.0,301.0,259.0
259.0,301.0,301.0,301.0,301.0,275.0
275.0,301.0,301.0,301.0,301.0,271.0
271.0,300.0,300.0,300.0,300.0,271.0
271.0,300.0,300.0,300.0,300.0,263.0
263.0,300.0,300.0,300.0,300.0,281.0
281.0,300.0,300.0,300.0,300.0,463.0
463.0,301.0,301.0,301.0,301.0,272.0
272.0,301.0,301.0,301.0,301.0,276.0
276.0,301.0,301.0,301.0,301.0,265.0
265.0,301.0,301.0,301.0,301.0,279.0
279.0,301.0,301.0,301.0,301.0,257.0
257.0,300.0,300.0,301.0,301.0,548.0
548.0,302.0,302.0,301.0,301.0,269.0
269.0,301.0,301.0,301.0,301.0,270.0
270.0,301.0,301.0,301.0,301.0,272.0
272.0,301.0,301.0,301.0,301.0,270.0
270.0,301.0,301.0,301.0,301.0,269.0
269.0,301.0,301.0,301.0,301.0,269.0
269.0,301.0,301.0,301.0,301.0,271.0
271.0,301.0,301.0,301.0,301.0,249.0
249.0,301.0,301.0,301.0,301.0,272.0
272.0,301.0,301.0,301.0,301.0,271.0
271.0,301.0,301.0,301.0,301.0,272.0
272.0,301.0,301.0,301.0,301.0,272.0
272.0,301.0,301.0,301.0,301.0,251.0
251.0,301.0,301.0,301.0,301.0,293.0
293.0,301.0,301.0,301.0,301.0,268.0
268.0,301.0,301.0,301.0,301.0,258.0
258.0,301.0,301.0,301.0,301.0,271.0
271.0,301.0,301.0,301.0,301.0,273.0
273.0,301.0,301.0,301.0,302.0,270.0
270.0,301.0,301.0,301.0,301.0,276.0
276.0,301.0,301.0,301.0,300.0,277.0
277.0,301.0,301.0,301.0,301.0,269.0
269.0,301.0,301.0,301.0,301.0,271.0
271.0,301.0,301.0,301.0,301.0,251.0
251.0,300.0,300.0,301.0,300.0,269.0
269.0,300.0,300.0,301.0,301.0,275.0
275.0,301.0,301.0,301.0,301.0,274.0
274.0,301.0,301.0,301.0,300.0,273.0
273.0,301.0,301.0,301.0,301.0,272.0
272.0,301.0,301.0,301.0,301.0,296.0
296.0,301.0,301.0,301.0,301.0,273.0
273.0,301.0,301.0,301.0,301.0,278.0
278.0,300.0,300.0,301.0,300.0,232.0
232.0,300.0,300.0,301.0,300.0,266.0
266.0,300.0,300.0,301.0,301.0,181.0
181.0,300.0,300.0,300.0,301.0,271.0
271.0,300.0,300.0,300.0,300.0,272.0
272.0,300.0,300.0,300.0,300.0,269.0
269.0,300.0,300.0,300.0,300.0,275.0
275.0,300.0,300.0,300.0,300.0,274.0
274.0,300.0,300.0,300.0,300.0,271.0
271.0,300.0,300.0,300.0,300.0,279.0
279.0,300.0,300.0,300.0,300.0,278.0
278.0,300.0,300.0,300.0,300.0,270.0
270.0,300.0,300.0,300.0,300.0,269.0
269.0,300.0,300.0,300.0,300.0,272.0
272.0,300.0,300.0,300.0,300.0,275.0
275.0,300.0,300.0,300.0,300.0,273.0
273.0,300.0,300.0,300.0,302.0,336.0
336.0,301.0,301.0,301.0,301.0,257.0
257.0,300.0,300.0,301.0,301.0,271.0
271.0,300.0,300.0,301.0,301.0,279.0
279.0,300.0,300.0,301.0,301.0,267.0
267.0,300.0,300.0,300.0,289.0,272.0
272.0,300.0,300.0,300.0,289.0,270.0
270.0,299.0,299.0,299.0,299.0,275.0
275.0,299.0,299.0,299.0,299.0,375.0
375.0,300.0,300.0,300.0,300.0,273.0
273.0,300.0,300.0,300.0,300.0,270.0
270.0,299.0,299.0,299.0,299.0,270.0
270.0,299.0,299.0,299.0,299.0,273.0
273.0,299.0,299.0,299.0,299.0,278.0
278.0,299.0,299.0,299.0,299.0,262.0
262.0,299.0,299.0,299.0,299.0,325.0
325.0,299.0,299.0,299.0,299.0,269.0
269.0,299.0,299.0,299.0,299.0,271.0
271.0,299.0,299.0,299.0,299.0,267.0
267.0,299.0,299.0,299.0,299.0,271.0
271.0,299.0,299.0,299.0,299.0,271.0
271.0,299.0,299.0,299.0,299.0,438.0
438.0,300.0,300.0,299.0,299.0,270.0
270.0,299.0,299.0,299.0,299.0,275.0
275.0,299.0,299.0,299.0,306.0,273.0
273.0,299.0,299.0,299.0,299.0,272.0
272.0,299.0,299.0,299.0,299.0,270.0
270.0,299.0,299.0,299.0,289.0,267.0
267.0,299.0,299.0,299.0,299.0,258.0
258.0,299.0,299.0,299.0,299.0,270.0
270.0,299.0,299.0,299.0,299.0,273.0
273.0,299.0,299.0,299.0,299.0,270.0
270.0,299.0,299.0,299.0,299.0,277.0
277.0,299.0,299.0,299.0,299.0,188.0
188.0,298.0,298.0,299.0,299.0,269.0
269.0,299.0,299.0,299.0,299.0,273.0
273.0,299.0,299.0,299.0,299.0,272.0
272.0,299.0,299.0,299.0,299.0,223.0
223.0,298.0,298.0,299.0,299.0,270.0
270.0,299.0,299.0,299.0,299.0,277.0
277.0,299.0,299.0,299.0,299.0,270.0
270.0,299.0,299.0,299.0,299.0,909.0
909.0,302.0,302.0,300.0,300.0,271.0
271.0,300.0,300.0,300.0,300.0,278.0
278.0,300.0,300.0,300.0,301.0,273.0
273.0,300.0,300.0,300.0,300.0,277.0
277.0,300.0,300.0,300.0,300.0,273.0
273.0,300.0,300.0,300.0,300.0,269.0
269.0,300.0,300.0,300.0,300.0,273.0
273.0,300.0,300.0,300.0,300.0,148.0
148.0,299.0,299.0,300.0,300.0,272.0
272.0,300.0,300.0,300.0,300.0,276.0
276.0,300.0,300.0,300.0,300.0,264.0
264.0,300.0,300.0,300.0,300.0,199.0
199.0,299.0,299.0,299.0,300.0,270.0
270.0,299.0,299.0,299.0,299.0,272.0
272.0,299.0,299.0,299.0,299.0,270.0
270.0,299.0,299.0,299.0,299.0,255.0
255.0,299.0,299.0,299.0,299.0,6963.0
6963.0,295.0,295.0,313.0,313.0,270.0
270.0,313.0,313.0,313.0,313.0,196.0
196.0,313.0,313.0,313.0,313.0,275.0
275.0,313.0,313.0,313.0,313.0,269.0
269.0,313.0,313.0,313.0,313.0,263.0
263.0,313.0,313.0,313.0,313.0,272.0
272.0,313.0,313.0,313.0,312.0,273.0
273.0,313.0,313.0,313.0,311.0,276.0
276.0,313.0,313.0,313.0,304.0,273.0
273.0,313.0,313.0,313.0,312.0,276.0
276.0,313.0,313.0,313.0,312.0,79.0
79.0,313.0,313.0,312.0,311.0,271.0
271.0,312.0,312.0,312.0,312.0,272.0
272.0,312.0,312.0,312.0,313.0,288.0
288.0,312.0,312.0,312.0,313.0,271.0
271.0,312.0,312.0,312.0,312.0,390.0
390.0,312.0,312.0,312.0,312.0,272.0
272.0,313.0,313.0,312.0,312.0,270.0
270.0,313.0,313.0,312.0,312.0,270.0
270.0,313.0,313.0,312.0,312.0,263.0
263.0,313.0,313.0,312.0,312.0,272.0
272.0,313.0,313.0,312.0,312.0,270.0
270.0,313.0,313.0,312.0,312.0,271.0
271.0,312.0,312.0,312.0,307.0,271.0
271.0,312.0,312.0,312.0,312.0,764.0
764.0,311.0,311.0,313.0,313.0,270.0
270.0,313.0,313.0,313.0,313.0,273.0
273.0,313.0,313.0,313.0,313.0,270.0
270.0,313.0,313.0,313.0,313.0,270.0
270.0,313.0,313.0,313.0,313.0,272.0
272.0,313.0,313.0,313.0,313.0,280.0
280.0,313.0,313.0,313.0,313.0,273.0
273.0,313.0,313.0,313.0,313.0,272.0
272.0,313.0,313.0,313.0,313.0,273.0
273.0,313.0,313.0,313.0,313.0,279.0
279.0,313.0,313.0,313.0,313.0,271.0
271.0,313.0,313.0,313.0,313.0,269.0
269.0,313.0,313.0,313.0,313.0,271.0
271.0,313.0,313.0,313.0,313.0,269.0
269.0,313.0,313.0,313.0,313.0,273.0
273.0,313.0,313.0,313.0,313.0,279.0
279.0,313.0,313.0,313.0,313.0,275.0
275.0,313.0,313.0,313.0,313.0,273.0
273.0,313.0,313.0,313.0,313.0,271.0
271.0,313.0,313.0,313.0,297.0,270.0
270.0,313.0,313.0,313.0,313.0,271.0
271.0,313.0,313.0,313.0,313.0,506.0
506.0,312.0,312.0,313.0,313.0,271.0
271.0,314.0,314.0,313.0,315.0,467.0
467.0,313.0,313.0,314.0,314.0,270.0
270.0,314.0,314.0,314.0,314.0,271.0
271.0,314.0,314.0,314.0,314.0,278.0
278.0,314.0,314.0,314.0,314.0,269.0
269.0,314.0,314.0,314.0,314.0,286.0
286.0,314.0,314.0,314.0,314.0,432.0
432.0,314.0,314.0,314.0,314.0,270.0
270.0,314.0,314.0,314.0,313.0,274.0
274.0,314.0,314.0,314.0,314.0,280.0
280.0,314.0,314.0,314.0,326.0,281.0
281.0,314.0,314.0,314.0,327.0,269.0
269.0,314.0,314.0,313.0,312.0,270.0
270.0,314.0,314.0,313.0,314.0,9332.0
9332.0,249.0,248.0,332.0,332.0,266.0
266.0,332.0,332.0,332.0,331.0,271.0
271.0,332.0,332.0,332.0,413.0,275.0
275.0,332.0,332.0,332.0,332.0,264.0
264.0,332.0,332.0,332.0,331.0,269.0
269.0,330.0,330.0,330.0,330.0,270.0
270.0,330.0,330.0,329.0,329.0,272.0
272.0,330.0,330.0,329.0,326.0,271.0
271.0,330.0,330.0,329.0,327.0,272.0
272.0,330.0,330.0,329.0,329.0,253.0
253.0,330.0,330.0,329.0,329.0,278.0
278.0,329.0,330.0,329.0,329.0,269.0
269.0,330.0,330.0,329.0,329.0,273.0
273.0,328.0,328.0,328.0,328.0,271.0
271.0,328.0,328.0,328.0,328.0,269.0
269.0,328.0,328.0,328.0,328.0,273.0
273.0,328.0,328.0,328.0,328.0,271.0
271.0,328.0,328.0,328.0,328.0,272.0
272.0,328.0,328.0,328.0,327.0,265.0
265.0,328.0,328.0,328.0,328.0,266.0
266.0,328.0,328.0,328.0,328.0,264.0
264.0,328.0,328.0,328.0,328.0,232.0
232.0,329.0,329.0,328.0,328.0,270.0
270.0,328.0,328.0,328.0,328.0,255.0
255.0,328.0,328.0,328.0,328.0,274.0
274.0,328.0,328.0,328.0,353.0,100.0
100.0,329.0,329.0,327.0,353.0,269.0
269.0,328.0,328.0,327.0,353.0,254.0
254.0,328.0,328.0,327.0,353.0,247.0
247.0,328.0,328.0,327.0,327.0,262.0
262.0,328.0,328.0,327.0,327.0,249.0
249.0,328.0,328.0,327.0,350.0,985.0
985.0,323.0,323.0,329.0,329.0,269.0
269.0,327.0,327.0,327.0,327.0,270.0
270.0,327.0,327.0,327.0,327.0,270.0
270.0,327.0,327.0,327.0,327.0,91.0
91.0,329.0,329.0,327.0,326.0,278.0
278.0,327.0,327.0,327.0,326.0,173.0
173.0,328.0,328.0,326.0,327.0,151.0
151.0,328.0,328.0,326.0,326.0,273.0
273.0,327.0,327.0,326.0,326.0,495.0
495.0,325.0,325.0,327.0,326.0,272.0
272.0,327.0,327.0,327.0,327.0,486.0
486.0,326.0,326.0,327.0,327.0,270.0
270.0,328.0,328.0,327.0,327.0,260.0
260.0,328.0,328.0,327.0,327.0,254.0
254.0,328.0,328.0,327.0,328.0,274.0
274.0,327.0,327.0,327.0,327.0,258.0
258.0,328.0,328.0,327.0,327.0,108.0
108.0,328.0,328.0,327.0,326.0,272.0
272.0,327.0,327.0,327.0,327.0,269.0
269.0,327.0,327.0,327.0,326.0,173.0
173.0,328.0,328.0,326.0,327.0,272.0
272.0,327.0,327.0,326.0,326.0,270.0
270.0,327.0,327.0,327.0,326.0,263.0
263.0,327.0,327.0,327.0,326.0,273.0
273.0,327.0,327.0,327.0,326.0,269.0
269.0,327.0,327.0,327.0,326.0,255.0
255.0,327.0,327.0,326.0,327.0,270.0
270.0,327.0,327.0,326.0,327.0,253.0
253.0,327.0,327.0,326.0,261.0,277.0
277.0,327.0,327.0,326.0,271.0,272.0
272.0,327.0,327.0,326.0,327.0,274.0
274.0,327.0,327.0,326.0,279.0,268.0
268.0,327.0,327.0,326.0,276.0,263.0
263.0,327.0,327.0,326.0,266.0,272.0
272.0,327.0,327.0,326.0,266.0,260.0
260.0,327.0,327.0,326.0,295.0,271.0
271.0,327.0,327.0,328.0,271.0,269.0
269.0,327.0,327.0,327.0,269.0,275.0
275.0,313.0,313.0,313.0,263.0,270.0
270.0,313.0,313.0,313.0,249.0,271.0
271.0,313.0,313.0,313.0,270.0,259.0
259.0,314.0,314.0,313.0,243.0,276.0
276.0,313.0,313.0,313.0,249.0,264.0
264.0,313.0,314.0,313.0,313.0,275.0
275.0,313.0,313.0,313.0,264.0,270.0
270.0,313.0,313.0,313.0,268.0,273.0
273.0,313.0,313.0,313.0,252.0,274.0
274.0,314.0,314.0,313.0,253.0,258.0
258.0,314.0,314.0,313.0,245.0,255.0
255.0,314.0,314.0,313.0,243.0,221.0
221.0,314.0,314.0,313.0,222.0,273.0
273.0,313.0,313.0,313.0,203.0,269.0
269.0,313.0,313.0,313.0,247.0,233.0
233.0,314.0,314.0,313.0,511.0,271.0
271.0,313.0,313.0,313.0,239.0,274.0
274.0,313.0,313.0,313.0,246.0,253.0
253.0,313.0,313.0,313.0,241.0,273.0
273.0,313.0,313.0,313.0,269.0,269.0
269.0,313.0,313.0,313.0,221.0,269.0
269.0,313.0,313.0,313.0,497.0,271.0
271.0,313.0,313.0,313.0,220.0,271.0
271.0,313.0,313.0,313.0,485.0,263.0
263.0,313.0,313.0,313.0,253.0,271.0
271.0,313.0,313.0,313.0,313.0,241.0
241.0,314.0,314.0,313.0,455.0,144.0
144.0,314.0,314.0,313.0,312.0,253.0
253.0,313.0,313.0,313.0,463.0,271.0
271.0,313.0,313.0,313.0,465.0,265.0
265.0,313.0,313.0,313.0,453.0,272.0
272.0,313.0,313.0,313.0,452.0,272.0
272.0,313.0,313.0,313.0,251.0,277.0
277.0,313.0,313.0,313.0,313.0,273.0
273.0,313.0,313.0,313.0,258.0,270.0
270.0,313.0,313.0,313.0,258.0,274.0
274.0,313.0,313.0,313.0,264.0,255.0
255.0,313.0,313.0,313.0,245.0,274.0
274.0,313.0,313.0,313.0,264.0,271.0
271.0,313.0,313.0,313.0,260.0,258.0
258.0,313.0,313.0,313.0,247.0,273.0
273.0,313.0,313.0,313.0,260.0,271.0
271.0,313.0,313.0,313.0,259.0,275.0
275.0,313.0,313.0,313.0,263.0,255.0
255.0,313.0,313.0,313.0,246.0,265.0
265.0,313.0,313.0,313.0,253.0,269.0
269.0,313.0,313.0,313.0,261.0,279.0
279.0,313.0,313.0,313.0,266.0,275.0
275.0,313.0,313.0,313.0,264.0,183.0
183.0,313.0,313.0,313.0,190.0,253.0
253.0,313.0,313.0,313.0,232.0,263.0
263.0,313.0,313.0,313.0,248.0,268.0
268.0,313.0,313.0,313.0,261.0,9481.0
9481.0,248.0,247.0,331.0,351.0,274.0
274.0,331.0,331.0,331.0,331.0,279.0
279.0,331.0,331.0,331.0,289.0,271.0
271.0,332.0,332.0,331.0,256.0,244.0
244.0,332.0,332.0,331.0,331.0,248.0
248.0,332.0,332.0,331.0,233.0,275.0
275.0,331.0,331.0,331.0,331.0,347.0
347.0,331.0,331.0,331.0,331.0,259.0
259.0,332.0,332.0,331.0,346.0,250.0
250.0,332.0,332.0,331.0,331.0,268.0
268.0,332.0,332.0,331.0,331.0,256.0
256.0,332.0,332.0,331.0,331.0,252.0
252.0,332.0,332.0,331.0,242.0,278.0
278.0,331.0,331.0,331.0,332.0,260.0
260.0,331.0,331.0,331.0,331.0,255.0
255.0,331.0,331.0,331.0,331.0,205.0
205.0,332.0,332.0,331.0,331.0,256.0
256.0,331.0,331.0,331.0,331.0,241.0
241.0,331.0,331.0,331.0,306.0,265.0
265.0,331.0,331.0,331.0,331.0,275.0
275.0,331.0,331.0,330.0,261.0,276.0
276.0,331.0,331.0,330.0,331.0,213.0
213.0,331.0,331.0,330.0,330.0,275.0
275.0,331.0,331.0,330.0,261.0,276.0
276.0,331.0,331.0,330.0,330.0,257.0
257.0,331.0,331.0,330.0,330.0,112.0
112.0,332.0,332.0,330.0,324.0,271.0
271.0,330.0,330.0,330.0,324.0,270.0
270.0,330.0,330.0,330.0,330.0,3796.0
3796.0,307.0,307.0,337.0,331.0,260.0
260.0,338.0,338.0,337.0,338.0,269.0
269.0,337.0,337.0,337.0,337.0,244.0
244.0,337.0,337.0,337.0,336.0,217.0
217.0,338.0,338.0,336.0,336.0,269.0
269.0,337.0,337.0,336.0,336.0,274.0
274.0,337.0,337.0,336.0,336.0,259.0
259.0,337.0,337.0,336.0,336.0,390.0
390.0,336.0,336.0,337.0,337.0,276.0
276.0,337.0,337.0,337.0,337.0,1256.0
1256.0,330.0,330.0,339.0,339.0,258.0
258.0,339.0,339.0,339.0,339.0,264.0
264.0,339.0,339.0,339.0,339.0,272.0
272.0,339.0,339.0,339.0,351.0,274.0
274.0,339.0,339.0,339.0,339.0,260.0
260.0,339.0,339.0,339.0,349.0,275.0
275.0,339.0,339.0,339.0,339.0,282.0
282.0,339.0,339.0,339.0,339.0,278.0
278.0,339.0,339.0,339.0,339.0,275.0
275.0,339.0,339.0,339.0,339.0,172.0
172.0,340.0,340.0,338.0,333.0,279.0
279.0,339.0,339.0,338.0,339.0,1258.0
1258.0,331.0,331.0,340.0,340.0,282.0
282.0,341.0,341.0,340.0,340.0,174.0
174.0,342.0,342.0,340.0,162.0,167.0
167.0,341.0,341.0,340.0,339.0,293.0
293.0,340.0,340.0,340.0,340.0,262.0
262.0,340.0,341.0,340.0,340.0,272.0
272.0,340.0,340.0,340.0,340.0,257.0
257.0,340.0,341.0,340.0,339.0,269.0
269.0,340.0,340.0,340.0,339.0,276.0
276.0,340.0,340.0,340.0,339.0,280.0
280.0,340.0,340.0,340.0,340.0,1102.0
1102.0,333.0,333.0,341.0,359.0,283.0
283.0,342.0,342.0,341.0,341.0,277.0
277.0,342.0,342.0,341.0,341.0,271.0
271.0,342.0,342.0,341.0,341.0,271.0
271.0,342.0,342.0,341.0,341.0,271.0
271.0,342.0,342.0,341.0,341.0,277.0
277.0,342.0,342.0,341.0,342.0,270.0
270.0,342.0,342.0,341.0,341.0,272.0
272.0,342.0,342.0,341.0,341.0,245.0
245.0,342.0,342.0,341.0,342.0,271.0
271.0,342.0,342.0,341.0,341.0,271.0
271.0,342.0,342.0,341.0,342.0,1231.0
1231.0,334.0,333.0,343.0,343.0,253.0
253.0,344.0,344.0,343.0,343.0,271.0
271.0,344.0,344.0,343.0,343.0,257.0
257.0,344.0,344.0,343.0,343.0,266.0
266.0,344.0,344.0,343.0,344.0,272.0
272.0,344.0,344.0,343.0,343.0,278.0
278.0,344.0,344.0,343.0,343.0,253.0
253.0,344.0,344.0,343.0,343.0,269.0
269.0,344.0,344.0,343.0,343.0,268.0
268.0,344.0,344.0,343.0,343.0,271.0
271.0,343.0,343.0,343.0,343.0,279.0
279.0,343.0,343.0,343.0,343.0,876.0
876.0,338.0,338.0,344.0,344.0,182.0
182.0,346.0,346.0,344.0,344.0,245.0
245.0,345.0,345.0,344.0,344.0,253.0
253.0,345.0,345.0,344.0,343.0,266.0
266.0,344.0,344.0,344.0,344.0,221.0
221.0,345.0,345.0,343.0,343.0,285.0
285.0,344.0,344.0,343.0,343.0,274.0
274.0,344.0,344.0,343.0,344.0,271.0
271.0,344.0,344.0,343.0,344.0,238.0
238.0,345.0,345.0,343.0,343.0,273.0
273.0,344.0,344.0,343.0,345.0,1246.0
1246.0,335.0,335.0,345.0,346.0,259.0
259.0,346.0,346.0,345.0,345.0,281.0
281.0,346.0,346.0,345.0,344.0,261.0
261.0,346.0,346.0,345.0,345.0,272.0
272.0,346.0,346.0,345.0,345.0,241.0
241.0,346.0,346.0,345.0,345.0,270.0
270.0,346.0,346.0,345.0,345.0,264.0
264.0,346.0,346.0,345.0,345.0,267.0
267.0,346.0,346.0,345.0,345.0,271.0
271.0,346.0,346.0,345.0,345.0,1017.0
1017.0,338.0,338.0,347.0,346.0,271.0
271.0,347.0,347.0,347.0,347.0,271.0
271.0,347.0,347.0,346.0,349.0,270.0
270.0,347.0,347.0,346.0,347.0,258.0
258.0,347.0,347.0,346.0,346.0,260.0
260.0,347.0,347.0,346.0,346.0,272.0
272.0,347.0,347.0,346.0,346.0,274.0
274.0,347.0,347.0,346.0,346.0,270.0
270.0,347.0,347.0,346.0,346.0,272.0
272.0,347.0,347.0,346.0,346.0,1056.0
1056.0,339.0,339.0,348.0,348.0,275.0
275.0,349.0,349.0,348.0,348.0,271.0
271.0,349.0,349.0,348.0,349.0,276.0
276.0,349.0,349.0,348.0,348.0,271.0
271.0,349.0,349.0,348.0,348.0,205.0
205.0,349.0,350.0,348.0,348.0,247.0
247.0,349.0,349.0,348.0,349.0,249.0
249.0,349.0,349.0,348.0,325.0,273.0
273.0,348.0,349.0,348.0,366.0,232.0
232.0,349.0,349.0,347.0,347.0,1003.0
1003.0,340.0,340.0,349.0,349.0,271.0
271.0,350.0,350.0,349.0,349.0,256.0
256.0,350.0,350.0,349.0,349.0,278.0
278.0,350.0,350.0,349.0,349.0,274.0
274.0,350.0,350.0,349.0,349.0,262.0
262.0,350.0,350.0,349.0,349.0,252.0
252.0,350.0,350.0,349.0,349.0,278.0
278.0,349.0,349.0,348.0,348.0,242.0
242.0,348.0,348.0,347.0,347.0,920.0
920.0,340.0,340.0,348.0,348.0,287.0
287.0,349.0,349.0,348.0,348.0,257.0
257.0,349.0,350.0,348.0,348.0,147.0
147.0,351.0,351.0,348.0,348.0,275.0
275.0,349.0,349.0,348.0,349.0,271.0
271.0,349.0,349.0,348.0,348.0,251.0
251.0,349.0,349.0,348.0,348.0,262.0
262.0,349.0,349.0,348.0,348.0,273.0
273.0,349.0,349.0,348.0,348.0,829.0
829.0,342.0,342.0,349.0,349.0,275.0
275.0,350.0,350.0,349.0,349.0,271.0
271.0,350.0,350.0,349.0,349.0,271.0
271.0,350.0,350.0,349.0,349.0,272.0
272.0,350.0,350.0,349.0,349.0,217.0
217.0,351.0,351.0,349.0,349.0,278.0
278.0,350.0,350.0,349.0,349.0,275.0
275.0,350.0,350.0,349.0,349.0,242.0
242.0,350.0,350.0,349.0,348.0,272.0
272.0,350.0,350.0,349.0,349.0,1094.0
1094.0,340.0,340.0,351.0,350.0,272.0
272.0,351.0,351.0,350.0,350.0,229.0
229.0,351.0,351.0,350.0,349.0,258.0
258.0,351.0,351.0,350.0,349.0,259.0
259.0,351.0,351.0,350.0,350.0,271.0
271.0,351.0,351.0,350.0,349.0,262.0
262.0,351.0,351.0,349.0,341.0,274.0
274.0,351.0,351.0,349.0,350.0,272.0
272.0,351.0,351.0,349.0,349.0,1023.0
1023.0,341.0,341.0,351.0,351.0,273.0
273.0,352.0,352.0,351.0,351.0,269.0
269.0,352.0,352.0,351.0,351.0,266.0
266.0,352.0,352.0,351.0,351.0,247.0
247.0,352.0,352.0,351.0,351.0,270.0
270.0,352.0,352.0,351.0,351.0,272.0
272.0,352.0,352.0,351.0,351.0,269.0
269.0,352.0,352.0,351.0,350.0,269.0
269.0,352.0,352.0,351.0,351.0,1075.0
1075.0,341.0,341.0,352.0,348.0,181.0
181.0,355.0,355.0,352.0,352.0,270.0
270.0,353.0,353.0,352.0,341.0,269.0
269.0,353.0,353.0,352.0,346.0,248.0
248.0,353.0,353.0,352.0,351.0,269.0
269.0,353.0,353.0,352.0,352.0,266.0
266.0,353.0,353.0,352.0,352.0,273.0
273.0,353.0,353.0,352.0,352.0,271.0
271.0,353.0,353.0,352.0,352.0,269.0
269.0,353.0,353.0,351.0,352.0,1080.0
1080.0,341.0,341.0,352.0,352.0,263.0
263.0,354.0,354.0,352.0,352.0,252.0
252.0,354.0,354.0,352.0,345.0,288.0
288.0,353.0,353.0,352.0,352.0,267.0
267.0,353.0,353.0,352.0,352.0,268.0
268.0,353.0,353.0,352.0,352.0,257.0
257.0,354.0,354.0,352.0,351.0,271.0
271.0,353.0,353.0,352.0,352.0,268.0
268.0,353.0,353.0,352.0,354.0,784.0
784.0,346.0,346.0,353.0,354.0,267.0
267.0,354.0,354.0,353.0,353.0,268.0
268.0,354.0,354.0,353.0,353.0,261.0
261.0,355.0,355.0,353.0,346.0,269.0
269.0,354.0,354.0,353.0,353.0,267.0
267.0,354.0,354.0,353.0,353.0,267.0
267.0,354.0,354.0,353.0,355.0,294.0
294.0,354.0,354.0,353.0,353.0,270.0
270.0,354.0,354.0,353.0,353.0,241.0
241.0,355.0,355.0,353.0,353.0,670.0
670.0,348.0,348.0,353.0,353.0,256.0
256.0,355.0,355.0,353.0,353.0,222.0
222.0,355.0,355.0,353.0,353.0,229.0
229.0,355.0,355.0,353.0,332.0,268.0
268.0,355.0,355.0,353.0,353.0,271.0
271.0,355.0,355.0,353.0,353.0,273.0
273.0,354.0,354.0,353.0,353.0,270.0
270.0,354.0,354.0,353.0,353.0,145.0
145.0,356.0,356.0,352.0,353.0,268.0
268.0,354.0,354.0,352.0,353.0,273.0
273.0,354.0,354.0,352.0,352.0,267.0
267.0,354.0,354.0,352.0,352.0,267.0
267.0,354.0,354.0,352.0,352.0,266.0
266.0,354.0,354.0,352.0,352.0,267.0
267.0,354.0,354.0,352.0,353.0,299.0
299.0,353.0,353.0,353.0,352.0,269.0
269.0,354.0,354.0,352.0,352.0,293.0
293.0,353.0,354.0,353.0,352.0,172.0
172.0,355.0,355.0,352.0,352.0,1102.0
1102.0,342.0,342.0,354.0,355.0,265.0
265.0,355.0,355.0,354.0,341.0,268.0
268.0,355.0,355.0,354.0,341.0,268.0
268.0,355.0,355.0,354.0,354.0,1118.0
1118.0,343.0,343.0,356.0,342.0,273.0
273.0,357.0,357.0,356.0,342.0,267.0
267.0,357.0,357.0,356.0,356.0,260.0
260.0,357.0,357.0,356.0,355.0,267.0
267.0,357.0,357.0,356.0,356.0,1230.0
1230.0,342.0,342.0,358.0,357.0,274.0
274.0,359.0,359.0,358.0,357.0,269.0
269.0,359.0,359.0,358.0,357.0,534.0
534.0,355.0,355.0,358.0,358.0,667.0
667.0,353.0,353.0,359.0,359.0,267.0
267.0,361.0,361.0,359.0,344.0,269.0
269.0,361.0,361.0,359.0,359.0,252.0
252.0,361.0,361.0,359.0,359.0,154.0
154.0,362.0,362.0,359.0,358.0,1051.0
1051.0,347.0,347.0,360.0,360.0,114.0
114.0,365.0,364.0,360.0,360.0,269.0
269.0,362.0,362.0,360.0,360.0,271.0
271.0,362.0,362.0,360.0,360.0,268.0
268.0,362.0,362.0,360.0,360.0,273.0
273.0,362.0,362.0,360.0,360.0,270.0
270.0,362.0,362.0,360.0,360.0,268.0
268.0,362.0,362.0,360.0,360.0,419.0
419.0,359.0,359.0,360.0,360.0,270.0
270.0,362.0,362.0,360.0,360.0,1053.0
1053.0,348.0,348.0,362.0,356.0,271.0
271.0,364.0,364.0,362.0,362.0,254.0
254.0,364.0,364.0,362.0,362.0,244.0
244.0,364.0,364.0,362.0,362.0,267.0
267.0,364.0,364.0,362.0,361.0,269.0
269.0,364.0,364.0,362.0,361.0,269.0
269.0,364.0,364.0,362.0,362.0,274.0
274.0,364.0,364.0,362.0,362.0,267.0
267.0,364.0,364.0,362.0,362.0,1153.0
1153.0,347.0,347.0,363.0,363.0,268.0
268.0,365.0,365.0,363.0,363.0,254.0
254.0,366.0,416.0,363.0,363.0,271.0
271.0,365.0,417.0,363.0,364.0,271.0
271.0,365.0,420.0,363.0,365.0,269.0
269.0,365.0,422.0,363.0,363.0,254.0
254.0,366.0,425.0,363.0,363.0,269.0
269.0,365.0,365.0,363.0,363.0,267.0
267.0,365.0,365.0,363.0,362.0,260.0
260.0,365.0,365.0,363.0,363.0,889.0
889.0,354.0,417.0,364.0,364.0,267.0
267.0,366.0,422.0,364.0,365.0,260.0
260.0,366.0,422.0,364.0,345.0,267.0
267.0,366.0,425.0,364.0,364.0,262.0
262.0,366.0,429.0,364.0,364.0,284.0
284.0,366.0,429.0,364.0,363.0,297.0
297.0,366.0,431.0,364.0,344.0,275.0
275.0,366.0,433.0,364.0,364.0,267.0
267.0,366.0,435.0,364.0,364.0,270.0
270.0,366.0,437.0,364.0,364.0,267.0
267.0,366.0,425.0,364.0,364.0,1255.0
1255.0,347.0,414.0,366.0,366.0,272.0
272.0,368.0,416.0,366.0,366.0,256.0
256.0,368.0,419.0,366.0,366.0,268.0
268.0,368.0,421.0,366.0,366.0,261.0
261.0,368.0,423.0,366.0,366.0,268.0
268.0,368.0,426.0,366.0,366.0,265.0
265.0,368.0,428.0,366.0,366.0,215.0
215.0,369.0,432.0,366.0,366.0,276.0
276.0,368.0,433.0,366.0,365.0,267.0
267.0,368.0,435.0,366.0,338.0,269.0
269.0,368.0,438.0,366.0,366.0,267.0
267.0,368.0,439.0,366.0,365.0,270.0
270.0,368.0,441.0,366.0,336.0,272.0
272.0,368.0,443.0,366.0,335.0,258.0
258.0,368.0,446.0,366.0,366.0,271.0
271.0,368.0,447.0,366.0,339.0,1294.0
1294.0,348.0,422.0,368.0,368.0,269.0
269.0,370.0,424.0,368.0,368.0,266.0
266.0,370.0,441.0,368.0,368.0,288.0
288.0,368.0,426.0,367.0,367.0,124.0
124.0,372.0,435.0,366.0,367.0,168.0
168.0,370.0,437.0,366.0,367.0,267.0
267.0,368.0,439.0,366.0,367.0,178.0
178.0,370.0,432.0,366.0,366.0,270.0
270.0,368.0,448.0,366.0,366.0,277.0
277.0,368.0,447.0,366.0,366.0,272.0
272.0,368.0,449.0,366.0,364.0,277.0
277.0,368.0,451.0,366.0,343.0,259.0
259.0,369.0,452.0,366.0,366.0,232.0
232.0,369.0,456.0,366.0,351.0,193.0
193.0,370.0,447.0,366.0,366.0,267.0
267.0,368.0,460.0,366.0,309.0,270.0
270.0,368.0,461.0,366.0,366.0,1238.0
1238.0,349.0,438.0,368.0,1395.0,269.0
269.0,370.0,403.0,349.0,368.0,267.0
267.0,370.0,442.0,370.0,368.0,195.0
195.0,358.0,358.0,355.0,354.0,259.0
259.0,356.0,357.0,355.0,354.0,273.0
273.0,356.0,356.0,355.0,355.0,205.0
205.0,358.0,358.0,355.0,355.0,270.0
270.0,356.0,356.0,355.0,354.0,270.0
270.0,356.0,356.0,355.0,355.0,277.0
277.0,356.0,356.0,355.0,354.0,268.0
268.0,356.0,356.0,355.0,355.0,271.0
271.0,356.0,356.0,355.0,360.0,253.0
253.0,357.0,357.0,355.0,355.0,267.0
267.0,356.0,356.0,354.0,354.0,268.0
268.0,357.0,357.0,355.0,355.0,270.0
270.0,357.0,357.0,355.0,355.0,269.0
269.0,357.0,357.0,355.0,355.0,112.0
112.0,359.0,360.0,355.0,355.0,267.0
267.0,356.0,356.0,354.0,355.0,259.0
259.0,356.0,356.0,354.0,354.0,117.0
117.0,359.0,359.0,354.0,352.0,1011.0
1011.0,342.0,342.0,355.0,355.0,270.0
270.0,357.0,357.0,355.0,355.0,270.0
270.0,357.0,357.0,355.0,356.0,268.0
268.0,357.0,357.0,355.0,355.0,269.0
269.0,357.0,357.0,355.0,356.0,267.0
267.0,357.0,357.0,355.0,354.0,175.0
175.0,359.0,359.0,355.0,354.0,269.0
269.0,356.0,356.0,354.0,354.0,268.0
268.0,356.0,356.0,354.0,354.0,179.0
179.0,358.0,358.0,354.0,356.0,268.0
268.0,356.0,356.0,354.0,354.0,272.0
272.0,356.0,356.0,354.0,354.0,269.0
269.0,356.0,356.0,354.0,354.0,268.0
268.0,356.0,356.0,354.0,356.0,262.0
262.0,356.0,356.0,354.0,354.0,268.0
268.0,356.0,356.0,354.0,354.0,270.0
270.0,356.0,356.0,354.0,354.0,1223.0
1223.0,338.0,337.0,356.0,356.0,268.0
268.0,358.0,358.0,356.0,356.0,272.0
272.0,358.0,358.0,356.0,356.0,271.0
271.0,358.0,358.0,356.0,356.0,274.0
274.0,358.0,358.0,356.0,356.0,269.0
269.0,358.0,358.0,356.0,356.0,268.0
268.0,358.0,358.0,356.0,356.0,270.0
270.0,358.0,358.0,356.0,356.0,270.0
270.0,358.0,358.0,356.0,356.0,269.0
269.0,358.0,358.0,356.0,356.0,267.0
267.0,358.0,358.0,356.0,356.0,264.0
264.0,358.0,358.0,356.0,260.0,271.0
271.0,357.0,357.0,355.0,355.0,271.0
271.0,357.0,357.0,355.0,355.0,265.0
265.0,357.0,357.0,355.0,355.0,271.0
271.0,357.0,357.0,355.0,294.0,276.0
276.0,357.0,357.0,355.0,355.0,1202.0
1202.0,339.0,339.0,357.0,1280.0,157.0
157.0,361.0,353.0,357.0,134.0,111.0
111.0,362.0,361.0,356.0,91.0,267.0
267.0,358.0,371.0,356.0,222.0,272.0
272.0,358.0,365.0,356.0,306.0,272.0
272.0,358.0,367.0,356.0,305.0,470.0
470.0,354.0,400.0,356.0,308.0,268.0
268.0,358.0,443.0,356.0,275.0,257.0
257.0,358.0,358.0,360.0,257.0,268.0
268.0,359.0,427.0,358.0,268.0,271.0
271.0,340.0,347.0,338.0,328.0,278.0
278.0,340.0,348.0,338.0,338.0,271.0
271.0,340.0,349.0,338.0,338.0,273.0
273.0,340.0,350.0,338.0,338.0,271.0
271.0,340.0,351.0,338.0,338.0,347.0
347.0,338.0,349.0,338.0,338.0,1253.0
1253.0,318.0,317.0,340.0,341.0,276.0
276.0,342.0,322.0,340.0,340.0,273.0
273.0,342.0,327.0,340.0,340.0,270.0
270.0,342.0,331.0,340.0,340.0,273.0
273.0,342.0,335.0,340.0,340.0,261.0
261.0,342.0,339.0,340.0,340.0,270.0
270.0,342.0,342.0,340.0,340.0,203.0
203.0,344.0,347.0,340.0,340.0,272.0
272.0,342.0,348.0,340.0,340.0,267.0
267.0,342.0,350.0,340.0,340.0,270.0
270.0,342.0,351.0,340.0,340.0,268.0
268.0,342.0,353.0,340.0,340.0,247.0
247.0,342.0,355.0,340.0,341.0,270.0
270.0,342.0,355.0,340.0,340.0,286.0
286.0,341.0,356.0,340.0,340.0,271.0
271.0,342.0,356.0,340.0,340.0,1229.0
1229.0,320.0,323.0,342.0,342.0,209.0
209.0,345.0,330.0,342.0,342.0,271.0
271.0,344.0,335.0,342.0,342.0,277.0
277.0,344.0,338.0,342.0,342.0,272.0
272.0,344.0,342.0,342.0,342.0,272.0
272.0,344.0,345.0,342.0,342.0,273.0
273.0,344.0,347.0,342.0,342.0,273.0
273.0,344.0,349.0,342.0,342.0,270.0
270.0,344.0,351.0,342.0,343.0,266.0
266.0,344.0,353.0,343.0,357.0,273.0
273.0,343.0,353.0,341.0,341.0,271.0
271.0,343.0,354.0,341.0,341.0,272.0
272.0,343.0,355.0,341.0,341.0,366.0
366.0,341.0,353.0,341.0,341.0,189.0
189.0,345.0,358.0,341.0,341.0,340.0
340.0,342.0,356.0,342.0,341.0,253.0
253.0,344.0,358.0,342.0,342.0,1242.0
1242.0,320.0,325.0,344.0,344.0,270.0
270.0,346.0,331.0,344.0,344.0,187.0
187.0,348.0,337.0,343.0,343.0,272.0
272.0,345.0,340.0,343.0,329.0,322.0
322.0,344.0,341.0,343.0,342.0,271.0
271.0,345.0,344.0,343.0,343.0,272.0
272.0,345.0,347.0,343.0,343.0,269.0
269.0,345.0,350.0,343.0,343.0,280.0
280.0,345.0,351.0,343.0,343.0,278.0
278.0,345.0,353.0,343.0,343.0,270.0
270.0,345.0,356.0,343.0,348.0,271.0
271.0,345.0,358.0,343.0,343.0,272.0
272.0,345.0,359.0,343.0,343.0,273.0
273.0,346.0,361.0,344.0,344.0,270.0
270.0,346.0,362.0,344.0,343.0,274.0
274.0,346.0,363.0,344.0,344.0,270.0
270.0,346.0,364.0,344.0,343.0,1229.0
1229.0,321.0,329.0,346.0,346.0,212.0
212.0,349.0,337.0,345.0,348.0,266.0
266.0,348.0,340.0,345.0,346.0,254.0
254.0,348.0,345.0,345.0,345.0,271.0
271.0,348.0,348.0,345.0,345.0,274.0
274.0,348.0,351.0,345.0,346.0,222.0
222.0,349.0,356.0,345.0,344.0,258.0
258.0,348.0,358.0,345.0,328.0,271.0
271.0,347.0,360.0,345.0,345.0,269.0
269.0,348.0,363.0,345.0,345.0,270.0
270.0,348.0,364.0,345.0,345.0,272.0
272.0,347.0,365.0,345.0,345.0,270.0
270.0,348.0,367.0,345.0,346.0,100.0
100.0,352.0,374.0,345.0,345.0,269.0
269.0,347.0,375.0,345.0,345.0,78.0
78.0,352.0,383.0,345.0,347.0,518.0
518.0,340.0,373.0,345.0,346.0,1207.0
1207.0,323.0,338.0,347.0,347.0,385.0
385.0,346.0,338.0,347.0,347.0,272.0
272.0,349.0,342.0,347.0,349.0,246.0
246.0,350.0,346.0,347.0,347.0,268.0
268.0,349.0,350.0,347.0,347.0,269.0
269.0,349.0,353.0,347.0,347.0,245.0
245.0,350.0,357.0,347.0,347.0,268.0
268.0,349.0,360.0,347.0,327.0,270.0
270.0,349.0,362.0,347.0,347.0,269.0
269.0,349.0,365.0,347.0,347.0,269.0
269.0,349.0,366.0,347.0,347.0,277.0
277.0,349.0,368.0,347.0,347.0,113.0
113.0,353.0,376.0,347.0,347.0,178.0
178.0,351.0,381.0,347.0,347.0,258.0
258.0,349.0,382.0,347.0,347.0,269.0
269.0,349.0,382.0,347.0,353.0,1247.0
1247.0,324.0,341.0,349.0,349.0,274.0
274.0,351.0,345.0,349.0,349.0,270.0
270.0,351.0,349.0,349.0,349.0,415.0
415.0,347.0,346.0,349.0,349.0,271.0
271.0,351.0,350.0,349.0,349.0,208.0
208.0,353.0,356.0,349.0,349.0,267.0
267.0,351.0,360.0,349.0,349.0,173.0
173.0,354.0,367.0,349.0,349.0,271.0
271.0,351.0,369.0,349.0,349.0,273.0
273.0,351.0,371.0,349.0,349.0,269.0
269.0,351.0,372.0,349.0,349.0,270.0
270.0,351.0,374.0,349.0,349.0,271.0
271.0,351.0,375.0,349.0,349.0,271.0
271.0,351.0,375.0,349.0,289.0,271.0
271.0,351.0,377.0,349.0,349.0,259.0
259.0,352.0,377.0,349.0,349.0,1115.0
1115.0,329.0,339.0,351.0,349.0,284.0
284.0,353.0,343.0,351.0,350.0,257.0
257.0,354.0,348.0,351.0,367.0,272.0
272.0,353.0,352.0,351.0,301.0,266.0
266.0,353.0,356.0,351.0,265.0,318.0
318.0,352.0,357.0,351.0,351.0,255.0
255.0,354.0,360.0,351.0,328.0,297.0
297.0,353.0,362.0,351.0,325.0,270.0
270.0,353.0,364.0,351.0,292.0,261.0
261.0,354.0,367.0,351.0,311.0,191.0
191.0,355.0,372.0,351.0,321.0,267.0
267.0,353.0,374.0,351.0,319.0,267.0
267.0,353.0,376.0,351.0,318.0,352.0
352.0,351.0,374.0,351.0,317.0,144.0
144.0,357.0,384.0,351.0,315.0,271.0
271.0,353.0,389.0,351.0,301.0,269.0
269.0,353.0,399.0,428.0,299.0,1203.0
1203.0,288.0,284.0,327.0,1110.0,409.0
409.0,330.0,279.0,279.0,335.0,270.0
